estimate std lowerCI upperCI
NA NA NA NA
NA NA NA NA
NA NA NA NA
NA NA NA NA
NA NA NA NA
NA NA NA NA
NA NA NA NA
NA NA NA NA
NA NA NA NA
NA NA NA NA
NA NA NA NA
NA NA NA NA
NA NA NA NA
NA NA NA NA
NA NA NA NA
NA NA NA NA
NA NA NA NA
NA NA NA NA
NA NA NA NA
NA NA NA NA
NA NA NA NA
NA NA NA NA
NA NA NA NA
NA NA NA NA
NA NA NA NA
NA NA NA NA
NA NA NA NA
NA NA NA NA
NA NA NA NA
NA NA NA NA
NA NA NA NA
NA NA NA NA
NA NA NA NA
NA NA NA NA
NA NA NA NA
NA NA NA NA
NA NA NA NA
NA NA NA NA
NA NA NA NA
NA NA NA NA
NA NA NA NA
NA NA NA NA
NA NA NA NA
NA NA NA NA
NA NA NA NA
NA NA NA NA
NA NA NA NA
NA NA NA NA
NA NA NA NA
NA NA NA NA
NA NA NA NA
NA NA NA NA
NA NA NA NA
NA NA NA NA
NA NA NA NA
NA NA NA NA
NA NA NA NA
NA NA NA NA
NA NA NA NA
NA NA NA NA
NA NA NA NA
NA NA NA NA
0.0624566681389373 0.0182387665263058 0.0267086857473779 0.0982046505304967
NA NA NA NA
NA NA NA NA
NA NA NA NA
NA NA NA NA
NA NA NA NA
NA NA NA NA
0.0951731845129076 0.0170167560499761 0.0618203426549545 0.128526026370861
NA NA NA NA
NA NA NA NA
NA NA NA NA
NA NA NA NA
NA NA NA NA
NA NA NA NA
NA NA NA NA
NA NA NA NA
NA NA NA NA
NA NA NA NA
NA NA NA NA
0.0601205146730935 0.0248071579752771 0.0114984850415505 0.108742544304637
NA NA NA NA
NA NA NA NA
NA NA NA NA
NA NA NA NA
NA NA NA NA
NA NA NA NA
NA NA NA NA
NA NA NA NA
NA NA NA NA
NA NA NA NA
NA NA NA NA
NA NA NA NA
NA NA NA NA
NA NA NA NA
NA NA NA NA
NA NA NA NA
NA NA NA NA
NA NA NA NA
NA NA NA NA
NA NA NA NA
NA NA NA NA
NA NA NA NA
NA NA NA NA
NA NA NA NA
NA NA NA NA
NA NA NA NA
NA NA NA NA
NA NA NA NA
NA NA NA NA
NA NA NA NA
NA NA NA NA
NA NA NA NA
NA NA NA NA
NA NA NA NA
NA NA NA NA
NA NA NA NA
NA NA NA NA
NA NA NA NA
NA NA NA NA
NA NA NA NA
NA NA NA NA
NA NA NA NA
NA NA NA NA
NA NA NA NA
NA NA NA NA
NA NA NA NA
NA NA NA NA
NA NA NA NA
0.0805459338487259 0.0232330198816336 0.0350092148807241 0.126082652816728
NA NA NA NA
NA NA NA NA
NA NA NA NA
NA NA NA NA
NA NA NA NA
NA NA NA NA
NA NA NA NA
NA NA NA NA
NA NA NA NA
0.0781898186597435 0.0165123159426484 0.0458256794121525 0.110553957907334
0.0853204591162474 0.0181135911602334 0.04981782044219 0.120823097790305
0.0815083628174196 0.016442770319953 0.0492805329903117 0.113736192644527
0.106610605179549 0.02064865668027 0.0661392380862194 0.147081972272878
0.0504728870809036 0.0148026187247843 0.0214597543803264 0.0794860197814809
0.0466100015221056 0.0194404202228588 0.00850677788530235 0.0847132251589089
0.0560779958895667 0.0132258686610345 0.0301552933139391 0.0820006984651943
0.0675360923036594 0.0167061008215749 0.0347921346933726 0.100280049913946
0.0681057997248524 0.0217649393031918 0.0254465186905964 0.110765080759108
0.0544778653149586 0.0187901033947043 0.0176492626613381 0.0913064679685792
0.0451961460876349 0.0158360910970759 0.0141574075373662 0.0762348846379036
0.0814697851871966 0.0167049925902944 0.0487279997102196 0.114211570664174
0.0632839015963954 0.0136614598794852 0.0365074402326045 0.0900603629601864
0.0792696564063233 0.0223297213359238 0.0355034025879126 0.123035910224734
0.082431133143559 0.0168047607306696 0.0494938021114465 0.115368464175671
0.0896703439223456 0.0187788343077021 0.0528638286792496 0.126476859165442
0.0831979744125146 0.0169906847331448 0.0498962323355508 0.116499716489478
0.0959852285137305 0.017554831862064 0.0615777580640851 0.130392698963376
0.0837206255928055 0.0178298701267106 0.0487740801444526 0.118667171041158
0.0763882267775223 0.0162787139374117 0.0444819474601954 0.108294506094849
0.0652698083660569 0.0166811470148566 0.032574760216938 0.0979648565151757
0.0518632822851607 0.0180090821073661 0.0165654813547231 0.0871610832155983
0.0578167789116499 0.0169218674317944 0.0246499187453329 0.0909836390779669
0.063264359276278 0.0157532983118844 0.0323878945849845 0.0941408239675714
0.0470906040209676 0.0145201753786918 0.0186310602787316 0.0755501477632035
0.087239031641632 0.0166684144780146 0.0545689392647233 0.119909124018541
0.0788761204055197 0.0180612097462619 0.0434761493028463 0.114276091508193
0.0706330598495136 0.0150572637362746 0.0411208229264154 0.100145296772612
0.0616895110481166 0.0135211829177023 0.0351879925294201 0.088191029566813
0.0800812944914985 0.0165355394069019 0.0476716372539708 0.112490951729026
0.0538551505646342 0.0229312776707695 0.00890984632992598 0.0988004547993424
0.0841914840049012 0.0222036106767405 0.0406724070784898 0.127710560931313
0.0546814413454043 0.0177517382184858 0.0198880344371721 0.0894748482536366
0.0693566421109106 0.0185675343835495 0.0329642747191537 0.105749009502668
0.0671554260788276 0.0163942320758718 0.0350227312101189 0.0992881209475364
0.105934674728025 0.0196162434306407 0.0674868376039694 0.144382511852081
0.0675410911614854 0.0161283580494059 0.0359295093846499 0.0991526729383209
0.0517583106073809 0.019304479725349 0.0139215303456968 0.089595090869065
0.0848336401286767 0.0157298744939839 0.0540030861204683 0.115664194136885
0.0867379261768875 0.0182582888307295 0.0509516800686577 0.122524172285117
0.0592286973758057 0.0156991756157698 0.0284583131688969 0.0899990815827144
0.0632490459074292 0.0159993132798005 0.0318903918790201 0.0946076999358382
0.089390719185536 0.0168726711322855 0.0563202837662564 0.122461154604816
0.0364782773893631 0.0167226820362192 0.00370182059837336 0.0692547341803528
0.0734255251757516 0.0141165004472954 0.0457571842990527 0.101093866052451
0.0548124204865715 0.023723997748538 0.00831338489943712 0.101311456073706
0.0651640233559494 0.015319122922773 0.0351385424273143 0.0951895042845845
0.0884069925732696 0.0172501862232386 0.0545966275757219 0.122217357570817
0.0540869416034456 0.014266644419264 0.0261243185416881 0.0820495646652031
0.070863512222758 0.0145150121500897 0.0424140884085822 0.0993129360369337
0.057410009647361 0.0163739570783513 0.0253170537737924 0.0895029655209295
0.0820928826029906 0.01940401206302 0.0440610189594714 0.12012474624651
0.0800757430386289 0.0197903780474625 0.0412866020656024 0.118864884011655
0.054501372136278 0.0424418092678259 -0.0286845740286607 0.137687318301217
0.0880943623701147 0.0229555301294002 0.0431015233164902 0.133087201423739
0.0626316333650532 0.0192838998613215 0.0248351896368631 0.100428077093243
0.0812315135225274 0.0176418954036039 0.0466533985314638 0.115809628513591
0.0481081598937367 0.015951067171357 0.0168440682378769 0.0793722515495964
0.101919858834281 0.0206494137657241 0.0614470078534618 0.1423927098151
0.0595287380920051 0.015398960335303 0.0293467758348111 0.089710700349199
0.095250126371877 0.0179720504968848 0.0600249073979828 0.130475345345771
0.0784346982341202 0.0223351194717967 0.0346578640693987 0.122211532398842
0.0942706206842867 0.0193704383298462 0.0563045615577881 0.132236679810785
0.067639144450642 0.0159384951524506 0.0363996939518389 0.0988785949494451
0.039199878856064 0.0209868418457576 -0.00193433116162094 0.0803340888737489
0.0715005361150406 0.0208254496772993 0.0306826547475339 0.112318417482547
0.0537104456206258 0.0142281221912424 0.0258233261257907 0.0815975651154609
0.0775556103712641 0.014971010903005 0.0482124290013742 0.106898791741154
0.0597662581955866 0.0186554795817808 0.0232015182152962 0.096330998175877
0.0754831440048775 0.0174756144157671 0.041230939749974 0.109735348259781
0.0750929657237618 0.0175977490758279 0.0406013775351391 0.109584553912385
0.0437919247461128 0.0195090645703074 0.00555415818831028 0.0820296913039152
0.0975130350720507 0.0223157139169232 0.0537742357948812 0.14125183434922
0.0356007220114399 0.0327889788664736 -0.0286656765668484 0.0998671205897281
0.0531865502159208 0.0198943676685342 0.0141935895855939 0.0921795108462478
0.0631533210155531 0.0167441278638502 0.0303348304024067 0.0959718116286994
0.0700903420268229 0.0172872745848161 0.0362072838405834 0.103973400213062
0.0746852763102364 0.0215413500943098 0.0324642301253891 0.116906322495084
0.0821251174216941 0.0206864505926109 0.0415796742601766 0.122670560583212
0.0777527624967546 0.0222716740719844 0.0341002813156651 0.121405243677844
0.0515393553435194 0.0204601627769288 0.0114374363007389 0.0916412743862998
0.0419553429780344 0.0205079437025416 0.00175977332105273 0.082150912635016
0.0830066453756149 0.017028263738666 0.0496312484478296 0.1163820423034
0.0634562105686541 0.0153488284943295 0.0333725067197682 0.09353991441754
0.0593097153268868 0.0160319763546656 0.0278870416717421 0.0907323889820314
0.0345659328346589 0.0150636525989384 0.00504117374073972 0.0640906919285782
0.0594467068122144 0.0171432012296012 0.025846032402196 0.0930473812222327
0.0724907300704877 0.0163817016026179 0.0403825949293566 0.104598865211619
0.0622695335945158 0.0147149689089576 0.033428194532959 0.0911108726560727
0.0466235365790676 0.0137552785510426 0.0196631906190241 0.0735838825391111
0.075602688916553 0.0171696344235917 0.0419502054463133 0.109255172386793
0.0664862060879225 0.0148277812832934 0.0374237547726673 0.0955486574031776
0.0877451402450582 0.0193867111219144 0.049747186446106 0.12574309404401
0.0563313898869458 0.0174752854048985 0.0220798304933447 0.0905829492805469
0.0794619593933276 0.0152010824925917 0.0496678377078479 0.109256081078807
0.0500198927071683 0.0177746361217792 0.015181605908481 0.0848581795058555
0.0926289450865311 0.0183719470124951 0.0566199289420407 0.128637961231022
0.065696769824219 0.0157327723700631 0.0348605359788954 0.0965330036695426
0.0801399524926991 0.0174705706676425 0.0458976339841198 0.114382271001278
0.0711273681525086 0.018800302306059 0.0342787756326329 0.107975960672384
0.0640222208157441 0.0162762165404538 0.0321208363964546 0.0959236052350335
0.0683854691856465 0.0196664625203974 0.0298392026456676 0.106931735725626
0.0685820363826988 0.0222319150045507 0.0250074829737794 0.112156589791618
0.0598519833173449 0.0191765407883645 0.0222659633721504 0.0974380032625394
0.0815148596702391 0.0158905430922817 0.0503693952093669 0.112660324131111
0.0749286976157064 0.0165569049961866 0.0424771638231807 0.107380231408232
0.0754357667845755 0.0168513014418384 0.0424072159585722 0.108464317610579
0.0566682103287455 0.0140268840396389 0.0291755176110532 0.0841609030464379
0.0786420339670277 0.0164570564698573 0.0463862032861074 0.110897864647948
0.0284813151179937 0.0206662732773353 -0.0120245805055836 0.0689872107415709
0.0725715582402347 0.0208799774532404 0.0316468024318835 0.113496314048586
0.0727222885289823 0.0240781616607689 0.0255290916738752 0.119915485384089
0.0559913270750839 0.0158456741937392 0.0249338056553551 0.0870488484948127
0.0779902561856107 0.0203379092600745 0.0381279540358647 0.117852558335357
0.0543001234630165 0.0152653310266523 0.0243800746507781 0.0842201722752549
0.092202512459577 0.0237715360818111 0.0456103017392273 0.138794723179927
0.0881640695363373 0.0169656046799741 0.0549114843635881 0.121416654709086
0.0870853158974457 0.019607347852775 0.0486549141060067 0.125515717688885
0.0648426356108731 0.0152468930572158 0.0349587252187301 0.0947265460030161
0.0445645359373215 0.0178572706693928 0.00956428542531167 0.0795647864493313
0.0779438812833754 0.0177534639139505 0.0431470920120325 0.112740670554718
0.0549230391225415 0.0144886897661839 0.0265252071808211 0.0833208710642619
0.0618208852694681 0.0213548969264834 0.0199652872935605 0.103676483245376
0.0802956183993149 0.0172613057433608 0.0464634591423277 0.114127777656302
0.101746956783573 0.0244734076576407 0.0537790777745968 0.149714835792548
0.0554256033523669 0.0133374117970615 0.0292842762301263 0.0815669304746074
0.0629466298807418 0.0148574390108853 0.0338260494194066 0.092067210342077
0.0384040023272498 0.0191897733273534 0.000792046605637219 0.0760159580488624
0.0493227571214289 0.0235741310299777 0.00311746030267265 0.0955280539401852
0.0455295155078378 0.0163609069742391 0.0134621378383292 0.0775968931773464
0.0533341054846097 0.0132834843971786 0.0272984760661396 0.0793697349030799
0.0798634771524598 0.0172491349266173 0.0460551726962899 0.11367178160863
0.0671875741971889 0.0155860043985928 0.036639005575947 0.0977361428184308
0.0697504674147485 0.0185965649036369 0.0333012002036201 0.106199734625877
0.0781859115603748 0.016801505561618 0.0452549606596035 0.111116862461146
0.0891650307429026 0.0185125085033646 0.0528805140763081 0.125449547409497
0.0441498634369021 0.0145166074330948 0.0156973128680362 0.0726024140057679
0.0446560786151588 0.0141926635905927 0.0168384579775971 0.0724736992527204
0.0657628229526424 0.0197234628435067 0.0271048357793692 0.104420810125916
0.069627557015568 0.018783780072443 0.0328113480735797 0.106443765957556
0.0776411528145982 0.0216830397611907 0.0351423948826644 0.120139910746532
0.0859373248216216 0.0158636993010134 0.0548444741916353 0.117030175451608
0.0713701911489701 0.0222761279909268 0.0277089802867536 0.115031402011187
0.0634794499886508 0.014952348963802 0.0341728460195989 0.0927860539577026
0.0731120145273909 0.0149585761608138 0.0437932052521959 0.102430823802586
0.0240435856917 0.0227388525903327 -0.0205245653853521 0.068611736768752
0.0630803643673191 0.018642987024017 0.0265401098002457 0.0996206189343924
0.0614977801756307 0.0158165441669894 0.0304973536083315 0.09249820674293
0.0669204753704548 0.016926361585552 0.0337448066627729 0.100096144078137
0.045125566299098 0.0182968438695986 0.0092637523146847 0.0809873802835112
0.104443936678319 0.0170341179342948 0.0710570655271012 0.137830807829537
0.0814728509318052 0.0256535040691721 0.0311919829562278 0.131753718907383
0.06074753236385 0.0222665402268237 0.0171051135192755 0.104389951208425
0.0631954006896957 0.0171579109988377 0.0295658951319738 0.0968249062474177
0.0622053080443819 0.0161044322061032 0.0306406209204197 0.0937699951683442
0.0661103603090755 0.0157087928674658 0.0353211262888427 0.0968995943293084
0.0617424914420291 0.0161099929267552 0.030166905305589 0.0933180775784692
0.0656887887147527 0.0170079006438037 0.0323533034528974 0.0990242739766079
0.0664926184449577 0.0144114151018446 0.0382462448453422 0.0947389920445732
0.0973915843614909 0.0185294199296139 0.0610739212994478 0.133709247423534
0.0443224986938834 0.0209131660301937 0.0033326932747038 0.085312304113063
0.048966829443086 0.0187378380552606 0.0122406668547752 0.0856929920313969
0.0585179930771433 0.0151591284229799 0.0288061013681027 0.0882298847861839
0.0693233896742754 0.0153911625663984 0.0391567110441345 0.0994900683044164
0.0783883868050392 0.0241010947803556 0.0311502410355423 0.125626532574536
0.0579451287938709 0.021194765648829 0.016403388122166 0.0994868694655758
0.0712197473130012 0.0192612276748765 0.0334677410702432 0.108971753555759
0.068572370579288 0.0170501438240032 0.0351540886842418 0.101990652474334
0.0493691410773427 0.0130496619993771 0.0237918035585635 0.0749464785961219
0.0789605221270527 0.0201873238458128 0.0393933673892596 0.118527676864846
0.0534121165095846 0.0174627476686852 0.0191851310789617 0.0876391019402075
0.0888158419620984 0.019584485769229 0.0504302498544095 0.127201434069787
0.0641454479268717 0.0210845351425484 0.0228197590474769 0.105471136806266
0.0566951234293482 0.0150998593942509 0.0270993990166164 0.08629084784208
0.0556812733731278 0.0131343179632114 0.0299380101652335 0.0814245365810222
0.0553597994732623 0.0145569687106414 0.0268281408004051 0.0838914581461194
0.065692595671021 0.0179798620202692 0.0304520661112934 0.100933125230749
0.0567456722081269 0.0183719873253274 0.0207365770504853 0.0927547673657686
0.0489015472191756 0.0187572514767072 0.0121373343248295 0.0856657601135218
0.0456070988471387 0.0170020206907738 0.0122831382932221 0.0789310594010554
0.053798986735344 0.022519848590398 0.00966008349816404 0.097937889972524
0.0691377435757565 0.0221964982867162 0.0256326069337927 0.11264288021772
0.0793825632029462 0.0157137043716798 0.0485837026344539 0.110181423771439
0.0581034051792975 0.0166696805859432 0.0254308312308489 0.0907759791277461
0.098984923862875 0.0189195294949684 0.061902646052737 0.136067201673013
0.0710498002362692 0.0166552661983378 0.0384054784875272 0.103694121985011
0.0685774490399853 0.0163387708658451 0.0365534581429289 0.100601439937042
0.101667825927663 0.0167529744540594 0.068831995997707 0.13450365585762
0.111795121146343 0.0215709555240336 0.069516048319237 0.154074193973449
0.0640938203887313 0.0181066183019283 0.0286048485169518 0.0995827922605107
0.0477318852703411 0.0153594456219065 0.0176273718514043 0.0778363986892779
0.0620319717655399 0.0167159132162546 0.0292687818616809 0.094795161669399
0.0499919358407935 0.0164456074201066 0.0177585452973845 0.0822253263842024
0.0524067942730666 0.0192164568306002 0.0147425388850903 0.090071049661043
0.075618949745162 0.0159290886831902 0.0443979359261092 0.106839963564215
0.0655769432130541 0.015313919644144 0.0355616607105319 0.0955922257155764
0.0550343603911317 0.0159161642787019 0.023838678404876 0.0862300423773875
0.0490794677664158 0.0171708813305962 0.0154245403584473 0.0827343951743842
0.0573220120306994 0.0139598632445317 0.0299606800714174 0.0846833439899815
0.0789528354625854 0.0175176339296826 0.0446182729604075 0.113287397964763
0.0762355192976009 0.0186991270025022 0.0395852303726966 0.112885808222505
0.0640188602835751 0.018341388831012 0.0280697381747916 0.0999679823923586
0.0703061917396812 0.0147093014725677 0.0414759608534486 0.0991364226259139
0.0747430331019339 0.0153278915101979 0.044700365741946 0.104785700461922
0.0857592148361682 0.0167297962808386 0.0529688141257245 0.118549615546612
0.0840809877897455 0.015793799841124 0.0531251401011424 0.115036835478349
0.0604331596739748 0.0146939982956572 0.0316329230144867 0.0892333963334629
0.0684242909941053 0.0184415632251298 0.0322788270728509 0.10456975491536
0.0662636253102056 0.0147622851429273 0.0373295464300682 0.0951977041903431
0.0970367864233817 0.0168999873980134 0.0639128111232754 0.130160761723488
0.046408449736173 0.0248601212026154 -0.00231738782095327 0.0951342872932992
0.0719234912920811 0.0148660044547476 0.0427861225607759 0.101060860023386
0.0814314924803119 0.0174464304944448 0.0472364887112 0.115626496249424
0.086893415393323 0.0261361488544547 0.0356665636385919 0.138120267148054
0.0937533381815114 0.0179089644902578 0.0586517677806061 0.128854908582417
0.0567732174944262 0.0258932322178747 0.00602248234739189 0.107523952641461
0.0819486839948154 0.0165575472242888 0.0494958914352094 0.114401476554421
0.032755975277473 0.0148742196276305 0.00360250480731722 0.0619094457476288
0.0580282490451419 0.0137360207815738 0.0311056483132572 0.0849508497770266
0.0655276967925807 0.0176228578119991 0.0309868954810624 0.100068498104099
0.0681509717631362 0.0158479015718776 0.0370890846822562 0.0992128588440163
0.0593790730583014 0.0204642210653444 0.0192691997702265 0.0994889463463764
0.0564006101020197 0.0205261227436529 0.01616940952446 0.0966318106795794
0.0603260932629802 0.0126587696612285 0.0355149047269723 0.0851372817989881
0.0905352018883981 0.017808281419025 0.0556309703071091 0.125439433469687
0.0893528375631222 0.0191365032820241 0.0518452911303549 0.12686038399589
0.0442497112262279 0.0148347672239694 0.0151735674672477 0.073325854985208
0.0913432263398406 0.0177177314293585 0.056616472738298 0.126069979941383
0.0866112247968671 0.0187277291080326 0.0499048757451233 0.123317573848611
0.0729926965859505 0.0145896821895596 0.0443969194944137 0.101588473677487
0.087224306192472 0.016863625810323 0.054171599604239 0.120277012780705
0.0563382330643874 0.0170714950708342 0.0228781027255524 0.0897983634032223
0.0704120325060681 0.0186791803689708 0.0338008389828855 0.107023226029251
0.0493382463667395 0.0231795083054157 0.00390641008812463 0.0947700826453543
0.0875885160715845 0.0161694660134415 0.0558963626852392 0.11928066945793
0.0703206357678286 0.0206553350541304 0.029836179061733 0.110805092473924
0.0576011370878156 0.0203230447712441 0.0177679693361771 0.097434304839454
0.0978380574682237 0.0208915848698554 0.0568905511233072 0.13878556381314
0.0579303941810028 0.0168223944303317 0.0249585010975527 0.0909022872644528
0.0750093817050778 0.0174406397115374 0.0408257278704645 0.109193035539691
0.0676758231563843 0.0161067999139098 0.0361064953251212 0.0992451509876474
0.0745716970077509 0.021877247880593 0.0316922911617886 0.117451102853713
0.02858245380077 0.0333056954987281 -0.0366967093767371 0.0938616169782771
0.0566801963213531 0.013576451313267 0.0300703517473498 0.0832900408953565
0.0803591056890829 0.0191489058296848 0.0428272502629007 0.117890961115265
0.0524387173408457 0.0182700614101625 0.0166293969769273 0.0882480377047642
0.0811853922579943 0.0185950191618241 0.044739154700819 0.11763162981517
0.0847746543578764 0.0153095336708068 0.054767968363095 0.114781340352658
0.0463968186178269 0.0129747181260417 0.0209663710907852 0.0718272661448685
0.0672327528988836 0.0189721232329741 0.0300473913622544 0.104418114435513
0.0897641142732543 0.0181304322113682 0.0542284671389725 0.125299761407536
0.0444026467429723 0.0156870176176075 0.0136560922124615 0.0751492012734831
0.0671736209846114 0.0154020721735617 0.0369855595244305 0.0973616824447924
0.0478166916191866 0.0141620308526733 0.0200591111479469 0.0755742720904262
0.0600937146885415 0.0175535586607537 0.0256887397134643 0.0944986896636187
0.0520631306364596 0.0135847457070236 0.0254370290506934 0.0786892322222258
0.0614292180123683 0.0173164628548385 0.0274889508168848 0.0953694852078517
0.0633586835059883 0.0155597528113818 0.03286156799568 0.0938557990162966
0.0213303922408466 0.0255472730673239 -0.0287422629711082 0.0714030474528013
0.0503325265742724 0.0206431205634278 0.00987201026995401 0.0907930428785909
0.0624095590741491 0.0170634140316885 0.0289652675720396 0.0958538505762586
0.082070750762422 0.0179270659585372 0.046933701483689 0.117207800041155
0.0685046525753134 0.0147556364736971 0.0395836050868671 0.0974257000637598
0.0822952616041522 0.017827365949407 0.0473536243433146 0.11723689886499
0.0310529155695859 0.0207943203377171 -0.00970395229233973 0.0718097834315115
0.0556704558145099 0.0235263394898749 0.00955883041435505 0.101782081214665
0.06951644706679 0.0163308108736598 0.0375080577544168 0.101524836379163
0.0505524835421142 0.0152264907904786 0.0207085615927761 0.0803964054914522
0.0779728745598885 0.0145783628542459 0.0493992833655666 0.10654646575421
0.108403533087 0.0195085855444158 0.0701667054199448 0.146640360754055
0.0563213527364674 0.017407067082642 0.0222035012544892 0.0904392042184456
0.0616121285946908 0.0192002172841168 0.0239797027178218 0.0992445544715597
0.0769708916616359 0.0161929329359419 0.0452327431071898 0.108709040216082
0.0709312068895381 0.0178306558820141 0.0359831213607905 0.105879292418286
0.0924881390932035 0.0194463902032919 0.0543732142947514 0.130603063891656
0.0314505211644758 0.0165117869034724 -0.000912581166330077 0.0638136234952816
0.0718579439505464 0.021473929927705 0.0297690412922446 0.113946846608848
0.0565935939558526 0.0142778714783151 0.028608965858355 0.0845782220533501
0.0899474143953537 0.0163412662413629 0.0579185325622824 0.121976296228425
0.0635438217722082 0.0165653731289188 0.0310756904395273 0.096011953104889
0.0820247773738165 0.0167128732726316 0.0492675457594586 0.114782008988174
0.104509167798493 0.0181137812191278 0.0690061566090027 0.140012178987984
0.0629142436588813 0.0148316714513462 0.0338441676142427 0.0919843197035199
0.0832698964979858 0.0160028872867127 0.0519042374160289 0.114635555579943
0.0512144735982463 0.015954910379665 0.0199428492541029 0.0824860979423897
0.0535361488149966 0.0164977714419838 0.0212005167887083 0.0858717808412849
0.0903583066499234 0.0218480272478197 0.0475361732441969 0.13318044005565
0.0600787867267949 0.0173822938852743 0.0260094907116574 0.0941480827419325
0.0766089727867914 0.0275675747318822 0.0225765263123024 0.13064141926128
0.0790468389426351 0.0206791322154648 0.0385157398003241 0.119577938084946
0.0652974903610364 0.0182925108312043 0.029444169131876 0.101150811590197
0.0555790630211017 0.0208218955579288 0.0147681477275613 0.0963899783146422
0.0631792417228047 0.0160826322326642 0.0316572825467827 0.0947012008988266
0.0523608320888694 0.0169359765482233 0.0191663180543516 0.0855553461233871
0.0635070308251137 0.017807614763905 0.0286041058878598 0.0984099557623675
0.0466401331193357 0.0205649313246944 0.00633286772293463 0.0869473985157368
0.0580098849709371 0.0137081239353641 0.0311419620576235 0.0848778078842508
0.0865128875499179 0.0164754197679769 0.0542210648046832 0.118804710295152
0.0732544568063556 0.0158402795326063 0.0422075089224473 0.104301404690264
0.104921171899652 0.0233965591466468 0.0590639159722246 0.15077842782708
0.0850164786417761 0.017501637499941 0.0507132691418918 0.11931968814166
0.078730619323016 0.0178094905612643 0.0438240178229379 0.113637220823094
0.0208939920911289 0.0187122042055305 -0.0157819281517108 0.0575699123339687
0.0778519955394033 0.0179518723729216 0.0426663256884769 0.11303766539033
0.0545727089401164 0.021794651252049 0.0118551924861004 0.0972902253941323
0.0459234273189031 0.0144681409369197 0.0175658710825406 0.0742809835552656
0.0851236495242273 0.0181151239263836 0.0496180066285154 0.120629292419939
0.0683180358716056 0.0257481382568625 0.0178516848881551 0.118784386855056
0.0977934969999998 0.018947002752973 0.0606573716041727 0.134929622395827
0.0340008137587532 0.0202617275556449 -0.00571217225031074 0.0737137997678172
0.0885768516562956 0.0193509492374025 0.0506489911509868 0.126504712161604
0.0856676405450838 0.0227422993796858 0.0410927337608998 0.130242547329268
0.058203055402872 0.0163596400410529 0.0261381609224083 0.0902679498833357
0.0690517747181035 0.0170073046902631 0.0357174575251879 0.102386091911019
0.0503625965780867 0.0194017317993793 0.0123352022513033 0.08838999090487
0.0997928514617449 0.0243576936567566 0.0520517718945019 0.147533931028988
0.0448558988228416 0.0146197175558779 0.0162012524133209 0.0735105452323623
0.0723988418905034 0.0162962771320573 0.040458138711671 0.104339545069336
0.0464149405305056 0.0129617116771109 0.0210099856433684 0.0718198954176429
0.0951412478916909 0.0192877177560504 0.0573373210898321 0.13294517469355
0.08133609636084 0.0188442001491986 0.0444014640684107 0.118270728653269
0.0562176644990565 0.0286289601554175 0.000104902594438107 0.112330426403675
0.0827140540089952 0.0250730859725055 0.0335708055028845 0.131857302515106
0.0628072847879472 0.0172292507999062 0.0290379532201309 0.0965766163557634
0.0751824458216087 0.0184656704523847 0.0389897317349348 0.111375159908283
0.0800140472274345 0.0185560134439816 0.0436442608772306 0.116383833577638
0.0569214498198302 0.0177347998021034 0.0221612422077074 0.0916816574319529
0.0692734366773263 0.0156872168665006 0.038526491618985 0.100020381735667
0.0906294200880084 0.0165326866028895 0.0582253543463451 0.123033485829672
0.0551458812999306 0.0171385158187783 0.0215543902951252 0.0887373723047361
0.0994012562036078 0.02093279669117 0.0583729746889146 0.140429537718301
0.0853097589675883 0.0217913636513749 0.0425986862108936 0.128020831724283
0.055776644598344 0.020811412247219 0.0149862765937947 0.0965670126028932
0.0644568970489168 0.0180501670144343 0.0290785697006256 0.099835224397208
0.075622232197332 0.0175132263881644 0.0412963084765297 0.109948155918134
0.09002941261742 0.0180546765094265 0.0546422466589439 0.125416578575896
0.0900234525291494 0.0190929941620822 0.0526011839714682 0.127445721086831
0.030546116639336 0.0474470539047265 -0.062450109013928 0.1235423422926
0.038887606978098 0.0175140227019304 0.00456012248231436 0.0732150914738816
0.055878339230878 0.0151599980618245 0.026164743029702 0.085591935432054
0.0762769472156783 0.0137481662973259 0.0493305412729195 0.103223353158437
0.0613184236060481 0.0232098988564238 0.0158270218474574 0.106809825364639
0.0766050702234868 0.0165025745394912 0.0442600241260841 0.10895011632089
0.0806685968365828 0.0169424584568025 0.0474613782612499 0.113875815411916
0.0729426645850831 0.016012550623963 0.0415580653621156 0.104327263808051
0.0429420800912288 0.0197746641849544 0.00418373828871822 0.0817004218937393
0.0857920181115594 0.0217971230702699 0.0430696568938303 0.128514379329288
0.0815054105892169 0.0174684810901759 0.0472671876524721 0.115743633525962
0.0351433254789572 0.024307637843624 -0.0124996446945458 0.0827862956524603
0.0454286338150104 0.0504593968075535 -0.0534717839277945 0.144329051557815
0.0652812279128794 0.0166266853465088 0.0326929246337223 0.0978695311920366
0.0568556317116284 0.0143022482467028 0.0288232251480909 0.0848880382751659
0.0565958514175239 0.014307277705256 0.0285535871152221 0.0846381157198256
0.0262159059251051 0.0252393019928531 -0.023253125980887 0.0756849378310972
0.0187500253433615 0.0187865541314151 -0.0180716207542122 0.0555716714409351
0.078132660288296 0.0190372182629267 0.0408197124929596 0.115445608083632
0.0574624892966205 0.0165787476130838 0.0249681439749761 0.0899568346182648
0.0843292515504583 0.019023645742899 0.0470429058943763 0.12161559720654
0.0585329635216034 0.0132567060579481 0.0325498196480251 0.0845161073951816
0.0711971422596402 0.0154190177060624 0.040975867555758 0.101418416963522
0.0603495466257013 0.0147760809588371 0.0313884279463807 0.089310665305022
0.0565926484681547 0.0147399328210774 0.0277023801388431 0.0854829167974664
0.0628953499643434 0.014687858491737 0.0341071473205388 0.091683552608148
0.077471032198302 0.0185759872958657 0.0410620970984051 0.113879967298199
0.064963271410469 0.03656085334853 -0.00669600115264968 0.136622543973588
0.0439692562820158 0.0328303878096575 -0.0203783038249129 0.108316816388944
0.0934009889274414 0.0175926770879362 0.0589193418350865 0.127882636019796
0.0996573052183773 0.0248884174215033 0.0508760070722308 0.148438603364524
0.0899203658195322 0.0183596082920375 0.0539355335671386 0.125905198071926
0.0648899157787625 0.0163890535021924 0.0327673709144654 0.0970124606430596
0.0711143390192832 0.015576666525508 0.0405840726292874 0.101644605409279
0.0760630978574986 0.0163338701883408 0.0440487122883506 0.108077483426647
0.0575621312579204 0.0141162253746892 0.0298943295235296 0.0852299329923113
0.0577816947783316 0.018134234924692 0.0222385943259354 0.0933247952307279
0.0692296729253514 0.0163513659233718 0.0371809957155427 0.10127835013516
0.0690855310144522 0.0151085531041466 0.0394727669303248 0.0986982950985796
0.0992362967128489 0.0185053911224085 0.0629657301129281 0.13550686331277
0.0437096461888381 0.0161115785182793 0.0121309522930106 0.0752883400846655
0.0431540461241626 0.0139637678949775 0.0157850610500067 0.0705230311983184
0.0952327217893616 0.0166470510512475 0.0626045017289164 0.127860941849807
0.0458912835674236 0.0178064280128514 0.0109906846622348 0.0807918824726125
0.0697498123113972 0.0178303243210588 0.0348023766421219 0.104697247980673
0.0553107141886804 0.0158643359826349 0.024216615662716 0.0864048127146448
0.0813564706282433 0.0193337732048509 0.0434622751467356 0.119250666109751
0.0846761828635026 0.0176671526271247 0.0500485637143382 0.119303802012667
0.0640506833813289 0.0181459459535779 0.0284846293123162 0.0996167374503417
0.0829410120652116 0.0173568844501554 0.048921518542907 0.116960505587516
0.0554057161690336 0.015202748515094 0.0256083290794494 0.0852031032586178
0.0647275321686018 0.0147271392970911 0.0358623391463033 0.0935927251909003
0.0614672122419518 0.0172337395343013 0.0276890827547213 0.0952453417291824
0.074380696785592 0.0159510299228736 0.0431166781367598 0.105644715434424
0.0593650494859126 0.0172055002328644 0.0256422690294983 0.0930878299423268
0.0364745435887346 0.0142350700652265 0.00857380626089077 0.0643752809165785
0.0516196684824673 0.0199122588309547 0.012591641173796 0.0906476957911386
0.0744424941873817 0.0205276898007707 0.0342082221778712 0.114676766196892
0.0494246694472137 0.0227909081101784 0.00475448955126408 0.0940948493431633
0.0786052535809312 0.0163507560028481 0.046557771815349 0.110652735346513
0.0625062945661748 0.0190366005546011 0.0251945574791566 0.099818031653193
0.0353844146874852 0.0417850527232125 -0.0465142886500112 0.117283118024982
0.0884564899479965 0.0174359421401866 0.0542820433532307 0.122630936542762
0.0410320544470311 0.022477353960283 -0.00302355931512363 0.0850876682091859
0.0768865596023189 0.0155224582119543 0.0464625415068885 0.107310577697749
0.0589296509070715 0.0158312476222344 0.027900405567492 0.089958896246651
0.031501369772933 0.0181439457153093 -0.00406076382907327 0.0670635033749392
0.081190697059486 0.0152128660054852 0.0513734796887349 0.111007914430237
0.051997934936645 0.0200185051948735 0.012761664754693 0.091234205118597
-0.030812725111317 0.0583847378676118 -0.145246811331836 0.083621361109202
0.0419974109260885 0.0153481030471581 0.0119151289536586 0.0720796928985184
0.0692414565656605 0.0143899109838029 0.0410372310374069 0.0974456820939141
0.114609410311832 0.018790537935055 0.0777799559591238 0.151438864664539
0.0711489499992445 0.0171387744335957 0.037556952109397 0.104740947889092
0.0649357593902143 0.0168857472823713 0.0318396947167666 0.0980318240636621
0.0764368437254944 0.0184615137591388 0.0402522767575823 0.112621410693407
0.0548926553474153 0.0159678707548973 0.0235956286678166 0.086189682027014
0.0648267293084009 0.014561008637054 0.036287152379775 0.0933663062370269
0.0632162118153619 0.0170096285081925 0.0298773399393045 0.0965550836914193
0.0864617582047925 0.0164296659537141 0.0542596129355129 0.118663903474072
0.051191936080556 0.0160444716527873 0.019744771641093 0.082639100520019
0.071469688641648 0.0164073145063116 0.0393113522092772 0.103628025074019
0.0463567200623003 0.0255131106593623 -0.00364897683004992 0.0963624169546504
0.0672398553821712 0.0182336551399121 0.0315018913079436 0.102977819456399
0.0695518338204613 0.0248542643528702 0.0208374756888357 0.118266191952087
0.0512758127024788 0.0228920029303534 0.00640748695898623 0.0961441384459714
0.0559321199916143 0.0152759996615644 0.0259911606549481 0.0858730793282805
0.0379585165838872 0.0172611119224888 0.00412673721580922 0.0717902959519651
0.0841184020126971 0.0163306069699204 0.0521104123516531 0.116126391673741
0.0755803197115496 0.015863712274279 0.0444874436539628 0.106673195769136
0.0705011774454382 0.0190898723416158 0.0330850276558713 0.107917327235005
0.053271092627142 0.0190260084697353 0.0159801160264609 0.0905620692278231
0.00844181616119323 0.0259887218414663 -0.0424960786480807 0.0593797109704672
0.0611283588373669 0.0153996033470086 0.03094513627723 0.0913115813975038
0.0567906545437663 0.0182219497969862 0.0210756329416734 0.0925056761458592
0.0856960941865028 0.0168943828100743 0.0525831038787571 0.118809084494248
0.059117012815988 0.0156183299011248 0.0285050862097835 0.0897289394221925
0.0844842488614966 0.018658986793297 0.0479126347466344 0.121055862976359
0.0737877458499586 0.0162316533541865 0.0419737052757531 0.105601786424164
0.0760701054762091 0.0171466726378535 0.0424626271060163 0.109677583846402
0.0536581472434574 0.0142586515884705 0.0257111901300553 0.0816051043568596
0.111197633473928 0.0207016688766254 0.070622362475742 0.151772904472114
0.0614492118588858 0.0175978805353414 0.0269573660096167 0.0959410577081549
0.0557901201757668 0.0220543489414364 0.0125635962505515 0.0990166441009821
0.0436199207436776 0.0151627885848449 0.0139008551173816 0.0733389863699737
0.100608354325055 0.0192846112375875 0.0628105162993836 0.138406192350727
0.0566518176094263 0.0163162688912573 0.0246719305825621 0.0886317046362906
0.0621323238487411 0.0196372581651227 0.0236432978451007 0.100621349852382
0.0748150273823336 0.0173041216601123 0.0408989489285136 0.108731105836154
0.0718239894955413 0.0168620835553926 0.0387743057269717 0.104873673264111
0.0558017042802438 0.0137829259487438 0.0287871694207059 0.0828162391397816
0.0534843637071949 0.0138089487434854 0.0264188241699634 0.0805499032444263
0.0686942517574547 0.0193392294888189 0.0307893619593696 0.10659914155554
0.0321751517476224 0.0188447425235019 -0.00476054359844134 0.0691108470936862
0.0305364472485597 0.0154042282938469 0.00034415979261972 0.0607287347044998
0.0477111292057736 0.0191617011086581 0.0101541950328037 0.0852680633787436
0.0726555510574076 0.020890873490848 0.0317094390153455 0.11360166309947
0.0758483531837161 0.0230485713502951 0.0306731533371377 0.121023553030295
0.0781678584888988 0.0223484261179615 0.0343649432976943 0.121970773680103
0.0587283414987019 0.0156769982770154 0.0280014248757518 0.0894552581216521
0.0751694008378096 0.018155543982673 0.0395845346317705 0.110754267043849
0.0688872099860125 0.0196276799110724 0.0304169573603105 0.107357462611714
0.0554790752945179 0.0139909377246284 0.0280568373542463 0.0829013132347896
0.0281940417260261 0.0227539766149791 -0.0164037524393329 0.0727918358913851
0.0782073437087504 0.0163164159305137 0.0462271684849437 0.110187518932557
0.0635544305024842 0.0155145809546129 0.0331458518314429 0.0939630091735255
0.0761187516898322 0.018142134504398 0.0405601680612121 0.111677335318452
0.0749389045082202 0.0171024497100854 0.0414181030764528 0.108459705939988
0.103315178223191 0.0188539758415502 0.0663613855737524 0.140268970872629
0.0460870462648527 0.02105983164184 0.00480977624684628 0.0873643162828592
0.0494379542612651 0.0120938451596382 0.0257340177483743 0.073141890774156
0.0715280075898362 0.0162953156001867 0.0395891890134703 0.103466826166202
0.0471646232663942 0.01689110841416 0.0140580507746406 0.0802711957581479
0.0750987362615487 0.0171667372848459 0.0414519311832507 0.108745541339847
0.076015910500469 0.0208918839902037 0.0350678178796698 0.116964003121268
0.0561818974797323 0.0172781310425864 0.0223167606362629 0.0900470343232018
0.087698616855709 0.020334201398588 0.0478435821144765 0.127553651596941
0.0924231850900732 0.018052213736326 0.0570408461668742 0.127805524013272
0.0577571455152526 0.0145173110252647 0.0293032159057338 0.0862110751247714
0.0878457254805724 0.0179352896531316 0.0526925577604345 0.12299889320071
0.0548372478602607 0.0177564598491767 0.0200345865558744 0.089639909164647
0.050314150910179 0.0298782393033674 -0.00824719812442113 0.108875499944779
0.0613087486964835 0.0165988325859314 0.028775036828058 0.093842460564909
0.0796656368181182 0.0173895505841311 0.0455821176732213 0.113749155963015
0.0640370941318939 0.015361071435473 0.0339293941183668 0.094144794145421
0.0764136354792634 0.0168545491469925 0.0433787191511581 0.109448551807369
0.0776406275185308 0.0197156428989142 0.0389979674366589 0.116283287600403
0.0696570540565221 0.0144256799873657 0.0413827212812854 0.0979313868317589
0.0851784681169301 0.0188579964758653 0.0482167950242342 0.122140141209626
0.0464778827844003 0.0170947544270268 0.0129721641074277 0.0799836014613728
0.0564903126418562 0.0136048075313273 0.0298248898804546 0.0831557354032577
0.0638928443302003 0.018790269023517 0.027063917044107 0.100721771616294
0.0771147716699735 0.0167035321415004 0.0443758486726327 0.109853694667314
0.061663605874617 0.0147750264423118 0.0327045540476858 0.0906226577015481
0.0703049644081579 0.0165790655074424 0.0378099960135708 0.102799932802745
0.0789838737046778 0.0165098415602625 0.0466245842465633 0.111343163162792
0.0360896377661148 0.0181542206755706 0.000507365241996537 0.0716719102902331
0.052858360003823 0.0176737403482741 0.0182178289212058 0.0874988910864402
0.0615240603313017 0.0207465407620177 0.020860840437747 0.102187280224856
0.0727385994597401 0.0160066159767004 0.0413656321454074 0.104111566774073
0.107395852110901 0.0179509775448786 0.0722119361229391 0.142579768098863
0.0623861655156229 0.0188560637401144 0.0254282805849986 0.0993440504462471
0.0408470852385405 0.0149046315636941 0.0116340073737001 0.070060163103381
0.0746042927009319 0.0152093330342747 0.0447939999537535 0.10441458544811
0.0740985206170128 0.0145146498132219 0.0456498069830979 0.102547234250928
0.0552294977118913 0.0132212838355893 0.0293157813941362 0.0811432140296463
0.0904534099101216 0.0226978851107455 0.0459655550930605 0.134941264727183
0.0686944930910146 0.0186901371832838 0.0320618242117784 0.105327161970251
0.0654766138225787 0.0152317129839998 0.0356224563739391 0.0953307712712182
0.0404617813890791 0.0146753566691465 0.011698082317552 0.0692254804606063
0.0634953758502634 0.0163509151705773 0.0314475821159319 0.0955431695845948
0.0634149412670694 0.019419918625921 0.0253519007602642 0.101477981773875
0.0458870714029014 0.0189067669318421 0.0088298082164909 0.0829443345893119
0.0586160170046601 0.0140309662381909 0.0311153231778059 0.0861167108315143
0.100811601619546 0.0348174743705303 0.0325693518533063 0.169053851385785
0.0641287424785991 0.0224503118050377 0.0201261313407253 0.108131353616473
0.0664848893400636 0.0193162214444423 0.0286250953089568 0.10434468337117
0.0578712210473504 0.0186777716903426 0.0212627885342789 0.0944796535604219
0.0424074990649369 0.017757235385326 0.0076033177096979 0.0772116804201759
0.057861584193032 0.0170959946708438 0.0243534346381782 0.0913697337478858
0.0980856955312862 0.0184200075441468 0.0619824807447584 0.134188910317814
0.0300962465413433 0.0153478524964461 1.44556483089968e-05 0.0601780374343775
0.0746416183922498 0.0163576034548047 0.0425807156208325 0.106702521163667
0.0933088312185 0.0178599576760808 0.0583033141733817 0.128314348263618
0.0494519727411135 0.0165350715358033 0.017043232530939 0.0818607129512879
0.079927157736768 0.018947820638437 0.0427894292854315 0.117064886188104
0.0576354745658759 0.0149565022023445 0.0283207302492807 0.0869502188824712
0.0716629773173745 0.0161177107311473 0.0400722642843257 0.103253690350423
0.0903308755927727 0.0159811583036492 0.0590078053176203 0.121653945867925
0.043152912052367 0.0135470583343864 0.0166006777169696 0.0697051463877644
0.0714168055143223 0.0156467502702533 0.0407491749846258 0.102084436044019
0.0466666723821082 0.0177159147438965 0.0119434794840709 0.0813898652801454
0.0615198592465566 0.0168700888256664 0.0284544851482505 0.0945852333448627
0.0515667643942933 0.0162425271364749 0.0197314112068024 0.0834021175817841
0.0459361983392757 0.0329658650360846 -0.0186768971314501 0.110549293810001
0.0493696788927583 0.0181429358501277 0.0138095246265079 0.0849298331590086
0.0813861315516815 0.0210733067753253 0.0400824502720439 0.122689812831319
0.0772048834901176 0.0180126711790782 0.0419000479791243 0.112509719001111
0.0807078375730292 0.0244221586192138 0.0328404066793702 0.128575268466688
0.0580574606389713 0.0220545360698344 0.0148305699420959 0.101284351335847
0.0186566589869048 0.0138470250423796 -0.00848351009615922 0.0457968280699687
0.0856708594632892 0.0190575907045207 0.0483179816824287 0.12302373724415
0.0726803073584301 0.0163543457144894 0.0406257897580308 0.104734824958829
0.0823392736981557 0.024674298775114 0.0339776480989321 0.130700899297379
0.0882266291120377 0.0163373421464752 0.0562054385049463 0.120247819719129
0.0773125884282729 0.0168827334703559 0.0442224308263753 0.110402746030171
0.0714473959696038 0.0166120902755581 0.0388876990295099 0.104007092909698
0.0573650025288728 0.0155875376788845 0.0268134286782593 0.0879165763794864
0.0623312046602566 0.0145687603331656 0.0337764344072521 0.0908859749132611
0.0638427507359892 0.0140535440365591 0.0362978044243334 0.0913876970476451
0.085899208689114 0.0225285390192469 0.0417432722113901 0.130055145166838
0.0326566733432937 0.0263128202516955 -0.0189164543500295 0.0842298010366169
0.0632020927454633 0.0160737617985942 0.0316975196202187 0.0947066658707078
0.0698738064302738 0.0155153799137557 0.0394636617993125 0.100283951061235
0.0466032337047942 0.0188364385551454 0.00968381413670924 0.0835226532728792
0.0689657722752413 0.0197881383132441 0.0301810211812828 0.1077505233692
0.136642395657774 0.026983303716713 0.0837551203730168 0.189529670942532
0.0767984273821018 0.0235513229018479 0.0306378344944799 0.122959020269724
0.0750904912749118 0.0182398225812762 0.0393404390156104 0.110840543534213
0.021025174585648 0.033312606369927 -0.0442675338994088 0.0863178830707048
0.0676643762710912 0.0166813007786298 0.0349690267449767 0.100359725797206
0.0982703563111027 0.0206598824410382 0.0577769867266679 0.138763725895538
0.080002853197134 0.0180930632261705 0.0445404492738399 0.115465257120428
0.0483381032499392 0.0147412022236971 0.0194453468914929 0.0772308596083854
0.085272332384143 0.0181018315876954 0.04979274247226 0.120751922296026
0.0996474294017958 0.018300673911399 0.0637781085354537 0.135516750268138
0.0730179831720218 0.0149656650783539 0.0436852796184481 0.102350686725595
0.0514275852536341 0.0353473555095001 -0.017853231544986 0.120708402052254
0.0562109808765496 0.0270431123905238 0.00320648059112296 0.109215481161976
0.0579819596099971 0.0142353264957686 0.0300807196782906 0.0858831995417036
0.0685185411902168 0.0280769793536627 0.0134876616570379 0.123549420723396
0.0578907085968531 0.0146742612289609 0.0291291565880898 0.0866522606056164
0.070152904408153 0.0173015842591769 0.0362417992601663 0.10406400955614
0.0503673090593658 0.0205479798072372 0.0100932686371809 0.0906413494815507
0.0734492911184509 0.0225248027082596 0.0293006778102621 0.11759790442664
0.0718701627620768 0.0170117575627402 0.0385271179391061 0.105213207585048
0.0471825321970573 0.0166501070824582 0.0145483223154393 0.0798167420786753
0.0425630387323705 0.029856759564433 -0.0159562100139182 0.101082287478659
0.0784971446899551 0.0164997663770058 0.0461576025910237 0.110836686788887
0.0629582560832482 0.0176640318441529 0.0283367536687085 0.097579758497788
0.0687085560957349 0.0165900717684197 0.0361920154296322 0.101225096761838
0.0454807327251957 0.0230265372729334 0.000348719670246148 0.0906127457801453
0.0743577569401012 0.019780613054946 0.0355877553524071 0.113127758527795
0.078361013490751 0.0160498608436909 0.0469032862371168 0.109818740744385
0.0988970205427159 0.0260633545951558 0.0478128455362104 0.149981195549221
0.0626673589036853 0.0227800453735865 0.0180184699714557 0.107316247835915
0.0638612214146775 0.0139951450600003 0.0364307370970769 0.091291705732278
0.0609769893230113 0.0198288218631852 0.0221124984711682 0.0998414801748544
0.114460757134028 0.0189028740535114 0.0774111239891455 0.15151039027891
0.0723279910124357 0.0149858440134504 0.0429557367460728 0.101700245278799
0.0539068589466141 0.0149223438072466 0.0246590650844109 0.0831546528088174
0.109097322331534 0.0181354594600238 0.0735518217898877 0.144642822873181
0.098709710948688 0.0192698845161793 0.0609407372969765 0.136478684600399
0.0312089642160661 0.0243327205467471 -0.0164831680555582 0.0789010964876904
0.0695192471976698 0.0170369084264213 0.036126906681884 0.102911587713456
0.0808151106416248 0.0161251358949757 0.0492098442874724 0.112420376995777
0.0465430361705782 0.0147078744022572 0.017715602342154 0.0753704699990024
0.042172103094939 0.0164147799069884 0.00999913447724176 0.0743450717126362
0.0483150245036507 0.014069464607888 0.0207388738721901 0.0758911751351112
0.0639211290759418 0.0151411115944565 0.0342445503508071 0.0935977078010764
0.0846520421965967 0.0157639932270212 0.0537546154716352 0.115549468921558
0.0709624408890065 0.0167654725769167 0.0381021146382498 0.103822767139763
0.0443896109985012 0.0161802179810737 0.0126763837555968 0.0761028382414056
0.0660580810096181 0.0213499882653378 0.024212104009556 0.10790405800968
0.0929487930227449 0.0196366792651929 0.0544609016629667 0.131436684382523
0.0468617612475942 0.0250431029956773 -0.00222272062393337 0.0959462431191218
0.0762568989303583 0.0157576966686284 0.0453718134598465 0.10714198440087
0.0638750538076581 0.0150814964751809 0.0343153207163034 0.0934347868990128
0.0627947900130059 0.0175121304859032 0.0284710142606355 0.0971185657653763
0.0794421055905252 0.0163732862998838 0.0473504644427531 0.111533746738297
0.0807602640391481 0.0170004017871088 0.0474394765364148 0.114081051541881
0.00912341960241205 0.0261293492708281 -0.042090104968411 0.0603369441732351
0.0958451860850272 0.0193149091657149 0.0579879641202261 0.133702408049828
0.0836411571042799 0.0169059835980238 0.0505054292521532 0.116776884956407
0.0520210783226503 0.0140220793568228 0.0245378027832775 0.079504353862023
0.0762009474891904 0.0168112613098442 0.0432508753218958 0.109151019656485
0.0824191045480935 0.0201883642833897 0.0428499105526498 0.121988298543537
0.0693937467496576 0.0173200190957906 0.035446509321908 0.103340984177407
0.0884686360574287 0.0191842534978039 0.050867499201733 0.126069772913124
0.0683113524126667 0.0229713051319698 0.0232875943540059 0.113335110471327
0.0243583043058951 0.0217880919877924 -0.0183463559901779 0.0670629646019681
0.0572167483671706 0.0156585668704414 0.0265259573011054 0.0879075394332358
0.0429846060366702 0.0127171088320325 0.0180590727258866 0.0679101393474539
0.0557849929333145 0.0218103475043295 0.0130367118248287 0.0985332740418002
0.045860883408623 0.0147633391815758 0.0169247386127345 0.0747970282045115
0.0722292303777675 0.0162348250820454 0.0404089732169585 0.104049487538576
0.0559323787897617 0.0244419293540209 0.00802619725588071 0.103838560323643
0.0593520225456216 0.015953238291046 0.0280836754951715 0.0906203695960717
0.0467902620366478 0.0158491973996644 0.0157258351333055 0.0778546889399901
0.0556690504290425 0.0251970119713332 0.00628290696522953 0.105055193892856
0.0868206870501893 0.0185493699305797 0.0504639219862531 0.123177452114125
0.0441652712564679 0.0121157030066343 0.0204184933634646 0.0679120491494712
0.0578440066711301 0.0157177003096276 0.02703731406426 0.0886506992780003
0.0692980802041185 0.0136766621218704 0.0424918224452525 0.0961043379629845
0.0556991645149949 0.0140758287424663 0.028110540179761 0.0832877888502288
0.0815372700375733 0.0210985403830008 0.0401841308868917 0.122890409188255
0.0716369968345346 0.0152540262815684 0.0417391053226605 0.101534888346409
0.0574288867118486 0.0171770543388367 0.0237618602077287 0.0910959132159685
0.0509779088876179 0.016113088188313 0.0193962560385243 0.0825595617367114
0.0714423681318377 0.0168537546245022 0.0384090090678133 0.104475727195862
0.0616000769585728 0.016468700533735 0.0293214239124522 0.0938787300046935
0.0666950599455118 0.0147765628333676 0.0377329967921113 0.0956571230989123
0.026717819925643 0.030821330524525 -0.0336919879024261 0.087127627753712
0.0776532933519788 0.0159768219953066 0.046338722241178 0.10896786446278
0.0807204285791861 0.0204740063157171 0.0405913762003805 0.120849480957992
0.0603440059494797 0.0138636299536795 0.0331712912402678 0.0875167206586916
0.0426367863433531 0.0156318416048598 0.0119983767978278 0.0732751958888783
0.0426592941255238 0.0186698603914104 0.00606636775835949 0.0792522204926881
0.0552976609450083 0.0144482498839762 0.0269790911724151 0.0836162307176016
0.0875612907716244 0.0164979291413494 0.0552253496545795 0.119897231888669
0.0914182232755564 0.0164260237225048 0.059223216779447 0.123613229771666
0.0682364950719904 0.0185507907978964 0.0318769451081134 0.104596045035867
0.0663559173707973 0.016956177519642 0.0331218094322989 0.0995900253092957
0.0802446710598091 0.0150716614350825 0.0507042146470474 0.109785127472571
0.0512136410787999 0.0162812179164888 0.0193024539624819 0.0831248281951179
0.0774573351202307 0.0145300440817521 0.0489784487199965 0.105936221520465
0.0832821843847071 0.0155184483918927 0.0528660255365973 0.113698343232817
0.0797357988804558 0.0233525579789803 0.0339647852416544 0.125506812519257
0.104205279918105 0.0196338173988664 0.0657229978163269 0.142687562019883
0.0687376840864342 0.0173635731998611 0.0347050806147065 0.102770287558162
0.0795917932842882 0.0174570149504866 0.0453760439813345 0.113807542587242
0.0850231277280258 0.0170071919489622 0.0516890315080598 0.118357223947992
0.0816276280859464 0.0193834679201469 0.0436360309624586 0.119619225209434
0.06899875075483 0.0172994150388208 0.0350918972787412 0.102905604230919
0.0707870515808407 0.0156405035106144 0.0401316647000364 0.101442438461645
0.0782605234013068 0.0214085226089056 0.0362998190878518 0.120221227714762
0.0894952723051962 0.0180080981076133 0.0541994000142741 0.124791144596118
0.0433546496893879 0.0220917370869132 5.48449990379618e-05 0.0866544543797379
0.0726133103209279 0.0275763036498663 0.0185637551671899 0.126662865474666
0.0891316629436729 0.0164763248977441 0.0568380661440945 0.121425259743251
0.0764913120479071 0.0152394239776876 0.0466220410516394 0.106360583044175
0.0977218853161746 0.0200009556899617 0.0585200121638498 0.136923758468499
0.044001610818488 0.0176950821638997 0.00931924977724462 0.0786839718597314
0.0445405743219567 0.0331756852358492 -0.0204837687403077 0.109564917384221
0.0586619592079704 0.0218290927338585 0.0158769374496078 0.101446980966333
0.0658698283803679 0.0147103621033309 0.0370375186578393 0.0947021381028965
0.0576622339504505 0.0191750896621092 0.0200790582127165 0.0952454096881844
0.0575755947000445 0.0170851116764913 0.0240887758141215 0.0910624135859676
0.0523163463908068 0.0183405772596284 0.0163688149619352 0.0882638778196784
0.0781921711039263 0.0172792397436281 0.0443248612064151 0.112059481001437
0.0700395367597237 0.0363940139201116 -0.0012927305236949 0.141371804043142
0.0573971311783195 0.0166615159323703 0.0247405599508736 0.0900537024057654
0.088821400241365 0.0184861682943978 0.0525885103843454 0.125054290098385
0.0924736247075717 0.0195794136224294 0.0540979740076101 0.130849275407533
0.0627270664569065 0.0198242034903214 0.0238716276158766 0.101582505297936
0.0606640235099902 0.017913460034076 0.0255536418432013 0.095774405176779
0.0533098277763618 0.013390761329716 0.0270639355701186 0.0795557199826051
0.057009696801396 0.0201312452114572 0.0175524561869399 0.0964669374158521
0.0583017571744127 0.0172844787585156 0.024424178807722 0.0921793355411033
0.056850189585155 0.015589805240216 0.0262941713143317 0.0874062078559783
0.0649950063217047 0.0211563504195381 0.02352855949941 0.106461453143999
0.0302498101910875 0.0503906404679313 -0.068515845126058 0.129015465508233
0.0697343984430573 0.016028326317427 0.0383188788609004 0.101149918025214
0.0455847934897129 0.0199714591816045 0.00644073349376816 0.0847288534856577
0.0304034146421081 0.027106176791879 -0.0227246918699748 0.083531521154191
0.0516865245262435 0.0147675499276998 0.0227421266679519 0.0806309223845351
0.0331758708237554 0.0217935390220967 -0.00953946565955406 0.0758912073070649
0.0948037581325048 0.0208195902054261 0.0539973613298696 0.13561015493514
0.0597400531100201 0.0145648219453377 0.0311930020971581 0.088287104122882
0.0792964444838305 0.0190191007109993 0.0420190070902719 0.116573881877389
0.0738184679564676 0.016274053648301 0.0419213228057977 0.105715613107138
0.0751304676473518 0.0159642277383527 0.0438405812801805 0.106420354014523
0.0866111087511631 0.0173138631545303 0.0526759369682837 0.120546280534043
0.0550929770401971 0.0150522421503185 0.0255905824255728 0.0845953716548214
0.0752593703147779 0.0156525385591773 0.0445803947387904 0.105938345890765
0.0535111955441775 0.0231868688447522 0.00806493260846308 0.0989574584798919
0.0763001358737715 0.0208623053991432 0.035410017291451 0.117190254456092
0.0848408252971551 0.0175268378991023 0.0504882230149145 0.119193427579396
0.0634862019965008 0.0184198674275413 0.02738326183852 0.0995891421544817
0.0833756312680365 0.0195245013691364 0.0451076085845291 0.121643653951544
0.0371431243733188 0.0199760078155685 -0.00200985094519544 0.0762960996918329
0.0581528606024668 0.0166765662599918 0.0254667907328828 0.0908389304720508
0.0783424422380985 0.0171673752154307 0.0446943868158543 0.111990497660343
0.0472765802528731 0.0151824716639615 0.0175189357915086 0.0770342247142375
0.0631626353683282 0.0157380430758252 0.0323160709397109 0.0940091997969456
0.0867251788546763 0.0180689680696248 0.0513100014382117 0.122140356271141
0.0555293077321704 0.0148534184189294 0.0264166076310688 0.084642007833272
0.0983777953602996 0.0213463612892648 0.0565389272333406 0.140216663487259
0.0645648655411864 0.0166658011373011 0.0318998953120762 0.0972298357702966
0.085591595597662 0.0178627883532879 0.0505805304252177 0.120602660770106
0.0698057560258026 0.0282084256937076 0.0145172416661357 0.125094270385469
0.0771366445288431 0.0199023879475741 0.038127964151598 0.116145324906088
0.075359932554593 0.0180732125759416 0.0399364359057475 0.110783429203439
0.0914426044390958 0.0197431845773899 0.0527459626674116 0.13013924621078
0.0533064075241056 0.0135840517164098 0.0266816661599425 0.0799311488882688
0.0537382501519519 0.0177499791413988 0.0189482910348102 0.0885282092690936
0.0670020410898384 0.0192054146481272 0.0293594283795092 0.104644653800168
0.0477929306935507 0.0139107502099478 0.020527860282053 0.0750580011050485
0.0461931261603055 0.0142090738159075 0.0183433414811269 0.0740429108394842
0.0893338103065879 0.0190468952967708 0.0520018955249171 0.126665725088259
0.0628257467008105 0.0163396026726089 0.030800125462497 0.0948513679391239
0.0508583186988061 0.0134121852522568 0.0245704356043829 0.0771462017932294
0.0776247060324765 0.0162403526316577 0.0457936148744275 0.109455797190526
0.0571219415607958 0.0159381860367021 0.0258830969288597 0.0883607861927319
0.0419004457827757 0.0252325463523152 -0.00755534506776211 0.0913562366333134
0.0667503495348133 0.0209563186581149 0.025675964964908 0.107824734104719
0.0591970343379554 0.0223520324843276 0.0153870506686733 0.103007018007237
0.0365789388252631 0.0195040952636231 -0.00164908789143819 0.0748069655419644
0.0752943581902426 0.0175181103153195 0.0409588619722163 0.109629854408269
0.101938569788609 0.0191506913006223 0.0644032148393894 0.139473924737829
0.0533921187098667 0.0165315364367019 0.0209903072939309 0.0857939301258024
0.0878951205919015 0.0167071788073524 0.0551490501294908 0.120641191054312
0.0708536457411057 0.0197379659042082 0.0321672325688576 0.109540058913354
0.109776427301999 0.022179113040076 0.0663053657434497 0.153247488860548
0.0367644379952744 0.0255817810205461 -0.0133758528049961 0.0869047287955448
0.0423117428299466 0.0166278539673578 0.00972114905392531 0.074902336605968
0.0917255846361243 0.0188116114585952 0.0548548261772778 0.128596343094971
0.0587197861406483 0.0166689399995601 0.0260486637415105 0.0913909085397861
0.035922342307573 0.0107596800336061 0.0148333694417051 0.057011315173441
0.118534004255659 0.0188570635029555 0.0815741597898664 0.155493848721452
0.0931277959298567 0.0199014664782702 0.0541209216324471 0.132134670227266
0.0546850776793855 0.0166949441928494 0.0219629870614008 0.0874071682973702
0.0809004117732864 0.0180659358569185 0.0454911774937261 0.116309646052847
0.0667921830497643 0.0198214866756975 0.0279420691653973 0.105642296934131
0.0800198468285381 0.0182022767086702 0.0443433844795445 0.115696309177532
0.0789635794273651 0.0198615774399582 0.040034887645047 0.117892271209683
0.0933081971398458 0.0160739912910129 0.0618031742094605 0.124813220070231
0.0698465378277252 0.0160302636680236 0.0384272210383989 0.101265854617052
0.0354898852876373 0.0248323406897767 -0.013181502464325 0.0841612730395996
0.0647227399764465 0.0206153123292458 0.0243167278111248 0.105128752141768
0.0587989219694491 0.0146701386011492 0.0300454503111967 0.0875523936277015
0.0591684020844527 0.0145801890916087 0.0305912314648997 0.0877455727040058
0.0551825245195092 0.0148715881819447 0.0260342116828975 0.0843308373561208
0.0491234101777764 0.0155637629479601 0.0186184347997746 0.0796283855557782
0.0835940890538043 0.0159206003982891 0.0523897122731576 0.114798465834451
0.0704103329603255 0.0185806310176652 0.0339922961657017 0.106828369754949
0.075276301946114 0.017335064622021 0.0412995752869528 0.109253028605275
0.0601537343149812 0.0209413828355232 0.0191086239573558 0.101198844672607
0.0854790784738666 0.0175543854572063 0.0510724829777422 0.119885673969991
0.0477256885465043 0.0148626928062058 0.0185948106463409 0.0768565664466676
0.106093277838565 0.0173894181630416 0.072010018239004 0.140176537438127
0.0695184110986254 0.0149844078720517 0.0401489716694041 0.0988878505278467
0.0525175406312302 0.0152625101134937 0.0226030208087826 0.0824320604536778
0.075835344199696 0.0175117097755383 0.0415123930396409 0.110158295359751
0.0602879999703759 0.016082253007902 0.0287667840748881 0.0918092158658638
0.0723804983022787 0.0274077380548178 0.0186613317148359 0.126099664889722
0.0482902031715784 0.0147179589817048 0.019443003567437 0.0771374027757197
0.0607398343009793 0.0205419151662378 0.0204776805751532 0.101001988026805
0.0719631272741118 0.0163359587767869 0.0399446480716095 0.103981606476614
0.0292165470726287 0.0234351492284551 -0.0167163454151434 0.0751494395604007
0.0775389452264857 0.0183199775738882 0.0416317891816648 0.113446101271307
0.0638867194506891 0.0170448942944335 0.0304787266335993 0.0972947122677788
0.0614531258474788 0.0150658439832389 0.0319240716403305 0.0909821800546271
0.0717584945 0.0158908329369736 0.0406124619435317 0.102904527056468
0.0631457882168222 0.0163951048686693 0.0310113826742304 0.095280193759414
0.0753991704664321 0.0181237065019684 0.039876705722574 0.11092163521029
0.0850350179790741 0.0175045928835743 0.0507260159272685 0.11934402003088
0.08608755652051 0.0175305733245898 0.051727632804314 0.120447480236706
0.109084296453248 0.0201607462945941 0.0695692337158438 0.148599359190653
0.0246281408287018 0.0305987859281177 -0.0353454795904089 0.0846017612478125
0.10252953681706 0.0265143755589267 0.050561360721564 0.154497712912557
0.022165164345865 0.0248548780884957 -0.0265503967075867 0.0708807253993166
0.0490012321446664 0.0141427626207151 0.0212814174080649 0.076721046881268
0.0592248532996586 0.0199031374345312 0.0202147039279775 0.0982350026713397
0.0528166989789004 0.0142230182269063 0.0249395832541639 0.0806938147036368
0.108529361583085 0.0178000199548324 0.0736413224716132 0.143417400694556
0.073914905275633 0.0150678585362982 0.0443819025444885 0.103447908006778
0.0523495883543843 0.0161943728969975 0.0206086174762693 0.0840905592324993
0.0336765238347918 0.0138755548975531 0.00648043623558766 0.0608726114339959
0.068776745027846 0.0142052441777073 0.0409344664395397 0.0966190236161523
0.0726301365693223 0.0167239274536053 0.0398512387602559 0.105409034378389
0.0624990821306893 0.0144666993101908 0.0341443514827153 0.0908538127786633
0.0694522492436125 0.0155222912996041 0.0390285582963885 0.0998759401908365
0.0892034382825039 0.0175663665984705 0.0547733597495017 0.123633516815506
0.0570643800598548 0.0168572596195163 0.0240241512056029 0.0901046089141068
0.0799560270130158 0.017919982358893 0.0448328615895856 0.115079192436446
0.0772645531233732 0.0181769859711439 0.0416376606199311 0.112891445626815
0.0472026849425338 0.015975049557177 0.0158915878104669 0.0785137820746007
0.0655499096209936 0.0273483039405701 0.0119472338974762 0.119152585344511
0.107245654486147 0.0205539177876276 0.066959975622397 0.147531333349897
0.0625087857778341 0.0218190356203662 0.0197434759619163 0.105274095593752
0.105528539910751 0.0183577295985062 0.0695473898976789 0.141509689923823
0.0654516927629838 0.0190786561125349 0.0280575267824154 0.102845858743552
0.0593573941799095 0.0160051804358018 0.027987240525738 0.090727547834081
0.0790133688664247 0.0226307416172859 0.0346571152965444 0.123369622436305
0.0466714838509825 0.0231084131606275 0.00137899405615254 0.0919639736458125
0.048006181585837 0.0166285195300152 0.0154142833070072 0.0805980798646667
0.0733520210723934 0.0147621639663685 0.0444181796983111 0.102285862446476
0.0645733172052305 0.0159034367613168 0.0334025811530495 0.0957440532574115
0.0746145686808793 0.0154899844066471 0.0442541992438509 0.104974938117908
0.0501305253763982 0.0164350552457862 0.0179178170946574 0.0823432336581391
0.0686712169243696 0.0164896752573115 0.036351453420039 0.1009909804287
0.0706306801840091 0.0163282873932033 0.0386272368933306 0.102634123474687
0.0562545632634955 0.0144874629656116 0.0278591358508969 0.0846499906760942
0.0624965129379298 0.0157520257888978 0.0316225423916902 0.0933704834841694
0.0955796792618837 0.0215782911465345 0.053286228614676 0.137873129909091
0.0358392355519243 0.0194513786010244 -0.0022854665060836 0.0739639376099321
0.0632341457271231 0.0168455706978735 0.0302168271592911 0.0962514642949551
0.0543457313441328 0.0157127524340927 0.0235487365733111 0.0851427261149546
0.0879625390273922 0.0165021725706055 0.0556182807890054 0.120306797265779
0.0780532111250783 0.016838035073729 0.0450506623805694 0.111055759869587
0.0735097169926966 0.0174300186731549 0.0393468803933131 0.10767255359208
0.0688869610234461 0.015945703014228 0.0376333831155593 0.100140538931333
0.0586345288788968 0.0147135084321202 0.0297960523519412 0.0874730054058525
0.0843858137210919 0.0220222324741503 0.0412222380717572 0.127549389370427
0.0884687388694308 0.0179075479755644 0.0533699448373246 0.123567532901537
0.0907182796626191 0.0213789914680623 0.0488154563852169 0.132621102940021
0.0438651156574736 0.0132885392554844 0.0178195787167241 0.069910652598223
0.0478526644184892 0.0127268787832789 0.0229079820032626 0.0727973468337159
0.0633880975831759 0.016018500025314 0.0319918375335605 0.0947843576327913
0.0929183731895743 0.019278412803879 0.0551326840939715 0.130704062285177
0.0546899488071508 0.0229933113294339 0.0096230586014603 0.0997568390128412
0.0754626814581229 0.017140363790442 0.0418675684288566 0.109057794487389
0.0615836075516572 0.0144631341785251 0.033235864561748 0.0899313505415664
0.0691464804655945 0.0159219113591621 0.0379395342016368 0.100353426729552
0.0675351497035841 0.0156042373560068 0.0369508444858107 0.0981194549213575
0.0824057143950631 0.0160902692800746 0.050868786606117 0.113942642184009
0.0713996585459603 0.0193643450045012 0.033445542337138 0.109353774754783
0.0610755345604554 0.0176203268397297 0.0265396939545852 0.0956113751663256
0.0653861607292986 0.0217123919439365 0.022829872519183 0.107942448939414
0.0855986862088271 0.0172134878204494 0.0518602500807463 0.119337122336908
0.0911975932062906 0.016769766077671 0.0583288516940553 0.124066334718526
0.0851666720222712 0.0150944195411766 0.055581609721565 0.114751734322977
0.0594827221080658 0.0213734775905083 0.0175907060306696 0.101374738185462
0.0393548156237074 0.0135203847179054 0.0128548615766128 0.065854769670802
0.0836427815722468 0.0166726635202583 0.0509643610725406 0.116321202071953
0.0350577288156484 0.0169702594617331 0.00179602027065158 0.0683194373606452
0.0466797617675905 0.0158536510597136 0.0156066056905518 0.0777529178446292
0.0569757123518585 0.0148893196321392 0.0277926458728657 0.0861587788308513
0.0560033574259239 0.0150651951538302 0.0264755749244166 0.0855311399274311
0.0576219601339018 0.0150624989581774 0.0280994621758742 0.0871444580919295
0.0648041595177815 0.0230818839030919 0.0195636670677214 0.110044651967842
0.0677910712644321 0.0167711234133702 0.0349196693742265 0.100662473154638
