estimate std_1 lowerCI_1 upperCI_1 std_2 lowerCI_2 upperCI_2 std_3 lowerCI_3 upperCI_3
0.0758059210526316 0.0199071956484164 0.0367674194078966 0.114844422697367 0.0203858873297229 0.0358306546937887 0.115781187411474 0.0232444668018288 0.0302343428160622 0.121377499289201
0.0702397337003489 0.0181370993578058 0.03468230611921 0.105797161281488 0.0185709943810646 0.0338325289746615 0.106646938426036 0.0200975775115797 0.0308423223877854 0.109637145012912
0.0594754098360656 0.0184108953750205 0.0233728292646192 0.0955779904075119 0.0187316017078122 0.0227451601388804 0.0962056595332508 0.0212946207399498 0.0177271616407731 0.101223658031358
0.0851815181518152 0.0622813578879586 -0.0375130965259563 0.207876132829587 0.0625661069680841 -0.038062638378358 0.208425674681988 0.0627399590155514 -0.0383982352369039 0.208761271540534
0.0612258064516129 0.0169824465766685 0.0279274932090365 0.0945241196941893 0.0173416275860555 0.0272243229758329 0.0952272899273929 0.0202863330856958 0.0214575057926658 0.10099410711056
0.0786348122866894 0.0206479544901707 0.0381481072979734 0.119121517275405 0.0211618872224953 0.0371420595871152 0.120127564986264 0.0242097371690453 0.031173770954206 0.126095853619173
0.0810322580645161 0.0175898917403734 0.0465508083535457 0.115513707775487 0.0181865703902874 0.0453819012347604 0.116682614894272 0.0213649428974182 0.0391544497356714 0.122910066393361
0.037475884244373 0.0144321818151704 0.00918006990765587 0.0657716985810901 0.0145930651400241 0.00886504733743722 0.0660867211513088 0.015791264017391 0.00651850892437231 0.0684332595643737
0.0630105633802817 0.0176771611145753 0.0283557565916408 0.0976653701689226 0.0180742088544221 0.0275780865864017 0.0984430401741616 0.0190588818589996 0.0256492929069801 0.100371833853583
0.0817465753424658 0.0199592873730801 0.0426125458772209 0.120880604807711 0.0205327137450609 0.0414898362663132 0.122003314418618 0.0253677255723467 0.0320196640009097 0.131473486684022
0.0825806451612903 0.0199997109237259 0.0433631111831238 0.121798179139457 0.0205510549708647 0.0422839720557127 0.122877318266868 0.0234028656355792 0.0367001275972804 0.1284611627253
0.0678397212543554 0.0206710058694589 0.027304006336396 0.108375436172315 0.0210655939473257 0.0265318026599598 0.109147639848751 0.0248149541771817 0.0191910032135924 0.116488439295118
0.0695921985815603 0.0204792050927941 0.029435532247559 0.109748864915562 0.0209039082951591 0.0286042145104843 0.110580182652636 0.0226117598621971 0.025260472915635 0.113923924247486
0.0487162162162162 0.0157869791008206 0.0177685099149618 0.0796639225174706 0.0160434656283126 0.0172660791755969 0.0801663532568355 0.01785829106274 0.0137106051979821 0.0837218272344503
0.0733333333333333 0.0192589102213182 0.0355736022377632 0.111093064428904 0.0197454136673298 0.0346210079874786 0.112045658679188 0.0222405120974517 0.0297343161999729 0.116932350466694
0.0633009708737864 0.0165009391796388 0.0309497798130828 0.09565216193449 0.0168951116648545 0.0301778961144266 0.0964240456331462 0.0207866151479201 0.0225549801071655 0.104046961640407
0.0704810996563574 0.017472431334837 0.0362302340229955 0.104731965289719 0.0179590037316068 0.0352770071068193 0.105685192205895 0.0203410830500065 0.0306098052478496 0.110352394064865
0.0471266233766234 0.0242936287138561 -0.0005512755894692 0.094804522342716 0.0244597068129612 -0.000875500623411248 0.095128747376658 0.0274026024691325 -0.00662554861666348 0.10087879536991
0.0909672131147541 0.0198978655791045 0.0519584474315192 0.129975978797989 0.0205746377187715 0.0506329214724193 0.131301504757089 0.0225234702499342 0.0468153590157162 0.135119067213792
0.0616509433962264 0.0181974608877635 0.0259688338800386 0.0973330529124143 0.0185304498199412 0.0253170214794853 0.0979848653129675 0.0201162549763537 0.0222121567766711 0.101089730015782
0.0682616487455197 0.0190412974868357 0.0309273312061055 0.105595966284934 0.0194831318698412 0.0300622871914924 0.106461010299547 0.0213812684347917 0.0263452032814012 0.110178094209638
0.0649315068493151 0.0185911163210897 0.0284772573228073 0.101385756375823 0.0189838444977155 0.0277085175085761 0.102154496190054 0.0222064850926781 0.0213980151897973 0.108464998508833
0.0766774193548387 0.0184052757892811 0.0405924915619726 0.112762347147705 0.0189199633288948 0.039584616227914 0.113770222481763 0.0214109922520838 0.0347055004846797 0.118649338224998
0.0676121794871795 0.017251799685769 0.0337873479464652 0.101437011027894 0.0176777804604458 0.0329532828239641 0.102271076150395 0.0200653849194996 0.0282771694643728 0.106947189509986
0.0789024390243902 0.0203584935993588 0.0389815085671873 0.118823369481593 0.0208940268344781 0.0379333085791352 0.119871569469645 0.0229943261497527 0.0338211925785471 0.123983685470233
0.0608116883116883 0.0169236909325941 0.0276312217931738 0.0939921548302028 0.0172808975791221 0.0269317562543783 0.0946916203689983 0.0207041736350876 0.0202264426549199 0.101396933968457
0.0676421404682274 0.0174386476412454 0.0334546986686303 0.101829582267825 0.0178776508371272 0.032594866414901 0.102689414521554 0.019736145919892 0.0289542659658221 0.106330014970633
0.0751198630136986 0.0179941263768126 0.0398463346737076 0.11039339135369 0.0185281589008096 0.038800128102492 0.111439597924905 0.0204719940911123 0.0349916291431409 0.115248096884256
0.0666077170418006 0.0167003096031895 0.033867739411649 0.0993476946719523 0.0171272749655226 0.0330314843311064 0.100183949752495 0.0193445799587932 0.0286879080367425 0.104527526046859
0.0793189368770764 0.0189237884490076 0.0422194401113549 0.116418433642798 0.0194744474074221 0.0411409562852217 0.117496917468931 0.021380872310807 0.0374065743655371 0.121231299388616
0.0679276315789474 0.017177559341475 0.0342530179107838 0.101602245247111 0.0176189411356312 0.0333884544715282 0.102466808686367 0.0197152003392022 0.0292817765363534 0.106573486621541
0.10171768707483 0.0198482508527694 0.0628108189884409 0.140624555161219 0.0207204790852374 0.0611018897353599 0.1423334844143 0.0234616884925949 0.0557305886592059 0.147704785490454
0.0782333333333333 0.0182101532086055 0.0425324076494379 0.113934259017229 0.0187681185118136 0.0414396540562245 0.115027012610442 0.0209944096234317 0.037078729598267 0.1193879370684
0.0717572463768116 0.0172561299236108 0.0379308931079277 0.105583599645695 0.0177931458831176 0.0368787969290898 0.106635695824533 0.0202840670298198 0.0319981518392391 0.111516340914384
0.0580118694362018 0.0159944498563976 0.0266517762996207 0.0893719625727828 0.0163093111679515 0.0260353157290951 0.0899884231433084 0.0181587451377235 0.0224134930071911 0.0936102458652125
0.0676271186440678 0.0186998289228057 0.0309659474026108 0.104288289885525 0.0191164196603749 0.0301500959210123 0.105104141367123 0.0218116281677714 0.0248706987771632 0.110383538510972
0.0552180685358255 0.015585092699213 0.0246651927849902 0.0857709442866609 0.0158913637301167 0.0240652901295001 0.086370846942151 0.0174182688506276 0.0210741218440902 0.0893620152275609
0.0685689655172414 0.0186098965141412 0.0320829570311748 0.105054974003308 0.0190475091209893 0.0312260122134543 0.105911918821029 0.0222067909826304 0.0250378163744914 0.112100114659991
0.0631587301587302 0.0168224750827549 0.030174732833095 0.0961427274843653 0.0172012129029064 0.0294332317140415 0.0968842286034188 0.0197316962070284 0.024477539207917 0.101839921109543
0.0935031847133758 0.0196908620354954 0.0548998567985621 0.13210651262819 0.020391790988919 0.0535270525143029 0.133479316912449 0.0228199729931105 0.0487704693288803 0.138235900097871
0.0719415807560137 0.0176975462678341 0.0372475566377484 0.106635604874279 0.0181986038180912 0.0362661022813324 0.107617059230695 0.0209517093351485 0.0308724830616488 0.113010678450379
0.0643023255813954 0.0207445254014012 0.0236144729559693 0.104990178206821 0.0210845789608961 0.0229493778159721 0.105655273346819 0.0244338944003714 0.0163948295137629 0.112209821649028
0.0604666666666667 0.0177101161286047 0.0257434459496094 0.0951898873837239 0.0180577589344057 0.0250627604176095 0.0958705729157239 0.0219541793530627 0.01743095149881 0.103502381834523
0.0857213114754098 0.0173492188739709 0.051714546969515 0.119728075981305 0.0180334069271589 0.0503738830013645 0.121068739949455 0.019166097008521 0.0481542855966311 0.123288337354189
0.0700675675675676 0.0167060838983265 0.0373199078671733 0.102815227267962 0.017199331795638 0.0363535223396145 0.103781612795521 0.0187137275923552 0.0333862501121946 0.106748885022941
0.0794186046511628 0.0210948824106166 0.038042277259143 0.120794932043183 0.0215977611085427 0.0370587784455476 0.121778430856778 0.0232238695206653 0.0338773420325403 0.124959867269785
0.0528712871287129 0.0194042162018018 0.0148078955471828 0.0909346787102429 0.019652109883439 0.0143232233726669 0.0914193508847589 0.0224314467586509 0.008885864889983 0.0968567093674427
0.0708609271523179 0.0170491105816521 0.0374405869083174 0.104281267396318 0.01753407419788 0.0364904548470813 0.105231399457554 0.0193359169270235 0.0329600063574218 0.108761847947214
0.0811643835616438 0.0212756556205717 0.0394403759129989 0.122888391210289 0.0218103359531945 0.0383941802009702 0.123934586922317 0.0250763858835663 0.0320006182646519 0.130328148858636
0.102023411371237 0.0211603297681377 0.0605381561801842 0.143508666562291 0.0219747979524991 0.0589430891983621 0.145103733544113 0.0238337589452386 0.055301865487151 0.148744957255324
0.0924 0.0200406912966933 0.0531078264979387 0.131692173502061 0.0207460672815201 0.0517266107525504 0.13307338924745 0.0227224732177384 0.0478557567747173 0.136944243225283
0.0778712871287129 0.0184882534156476 0.0416256484122957 0.11411692584513 0.0190278283135447 0.0405688725275893 0.115173701729836 0.0208034501167228 0.0370907274314295 0.118651846825996
0.0525409836065574 0.0150473701080697 0.0230427714603437 0.0820391957527711 0.0153495188276628 0.0224509130413815 0.0826310541717333 0.0168531352785816 0.0195052401199924 0.0855767270931223
0.0711993243243243 0.0182386372440323 0.035442181276471 0.106956467372178 0.0187086471116865 0.0345217192278331 0.107876929420816 0.0213994086313167 0.0292510198653338 0.113147628783315
0.0716442953020134 0.0236047378286313 0.0253268638024327 0.117961726801594 0.0239835580572849 0.0245868650411127 0.118701725562914 0.0267665696966001 0.0191464527247207 0.124142137879306
0.074271186440678 0.0175008307961121 0.039964382264016 0.10857799061734 0.0180319038660756 0.0389239963154816 0.109618376565874 0.0197549503605393 0.0355481587062503 0.112994214175106
0.0373762376237624 0.0152764161199841 0.00741758871094079 0.067334886536584 0.0154342213885459 0.00710882544481712 0.0676436498027076 0.0191618622166282 -0.000189147686965194 0.0749416229344899
0.0579209621993127 0.0156729151964153 0.0271992226597413 0.0886427017388842 0.0160399966782067 0.026479983679813 0.0893619407188124 0.0170194225170508 0.0245608595659655 0.09128106483266
0.0824337748344371 0.0185561534665834 0.0460572715382766 0.118810278130598 0.0191581388481243 0.0448780514841898 0.119989498184684 0.0207874783882298 0.0416860082341921 0.123181541434682
0.0817263843648208 0.018664322103808 0.0451373475337889 0.118315421195853 0.0192437366377182 0.0440023854133742 0.119450383316267 0.0200696624942611 0.0423844260231888 0.121068342706453
0.0591864406779661 0.0182216178748232 0.0234579546882666 0.0949149266676656 0.018552427724647 0.0228103558464469 0.0955625255094853 0.0208238021299441 0.0183626432973706 0.100010238058562
0.0832857142857143 0.0185374032928317 0.0469438375332518 0.119627591038177 0.0191279047324685 0.045787305284984 0.120784123286445 0.0204154169171928 0.0432653200784225 0.123306108493006
0.0608416676214951 0.0161347621959587 0.0292109357728781 0.0924723994701121 0.0165090882668358 0.0284777476295711 0.0932055876134191 0.0189564584567879 0.0236832655134783 0.0980000697295119
0.0847402597402597 0.0190656149453951 0.0473597942759591 0.12212072520456 0.0196745218148406 0.0461674884410122 0.123313031039507 0.0224331891640921 0.0407643159613585 0.128716203519161
0.0941722972972973 0.0206520626366731 0.0536806522354652 0.134663942359129 0.0213731813710571 0.052268689710259 0.136075904884336 0.0235307259044658 0.0480432245726995 0.140301370021895
0.0454833333333333 0.014570412526074 0.0169199734703173 0.0740466931963494 0.0148095087970399 0.0164516334952684 0.0745150331713983 0.0171782882688189 0.0118109217506805 0.0791557449159861
0.0542218543046358 0.0187990675148197 0.0173522912871418 0.0910914173221298 0.0190661906887305 0.0168297377824285 0.091613970826843 0.0214169472011758 0.0122291364787961 0.0962145721304754
0.0519256756756757 0.0147544672542768 0.0230036576872056 0.0808476936641458 0.0150635411356634 0.0223981127981777 0.0814532385531736 0.0183921486800571 0.0158757683283604 0.087975583022991
0.0789184397163121 0.0201335389128743 0.0394450392460084 0.118391840186616 0.020682558091887 0.0383699424545687 0.119466936978055 0.0228820771300476 0.0340619541006342 0.12377492533199
0.0911952861952862 0.0204317520516479 0.0511346811649896 0.131255891225583 0.0211140936571799 0.0497987346163123 0.13259183777426 0.0236703467975506 0.0447925447988732 0.137598027591699
0.0729757785467128 0.0192536907971898 0.0352258504458767 0.110725706647549 0.0197341956007665 0.0342850330410447 0.111666524052381 0.0226826553074433 0.0285104047411946 0.117441152352231
0.0570257234726688 0.0171995524248098 0.0232992472073076 0.09075219973803 0.0175083914157163 0.022694764834711 0.0913566821106266 0.0211740891037628 0.0155167127097849 0.0985347342355527
0.0651170568561873 0.0163609443455722 0.0330434086934065 0.0971907050189681 0.0167936652586709 0.0321958026174376 0.098038311094937 0.0211159125842542 0.0237274723551199 0.106506641357255
0.0637668918918919 0.0183947291410134 0.0276962598196643 0.0998375239641195 0.0187729609865125 0.0269559836641029 0.100577800119681 0.0220424443890739 0.0205542539623818 0.106979529821402
0.0501206896551724 0.0180870861606633 0.0146486492677704 0.0855927300425744 0.0183347132716476 0.0141641892533694 0.0860771900569754 0.0217886505666655 0.00740313708438946 0.0928382422259554
0.0654792332268371 0.0181540742668833 0.0298844099225009 0.101074056531173 0.0185345306936831 0.0291395432871114 0.101818923166563 0.0204210434997677 0.0254452460185684 0.105513220435106
0.067593220338983 0.0170183028840389 0.034233063170387 0.100953377507579 0.0174717266722478 0.0333447403482905 0.101841700329676 0.0196335887733107 0.0291089048369866 0.10607753584098
0.0845973154362416 0.0202164326405827 0.0449581486406589 0.124236482231824 0.0208102450440338 0.0437956032358194 0.125399027636664 0.0219227785598372 0.041617158658674 0.127577472213809
0.107708978328173 0.0198399558532386 0.0688166532313034 0.146601303425043 0.0207302773762373 0.0670724852103949 0.148345471445952 0.0227205681747293 0.0631730048183856 0.152244951837961
0.0543493150684932 0.0186651876443607 0.0177488157679295 0.0909498143690568 0.0189429520238815 0.0172051624478089 0.0914934676891774 0.0211688775134871 0.0128471495887157 0.0958514805482706
0.0694276094276094 0.0215478225010898 0.0271648995375788 0.11169031931764 0.0219331905746114 0.0264111342680825 0.112444084587136 0.0246007806022271 0.0211909768325115 0.117664242022707
0.0652356902356902 0.0202225266521333 0.02557471110667 0.10489666936471 0.0205845387513204 0.0248665061974826 0.105604874273898 0.0226959153811398 0.020734440047344 0.109736940424036
0.0606869009584665 0.0162367310467779 0.0288531676748731 0.0925206342420598 0.0166009173543485 0.0281400406259437 0.0932337612909892 0.0198022905814987 0.0218694338206579 0.099504368096275
0.0911858974358974 0.0205578206031957 0.0508747789995085 0.131497015872286 0.0212047846510772 0.0496083985418355 0.132763396329959 0.0235317595428626 0.0450521432485129 0.137319651623282
0.068672131147541 0.047599180910946 -0.0250570180731976 0.16240128036828 0.0478286458392651 -0.0255004714766381 0.16284473377172 0.0489750176288528 -0.0277176495110163 0.165061911806098
0.0437458745874587 0.0182880359504351 0.00787615456913096 0.0796155946057865 0.0184700871280168 0.00752009773474702 0.0799716514401705 0.0202432040285018 0.00405088428168877 0.0834408648932287
0.0521993127147766 0.0165373812916272 0.0197742643729977 0.0846243610565556 0.0168250271037303 0.0192111132273564 0.0851875122021969 0.0207173423098743 0.0115877742753499 0.0928108511542034
0.0543478260869565 0.0180721623315364 0.0189033262296456 0.0897923259442674 0.0183532086520609 0.0183535592043468 0.0903420929695662 0.0209596536167801 0.0132524638865548 0.0954431882873582
0.0586421725239617 0.0169845915169028 0.0253422591609817 0.0919420858869417 0.0173110729537054 0.0247029630153582 0.0925813820325651 0.0191667298124216 0.0210686097227677 0.0962157353251556
0.0809577922077922 0.0192282647178742 0.0432579199696988 0.118657664445886 0.0197810692102255 0.0421755167680627 0.119740067647522 0.0227588377341685 0.0363433512506739 0.12557223316491
0.0850993377483444 0.0201349057094471 0.0456202503523028 0.124578425144386 0.0207299488054955 0.0444552761362928 0.125743399360396 0.0224214130419892 0.0411430263861803 0.129055649110508
0.0901724137931035 0.0190856148192527 0.0527539896358317 0.127590837950375 0.0197484658746739 0.0514559265375983 0.128888901048609 0.0237485290054173 0.0436202846515588 0.136724542934648
0.0713149350649351 0.019841476833677 0.0324058125088291 0.110224057621041 0.020262513384104 0.0315818509828757 0.111048019146994 0.0243301968517013 0.023617487324962 0.119012382804908
0.0998464163822526 0.0206239898955121 0.0594166716421743 0.140276161122331 0.0214388515532733 0.0578203918296845 0.141872440934821 0.0227694701148297 0.0552135262148434 0.144479306549662
0.0975084745762712 0.0190789294735631 0.0601104775735025 0.13490647157904 0.0199097305809467 0.058482615402413 0.136534333750129 0.0212780044747133 0.0558014813956751 0.139215467756867
0.0872019867549669 0.0187778425122317 0.0503911091620717 0.124012864347862 0.0194419889857263 0.0490900975612812 0.125313875948653 0.0217898176806986 0.0444902604433473 0.129913713066586
0.0469055944055944 0.0162582742391082 0.0150294152986779 0.0787817735125109 0.0164996267994966 0.0145568292666768 0.079254359544512 0.0202858950715965 0.00714054200858555 0.0866706468026033
0.0799352750809061 0.0199774508886668 0.0407621550789489 0.119108395082863 0.0204970446231251 0.0397451079373328 0.120125442224479 0.0224221900383502 0.0359758361104828 0.12389471405133
0.10410472972973 0.0196925216200651 0.0655040966540603 0.142705362805399 0.0206053120034781 0.0637155688125128 0.144493890646947 0.0212078725901037 0.0625348610211625 0.145674598438297
0.078258785942492 0.0184973416745987 0.0419970637507789 0.114520508134205 0.0190241800484907 0.0409650936385361 0.115552478246448 0.0203325767502999 0.038401946932751 0.118115624952233
0.0595245901639344 0.0183065888885334 0.0236261773168686 0.0954230030110003 0.0186295970693883 0.0229940217047749 0.096055158623094 0.0212886585489266 0.0177880423970124 0.101261137930856
0.0928405315614618 0.0198066522123622 0.0540094437870009 0.131671619335923 0.0205235155659653 0.0526055066434226 0.133075556479501 0.0232075770917848 0.0473478264969129 0.138333236626011
0.0830716723549488 0.0198519568155558 0.0441502549080701 0.121993089801827 0.020443978767466 0.0429909512592007 0.123152393450697 0.0225488382273971 0.0388683710891242 0.127274973620773
0.0959342560553633 0.019620069306158 0.0574725168130579 0.134395995297669 0.0204211321032811 0.055903267076334 0.135965245034393 0.0223510925634068 0.0521221107287476 0.139746401381979
0.0562910707383069 0.0162379671065721 0.0244537441443651 0.0881283973322488 0.0165538803963636 0.0238352114397493 0.0887469300368646 0.020279493999603 0.0165380925598824 0.0960440489167315
0.0649833333333333 0.0174482844776102 0.0307744205680997 0.099192246098567 0.0178535358493136 0.0299808685198911 0.0999857981467756 0.0201003879110473 0.0255801658633254 0.104386500803341
0.0662741935483871 0.0173646951227892 0.0322286281627416 0.100319758934033 0.0177743378131245 0.0314265129431562 0.101121874153618 0.0193419995397803 0.0283563314286099 0.104192055668164
0.053452380952381 0.0179172179239035 0.018319590911442 0.0885851709933199 0.018194445328703 0.0177769418232388 0.0891278200815231 0.0213390805025259 0.0116192671291795 0.0952854947755825
0.0555381944444444 0.0181759252610852 0.0198969558853828 0.0911794330035061 0.01847682541462 0.0193080238340264 0.0917683650548625 0.0207355572865494 0.01488574790283 0.0961906409860589
0.07328173374613 0.0178164760506133 0.0383472212289861 0.108216246263274 0.0182841510510944 0.0374317070790725 0.109131760413188 0.0213196468304468 0.0314873224978137 0.115076144994446
0.0848371335504886 0.019534267374253 0.0465382493948606 0.123136017706117 0.0201324587886745 0.0453668910220058 0.124307376078971 0.0229611721562917 0.0398264143034315 0.129847852797546
0.061568865916692 0.0184518895154603 0.0253831420010743 0.0977545898323097 0.0188014382557748 0.024699172240256 0.098438559593128 0.0212555230119896 0.0198952775930739 0.10324245424031
0.117435483870968 0.0209507247293454 0.0763649088505284 0.158506058891407 0.0219924918996597 0.0743241544889357 0.160546813253 0.023405543000914 0.0715557905186088 0.163315177223327
0.0470846394984326 0.0160807167111376 0.0155510783264531 0.0786182006704121 0.0163024695951545 0.0151170925466732 0.079052186450192 0.0198930073385109 0.00808664647810805 0.0860826325187571
0.0722875816993464 0.0206447149803648 0.031795994039274 0.112779169359419 0.0210654146534753 0.0309731240933381 0.113602039305355 0.0239057135003838 0.0254147721595314 0.119160391239161
0.0793308550185874 0.0188772982635742 0.042326846626966 0.116334863410209 0.0194922270324418 0.0411220837444081 0.117539626292767 0.0210177593715666 0.0381330480374121 0.120528661999763
0.0869774919614148 0.0187757621186935 0.0501701776353123 0.123784806287517 0.0194180235828069 0.0489120880158932 0.125042895906936 0.0207275271019326 0.0463467135308355 0.127608270391994
0.0906543624161074 0.0183533034654526 0.0546797743136444 0.12662895051857 0.0190931312044187 0.0532300487831768 0.128078676049038 0.0198707532316983 0.0517062157561347 0.12960250907608
0.0548765432098765 0.0183475719968164 0.0188908478820433 0.0908622385377097 0.0186085034815583 0.0183804742320467 0.0913726121877064 0.0208514463876752 0.0139913535494072 0.0957617328703459
0.0763564668769716 0.0202420439099227 0.0366609055640718 0.116052028189871 0.0207006705921144 0.0357634372965637 0.11694949645738 0.0238827621626308 0.0295337924675005 0.123179141286443
0.0805868808927581 0.0222287115670585 0.0369917584248719 0.124182003360644 0.0227236104383974 0.0360235432310418 0.125150218554474 0.0256786758478971 0.030239671243974 0.130934090541542
0.0845555555555556 0.0194864899371774 0.0463485353422367 0.122762575768874 0.0200677753504477 0.0452104361009606 0.12390067501015 0.021719515451045 0.0419758324904849 0.127135278620626
0.0545932203389831 0.0157387287442053 0.0237391077876327 0.0854473328903334 0.0160614013116026 0.023107081230262 0.0860793594477041 0.018634049119666 0.0180670757691063 0.0911193649088598
0.0956185567010309 0.020188370514308 0.0560406718398872 0.135196441562175 0.0209586099585501 0.0545320298972874 0.136705083504775 0.0233805252093529 0.0497875146985796 0.141449598703482
0.0625244299674267 0.0182347543433438 0.0267693040839644 0.098279555850889 0.0185883819620508 0.0260770842462933 0.0989717756885602 0.0207590567112133 0.0218268117841081 0.103222048150745
0.0721875 0.0159691791587738 0.0408868495094067 0.103488150490593 0.0164994908949279 0.0398476102056898 0.10452738979431 0.0174512608530091 0.0379824048537561 0.106392595146244
0.080580985915493 0.0199927401458606 0.0413841661301576 0.119777805700828 0.0205641185958412 0.0402652393062734 0.120896732524712 0.0234505185756282 0.0346115221308976 0.126550449700088
0.0682638888888889 0.023285403536335 0.022578119667362 0.113949658110416 0.023646538559106 0.0218724412158729 0.114655336561905 0.0277222960456227 0.0139012204673586 0.122626557310419
0.106503378378378 0.021407377925533 0.0645345356812676 0.148472221075489 0.0222916368497281 0.0628026957083939 0.150204061048363 0.0241717612717911 0.059119850227097 0.15388690652966
0.0654045307443366 0.0166223344998654 0.0328165461510687 0.0979925153376044 0.0170391455662754 0.0320002423515187 0.0988088191371544 0.0191560674507289 0.0278535745026965 0.102955486985977
0.0692138591771114 0.0204108786724542 0.0291831889978813 0.109244529356341 0.0207951269365541 0.0284314966975942 0.109996221656628 0.0235327894361323 0.0230734255565207 0.115354292797702
0.0937622149837134 0.0190006614910186 0.056514177583374 0.131010252384053 0.0197451828308144 0.0550557514175056 0.132468678549921 0.0226554245451334 0.0493540190191731 0.138170410948254
0.0681758957654723 0.020400702782631 0.0281646708761155 0.108187120654829 0.0207791284162949 0.0274243974681755 0.108927394062769 0.0239298456435774 0.0212577947448241 0.11509399678612
0.0653298611111111 0.0204115042992608 0.0253002753507949 0.105359446871427 0.0207821187553007 0.0245751345589261 0.106084587663296 0.0245753278144559 0.0171494870966037 0.113510235125619
0.0574038461538462 0.0196142103220113 0.0189271350303324 0.0958805572773599 0.0198932433419371 0.0183816345720196 0.0964260577356727 0.0221192505024093 0.0140275153692662 0.100780176938426
0.0815522875816993 0.0183180122824489 0.0456389488500368 0.117465626313362 0.018908314475845 0.0444829488165446 0.118621626346854 0.022556511991063 0.0373366097763952 0.125767965387003
0.0696140939597315 0.0193727179416227 0.0316286070881107 0.107599580831352 0.0197961852645245 0.0307996103392857 0.108428577580177 0.0224092024563929 0.0256827499408026 0.11354543797866
0.0684574468085106 0.0171763139342445 0.0347863195472819 0.102128574069739 0.0176585409997696 0.0338416638195022 0.103073229797519 0.0196264597682174 0.0299861567481393 0.106928736868882
0.10355 0.0195203008544815 0.0652854945642231 0.141814505435777 0.0204199910464809 0.0635228194500943 0.143577180549906 0.0219772170980631 0.0604716491769233 0.146628350823077
0.100551948051948 0.01901097534909 0.0632871745950273 0.137816721508869 0.0198594413788021 0.0616246963104206 0.139479199793475 0.0212846191674402 0.0588320491129529 0.142271846990943
0.0881877022653722 0.0180423414028872 0.0528217510697047 0.12355365346104 0.0187304498125233 0.0514734670395119 0.124901937491232 0.019311775081275 0.050334373316337 0.126041031214407
0.096359375 0.019065758816775 0.0589852531539196 0.13373349684608 0.0198166773083339 0.0575141280118537 0.135204621988146 0.0209064759092255 0.0553789445092232 0.137339805490777
0.08875 0.0188195948791027 0.0518591449882315 0.125640855011768 0.0195374094993132 0.0504527988535931 0.127047201146407 0.0217300528852489 0.0461565487444509 0.131343451255549
0.0855536332179931 0.0191197693856313 0.0480731878959836 0.123034078540003 0.0197762967809507 0.0467870330832229 0.124320233352763 0.0225213030600877 0.0414087832145119 0.129698483221474
0.0480449826989619 0.0158510258801984 0.0169649058856706 0.0791250595122532 0.0161079122622199 0.0164620131349178 0.0796279522630061 0.0200631087619899 0.00871578172901 0.0873741836689139
0.0638527397260274 0.017583207339547 0.0293803941744722 0.0983250852775826 0.0179822077546089 0.0285990119504154 0.0991064675016394 0.0212013404372182 0.0222932339174788 0.105412245534576
0.0520743034055728 0.0155183615478988 0.0216475700054882 0.0825010368056573 0.0157923220051627 0.0211111957725204 0.0830374110386251 0.0184275466400087 0.0159502261062883 0.0881983807048572
0.0594781144781145 0.0211565235981109 0.0179786274099073 0.100977601546322 0.021448846885985 0.0174070352702347 0.101549193685994 0.024139006460775 0.0121440097825469 0.106812219173682
0.0590983606557377 0.0181334164638342 0.0235361685543801 0.0946605527570953 0.0184555501096554 0.0229058975325339 0.0952908237789416 0.0214746684499491 0.0169959337310677 0.101200787580408
0.0726206282247357 0.0193180992341607 0.0347424576487071 0.110498798800764 0.0197773991563517 0.0338432945012966 0.111397961948175 0.0229484295091658 0.0276333529823934 0.117607903467078
0.0540443686006826 0.0172043137359058 0.0203107192859794 0.0877780179153858 0.0174990429875272 0.0197337472162248 0.0883549899851404 0.0211263393925504 0.0126300455988694 0.0954586916024958
0.0835526315789474 0.0174845684100526 0.0492799382246147 0.11782532493328 0.0181329634095171 0.0480094767526143 0.11909578640528 0.019531445737791 0.0452691410693268 0.121836122088568
0.0530820770519263 0.014648943518636 0.024364870999765 0.0817992831040876 0.0149703931261474 0.0237352073638642 0.0824289467399884 0.0182084441064062 0.0173911603266037 0.0887729937772489
0.0933443708609272 0.0213310867416701 0.0515112671465193 0.135177474575335 0.0220075864341033 0.0501875837984109 0.136501157923443 0.0247039552762471 0.0449094552220011 0.141779286499853
0.0842881355932203 0.0175838154474655 0.0498214529086309 0.11875481827781 0.0182592029802186 0.0484980424701612 0.12007822871628 0.0201182662993554 0.0448550300820495 0.123721241104391
0.0695317725752508 0.0169917961077637 0.0362215647572518 0.10284198039325 0.017466167652018 0.0352923607735033 0.103771184376998 0.021327147839179 0.0277278420944722 0.11133570305603
0.0852805280528053 0.0191554593330437 0.0477266154677464 0.122834440637864 0.0197783668242336 0.046506645932677 0.124054410172934 0.0217391367299462 0.0426658291325387 0.127895226973072
0.0897359154929577 0.0207987103370008 0.0489622492469007 0.130509581739015 0.0214761896230855 0.0476352343816725 0.131836596604243 0.0226456678343248 0.0453442940503651 0.13412753693555
0.0885739436619718 0.0218048719044551 0.0458163271069452 0.131331560216998 0.0224398358591642 0.0445735421839193 0.132574345140024 0.0259590204588033 0.0376828430457525 0.139465044278191
0.0679283489096573 0.0153090344255716 0.0379209048034525 0.0979357930158621 0.0157740962428647 0.037009596869177 0.0988471009501376 0.0177694214978146 0.0330994596822433 0.102757238137071
0.0721070234113712 0.018716153162159 0.0354084765653229 0.10880557025742 0.0191830658528056 0.0344944538778968 0.109719592944846 0.0233159669303249 0.0264005213474067 0.117813525475336
0.0610806451612903 0.0194925515714521 0.0228484072001168 0.0993128831224638 0.0198093955767788 0.0222287059232134 0.0999325843993672 0.02247694745392 0.0170086817647792 0.105152608557801
0.0612046204620462 0.0170159512363482 0.0278462360016547 0.0945630049224377 0.0173807465306415 0.0271317272533969 0.0952775136706955 0.0183209282744985 0.0252900658721911 0.0971191750519013
0.0660252365930599 0.0169833099114733 0.03272981016768 0.0993206630184399 0.0173888443808998 0.0319355754719614 0.100114897714158 0.0186260582210768 0.0295122003008027 0.102538272885317
0.0608253968253968 0.0163812255212007 0.0287104225729288 0.0929403710778648 0.0167410940107499 0.028005621217148 0.0936451724336457 0.0195238064090131 0.022554500745922 0.0990962929048716
0.0818561872909699 0.0179902866520836 0.0465892617854589 0.117123112796481 0.01860774153752 0.0453797091602131 0.118332665421727 0.0209482215037631 0.0407942402214853 0.122918134360454
0.0788135593220339 0.0187299388536782 0.0420927832730351 0.115534335371033 0.0192905507834393 0.0409949163896266 0.116632202254441 0.022845027622189 0.0340321932433534 0.123594925400714
0.0666166666666667 0.0174140005279301 0.032473744062567 0.100759589270766 0.0178404504888752 0.0316387655949262 0.101594567738407 0.0210174884749381 0.0254162601282923 0.107817073205041
0.0615540540540541 0.0170726562201038 0.028082018756826 0.0950260893512822 0.017449774334555 0.027343530993561 0.0957645771145471 0.0200502288421827 0.0222500042182742 0.100858103889834
0.0893355481727575 0.0186624204865249 0.0527535268137514 0.125917569531764 0.0193638974546725 0.0513791130441402 0.127291983301375 0.020950082894875 0.0482710658895807 0.130400030455934
0.0629898648648649 0.0194302410221076 0.024884504295334 0.101095225434396 0.0197821812907003 0.0241959096602249 0.101783820069505 0.0225993508488557 0.018681472206082 0.107298257523648
0.096875 0.0221553950907035 0.0534290368693693 0.140320963130631 0.022889658678639 0.0519919752979133 0.141758024702087 0.0260179912933039 0.0458669777188531 0.147883022281147
0.0537959866220736 0.0215602368472797 0.0115048845244153 0.0960870887197318 0.0217963492895032 0.0110432007763896 0.0965487724677575 0.0244770018886598 0.0057988423726531 0.101793130871494
0.0817627118644068 0.0185360051083525 0.0454250811886776 0.118100342540136 0.0191431607953911 0.0442357903513057 0.119289633377508 0.0219085858988216 0.0388179925915019 0.124707431137312
0.0629933110367893 0.0166413646821513 0.03036932845074 0.0956172936228386 0.0170406810106016 0.0295871984497028 0.0963994236238758 0.0189041933783561 0.0259366521680192 0.100049969905559
0.108624161073825 0.021332533147283 0.0668021569369328 0.150446165210718 0.0222482839964018 0.0650086226831575 0.152239699464493 0.0242257610238345 0.0611350268187189 0.156113295328932
0.0639 0.0179446929850565 0.0287174110534513 0.0990825889465487 0.0183267707151711 0.0279692655076569 0.0998307344923431 0.0212636397801107 0.0222170388100546 0.105582961189945
0.0738194444444444 0.0195241865622498 0.0355362834964673 0.112102605392422 0.0200115834424279 0.0345821772938673 0.113056711595022 0.0224996231964184 0.0297102409787628 0.117928647910126
0.0931833333333333 0.0187492768394572 0.0564291867985788 0.129937479868088 0.0195108424880936 0.0549372481471719 0.131429418519495 0.0218744780374301 0.0503062156198358 0.136060451046831
0.091401384083045 0.0205756103099177 0.0510643069515965 0.131738461214493 0.0212732289593985 0.0496979156824607 0.133104852483629 0.0239132983545456 0.0445260520107521 0.138276716155338
0.0697805642633229 0.0173110842344005 0.0358414408597243 0.103719687666921 0.0177522650994451 0.0349774712824301 0.104583657244216 0.0206007412215955 0.0293979076795107 0.110163220847135
0.0462 0.0167313446868657 0.0133861711797104 0.0790138288202896 0.0169514701272531 0.0129555412477217 0.0794444587522783 0.0201247619409239 0.00674413020013517 0.0856558697998648
0.0999480968858131 0.0194522691655541 0.0618192598145231 0.138076933957103 0.0203250233689408 0.0601090742593429 0.139787119512283 0.0219886417604314 0.0568490116589268 0.1430471821127
0.0497297297297297 0.0200643953679631 0.0103808286613944 0.0890786307980651 0.0202819124292398 0.00995524872146032 0.0895042107379991 0.0232353301158443 0.00417425007664145 0.095285209382818
0.0631733746130031 0.0161237463381977 0.0315642558583648 0.0947824933676414 0.0165071073472953 0.0308133693474653 0.0955333798785409 0.0182169164168489 0.0274639126626028 0.0988828365634034
0.0756312292358804 0.0205898582915712 0.0352538562157447 0.116008602256016 0.0210561902605252 0.0343412923667125 0.116921166105048 0.0232572389366716 0.0300326216160567 0.121229836855704
0.0543615221226194 0.0179002938168106 0.0192636208682532 0.0894594233769857 0.0181985004742588 0.0186798224546399 0.090043221790599 0.0192996216051192 0.016523813652617 0.0921992305926219
0.0911743772241993 0.0184832619592721 0.0549460168590377 0.127402737589361 0.0192697572489333 0.0534047297893584 0.12894402465904 0.0206161015594295 0.0507662400451056 0.131582514403293
0.0501151315789474 0.0149850213201211 0.0207410150240572 0.0794892481338375 0.0152617851556874 0.0201987823734183 0.0800314807844764 0.0169256507984414 0.0169386798590397 0.083291583298855
0.0745307443365696 0.0178339444393184 0.0395665793648814 0.109494909308258 0.0183371313488182 0.0385811743920136 0.110480314281126 0.0206091433328047 0.0341309077332305 0.114930580939909
0.0695993031358885 0.0179178393474309 0.0344719469818888 0.104726659289888 0.0183889913137476 0.0335491832335794 0.105649423038198 0.0200701240070667 0.030256153673826 0.108942452597951
0.0740802675585284 0.0217685012076634 0.0313835058377294 0.116777029279327 0.0221983416773578 0.030542817913141 0.117617717203916 0.025065602907995 0.0249321039103082 0.123228431206749
0.0781504702194357 0.0201807592710996 0.0385744431664696 0.117726497272402 0.0206590161909067 0.0376386022778319 0.11866233816104 0.0240031327283971 0.0310918468254295 0.125209093613442
0.0977721943048576 0.0331340557425994 0.032651571110857 0.162892817498858 0.033647589381828 0.0316531656322645 0.163891222977451 0.0356379945420448 0.027779193872123 0.167765194737592
0.0935922330097087 0.0193753095318691 0.0556086316055269 0.131575834413891 0.0200993494731237 0.0541904455975624 0.132994020421855 0.0222734616257459 0.0499313292093033 0.137253136810114
0.0781724137931035 0.0187555873984641 0.041399972320781 0.114944855265426 0.019316425850196 0.0403017787517704 0.116043048834437 0.0220575073728116 0.0349330156572718 0.121411811928935
0.0789700996677741 0.0211195455043536 0.0375535981073069 0.120386601228241 0.0216147307643172 0.0365845955340378 0.12135560380151 0.0240032105249823 0.0319090403954104 0.126031158940138
0.0610132890365448 0.0167573643783706 0.0281607719913239 0.0938658060817658 0.0171280282570718 0.027434836140407 0.0945917419326827 0.0200667192467151 0.0216781841367275 0.100348393936362
0.110822368421053 0.0220417684179334 0.0676074195402166 0.154037317301889 0.0229478343609582 0.0658331431592715 0.155811593682834 0.0253761080625178 0.0610770179297614 0.160567718912344
0.0588036809815951 0.0158759803028555 0.027681433679085 0.0899259282841051 0.0162107629377943 0.0270256297554914 0.0905817322076988 0.0182320803198683 0.0230655665092073 0.0945417954539829
0.0847689768976898 0.017801178338546 0.0498745435437049 0.119663410251675 0.0184594836465027 0.0485847807460433 0.120953173049336 0.0206498233721586 0.0442930144993384 0.125244939296041
0.0703938356164383 0.0190188861000636 0.033099814842315 0.107687856390562 0.0194687106849855 0.0322193735444088 0.108568297688468 0.0224319236796163 0.0264172945368752 0.114370376696002
0.0873875432525952 0.0196283160393165 0.0489081703283272 0.125866916176863 0.0202964940131489 0.0475993856091476 0.127175700896043 0.0222059343906518 0.0438587862686391 0.130916300236551
0.0734717607973422 0.0196977332431707 0.0348488115590949 0.112094710035589 0.0201561082934941 0.0339514872234382 0.112992034371246 0.0224352427762968 0.0294885973836771 0.117454924211007
0.0572044728434505 0.0189059242202525 0.0201295769409021 0.0942793687459989 0.0191891944831619 0.0195752492064908 0.0948336964804102 0.0223958968496211 0.0132973141381101 0.101111631548791
0.0804377104377104 0.0219782009545197 0.0373330988983038 0.123542321977117 0.0224800806713595 0.0363512764365689 0.124524144438852 0.0258256240935953 0.0298030853157093 0.131072335559712
0.0619191919191919 0.0153719200519081 0.0317888336692614 0.0920495501691224 0.0157887996531921 0.0309719149846179 0.0928664688537659 0.0165786323885107 0.0294241162504654 0.0944142675879184
0.0788795986622074 0.0182281004916998 0.043145402050912 0.114613795273503 0.0187957730639364 0.0420334679325439 0.115725729391871 0.0198786636936557 0.0399121386183075 0.117847058706107
0.0521428571428571 0.0179105297567362 0.0170192186015229 0.0872664956841914 0.0181639009339052 0.0165234314764385 0.0877622828092758 0.0202925305418742 0.0123567235523029 0.0919289907334114
0.0744590163934426 0.0181806488004093 0.0388160898328995 0.110101942953986 0.018679888541575 0.0378383404304614 0.111079692356424 0.0204286184948734 0.0344129574126952 0.11450507537419
0.0854123711340206 0.019180729502411 0.0478108454599573 0.123013896808084 0.0198293711032244 0.0465402898712302 0.124284452396811 0.0220715856501245 0.0421476171008159 0.128677125167225
0.0671381578947368 0.0192662903369129 0.0293600183844531 0.104916297405021 0.019655666925067 0.0285978396829489 0.105678476106525 0.0226315041625681 0.0227707977714403 0.111505518018033
0.0847594501718213 0.0215330600226386 0.0425379457577317 0.126980954585911 0.0221081913873072 0.0414120388431812 0.128106861500461 0.0241218734017902 0.0374690128600513 0.132049887483591
0.077483660130719 0.0202559660130948 0.0377591833435518 0.117208136917886 0.0207445964280917 0.0368031091701251 0.118164211091313 0.0227975748858827 0.032784745035234 0.122182575226204
0.0706535947712418 0.017280990347805 0.0367764406939893 0.104530748848494 0.0177517510203527 0.0358543118695243 0.105452877672959 0.0207611854515863 0.0299583621425426 0.111348827399941
0.066006711409396 0.0177909224366329 0.0311295622007408 0.100883860618051 0.0182026412647246 0.0303231111911869 0.101690311627605 0.020411875808528 0.0259951501252347 0.106018272693557
0.0699490483777774 0.0173971537513675 0.0358450113166611 0.104053085438894 0.0178854672959825 0.0348884319167246 0.10500966483883 0.0191361678985051 0.0324381583328995 0.107459938422655
0.0877096774193548 0.0198424593830503 0.0488025639076274 0.126616790931082 0.0204663724314809 0.0475811905635069 0.127838164275203 0.0236534565896988 0.0413399522375284 0.134079402601181
0.0867294520547945 0.0200036074289248 0.0475112185278799 0.125947685581709 0.0206447910706737 0.0462555952529335 0.127203308856655 0.0240789501870145 0.0395287647326237 0.133930139376965
0.0819516129032258 0.0190461909203894 0.0446084676940162 0.119294758112435 0.0196138328506831 0.0434970318157347 0.120406193990717 0.0217123338839063 0.0393872462794844 0.124515979526967
0.0593203883495146 0.0186740401608467 0.0227027791106267 0.0959379975884024 0.0189846779763653 0.0220947694458613 0.0965460072531679 0.0210433063535178 0.0180642737682697 0.100576502930759
0.0582321428571429 0.017820400732401 0.0232916477657679 0.0931726379485178 0.0181647094528995 0.0226175491776826 0.0938467365366031 0.0213086181401962 0.016460327816638 0.100003957897648
0.0833728813559322 0.0183013162895647 0.0474966925778833 0.119249070133981 0.0189391533994208 0.0462471671339696 0.120498595577895 0.0220723404565822 0.0401083163592202 0.126637446352644
0.0654255319148936 0.0192926358549477 0.0275975198455078 0.103253543984279 0.0196906092873654 0.0268184062976277 0.10403265753216 0.0229848625888262 0.0203670773257948 0.110483986503992
0.0675816993464052 0.0172040262674152 0.0338554855633204 0.10130791312949 0.0176374730828988 0.0330064448639466 0.102156953828864 0.0200560528644496 0.0282681768652332 0.106895221827577
0.0397413793103448 0.0184976150592939 0.00345663208707222 0.0760261265336174 0.0186558089514097 0.00314733748566485 0.0763354211350248 0.0210985003048648 -0.00163119075149151 0.0811139493721812
0.0712542372881356 0.01989589991641 0.0322385093824746 0.110269965193797 0.0203334171755771 0.0313822859488401 0.111126188627431 0.0224854950932348 0.0271692913843284 0.115339183191943
0.0684032258064516 0.0169745849724733 0.035127566987983 0.10167888462492 0.017418083464047 0.0342587789872922 0.102547672625611 0.0186220412609633 0.0319000882415253 0.104906363371378
0.0613071895424837 0.0185695559371076 0.0248909565276861 0.0977234225572813 0.0189063835485541 0.0242318673328268 0.0983825117521405 0.0212906014101935 0.0195647311338651 0.103049647951102
0.0561019736842105 0.0151439364579941 0.0264150536524134 0.0857888937160077 0.0154861476726747 0.0257446789630801 0.086459268405341 0.0171177657697415 0.0225480650470592 0.0896558823213618
0.078957654723127 0.019198431482269 0.0413190151054419 0.116596294340812 0.0197266415884093 0.0402845562640991 0.117630753182155 0.0223469032865763 0.0351519320883219 0.122763377357932
0.0727255911459136 0.0170252167603062 0.0393492340444472 0.10610194824738 0.0175000355919034 0.0384192040601657 0.107031978231662 0.0192337291621156 0.0350229419044626 0.110428240387365
0.0759591194968553 0.0167294788492938 0.0431648424998817 0.108753396493829 0.0172672752453074 0.0421112429423708 0.10980699605134 0.0196855261841154 0.0373730665609799 0.114545172432731
0.0676393442622951 0.0187816365064815 0.0308073239011643 0.104471364623426 0.0191858832183689 0.0300162961863735 0.105262392338217 0.0222543692777883 0.0240091488416958 0.111269539682894
0.0748679867986799 0.0170494146832171 0.0414477925158846 0.108288181081475 0.017587327749356 0.0403938542851324 0.109342119312227 0.0203121193630557 0.0350546253247378 0.114681348272622
0.0605960264900662 0.0187787691228955 0.0237775248882315 0.097414528091901 0.0191069881654642 0.0231348755468791 0.0980571774332534 0.0206593192426979 0.020094899948052 0.101097153032081
0.0956445993031359 0.0195319165153654 0.0573572547992466 0.133931943807025 0.0203364706011399 0.0557809842005442 0.135508214405728 0.0223598675521681 0.0518164040507828 0.139472794555489
0.0741186440677966 0.017403247420651 0.0400041354445406 0.108233152691053 0.0179345875134602 0.0389631396268265 0.109274148508767 0.0196369105670084 0.0356276860449986 0.112609602090595
0.080814332247557 0.0192813066939207 0.0430087882735346 0.118619876221579 0.01983298320753 0.0419287300112911 0.119699934483823 0.0221661464843811 0.0373596932867526 0.124268971208361
0.0845454545454545 0.0172468282656116 0.0507379216481948 0.118352987442714 0.0178884038887984 0.0494809102022673 0.119609998888642 0.0189041113783184 0.0474907582321029 0.121600150858806
0.0677740863787375 0.0204428020227122 0.0276850868635689 0.107863085893906 0.0208225791862029 0.02694191162969 0.108606261127785 0.0233338765788257 0.0220258430094238 0.113522329748051
0.0735858585858586 0.022074218817162 0.0302880086352671 0.11688370853645 0.0224962125881349 0.0294627499566453 0.117708967215072 0.0265050107241973 0.0216178351617552 0.125553882009962
0.0742394822006472 0.0206798380491294 0.0336816185280481 0.114797345873246 0.0211172488370044 0.0328259004609474 0.115653063940347 0.0245528261018604 0.0261012220485952 0.122377742352699
0.0692413793103448 0.017838140686669 0.0342695804500627 0.104213178170627 0.0183020047570549 0.0333611417506823 0.105121616870007 0.0228436076035682 0.024464120022513 0.114018638598177
0.0804895104895105 0.0192241556118126 0.0428001127837104 0.118178908195311 0.0198115484578174 0.0416497719585533 0.119329249020468 0.0226381434299552 0.0361129855312461 0.124866035447775
0.0694006849315068 0.0176272692958225 0.0348456452384254 0.103955724624588 0.0180941059309325 0.0339311319780854 0.104870237884928 0.0204414390091292 0.0293322081698279 0.109469161693186
0.0762667504187605 0.0210771842054575 0.0349339263475706 0.11759957448995 0.0215614930582429 0.0339861687300001 0.118547332107521 0.0243154127338728 0.0285948947737535 0.123938606063767
0.0579508196721311 0.0157165119833435 0.0271408778549189 0.0887607614893434 0.016067505990787 0.0264533362749566 0.0894483030693057 0.0176026354707218 0.0234459150956683 0.092455724248594
0.0780868167202572 0.0180200244985775 0.0427586140757933 0.113415019364721 0.0185619529532742 0.0416972709184826 0.114476362522032 0.0206135873039217 0.0376785130755138 0.118495120365001
0.0545126353790614 0.0199724769784969 0.0153363566417808 0.0936889141163419 0.020251951035027 0.0147898622403922 0.0942354085177305 0.0237500632146655 0.0079449719333008 0.101080298824822
0.0895032051282051 0.0199032708149027 0.0504779690780829 0.128528441178327 0.0205459867275593 0.0492196831005577 0.129786727155853 0.0225610996126804 0.0452735931680449 0.133732817088365
0.07125 0.0222870904398656 0.0275353560535505 0.11496464394645 0.0226814468983158 0.0267641118348286 0.115735888165171 0.025654400432412 0.0209468336725719 0.121553166327428
0.069114079866768 0.0197976929190151 0.0302997986771476 0.107928361056389 0.0202330236666711 0.0294472938093694 0.108780865924167 0.0217469360613978 0.0264821805095827 0.111745979223953
0.06890625 0.0169901128407607 0.0356012762083382 0.102211223791662 0.0174729975315266 0.0346552400065506 0.103157259993449 0.0205951016898325 0.0285378054042068 0.109274694595793
0.0609340659340659 0.0170853482384416 0.0274419218714049 0.094426209996727 0.0174838009054678 0.0266613350474633 0.0952067968206685 0.0220151961592335 0.0177825146418803 0.104085617226252
0.0993354430379747 0.0234652964573267 0.0533141832069865 0.145356702868963 0.0241332226967189 0.0520075063234396 0.14666337975251 0.0273009116077381 0.045807517654797 0.152863368421152
0.0943949044585987 0.0204722264437931 0.0542548117430299 0.134534997174168 0.0211617477452621 0.0529048196452499 0.135884989271948 0.0236663595371689 0.0479998120417629 0.140789996875435
0.0917056856187291 0.020896325392484 0.0507322367336789 0.132679134503779 0.0215676927377966 0.0494179568831028 0.133993414354355 0.024876885160005 0.0429375739561913 0.140473797281267
0.0644237288135593 0.0163232035604457 0.0324268285874577 0.0964206290396609 0.0167524485132165 0.0315858243316794 0.0972616332954393 0.0197236090183854 0.0257638931207884 0.10308356450633
0.0589965986394558 0.0174110544475036 0.0248630369045065 0.0931301603744051 0.0177536029253965 0.0241921382065694 0.0938010590723421 0.020798925932113 0.0182264543446572 0.0997667429342544
0.0667218543046358 0.0170716612680142 0.0332528690275603 0.100190839581711 0.0175038622729197 0.03240643160023 0.101037277009042 0.0205898002316772 0.0263613760865055 0.107082332522766
0.0568987341772152 0.0158512038347482 0.0258237712475977 0.0879736971068326 0.0161758827017477 0.0251878358712153 0.0886096324832151 0.018166721959436 0.0212878480646129 0.0925096202898175
0.0788715277777778 0.0194043830833018 0.0408289531797248 0.116914102375831 0.0199601583436575 0.0397405217066232 0.118002533848932 0.0230628695566075 0.0336627723084875 0.124080283247068
0.0748045602605863 0.018486117883046 0.0385618616702876 0.111047258850885 0.0189790681568076 0.0375964998285656 0.112012620692607 0.0217205014765907 0.0322266421557609 0.117382478365412
0.0975347222222222 0.0212247688485601 0.0559227703201838 0.139146674124261 0.0219968570837091 0.0544107425862094 0.140658701858235 0.0243169950675212 0.0498661964354667 0.145203248008978
0.0505218855218855 0.0158465112197104 0.0194561810964199 0.0815875899473512 0.0161204366537819 0.0189196536946305 0.0821241173491405 0.0171714485947462 0.0168608746655907 0.0841828963781804
0.0675833333333333 0.0168893118546246 0.03447536727596 0.100691299390707 0.017338678751528 0.0335950428191263 0.10157162384754 0.0182563221752687 0.0317972265784133 0.103369440088253
0.0641986879100281 0.0204935089497512 0.0240057100844278 0.104391665735628 0.0208474106698263 0.0233134002449821 0.105083975575074 0.0237236951043442 0.0176840621797575 0.110713313640299
0.0648867313915858 0.0206851942306883 0.024313532103837 0.105459930679334 0.0210235203000632 0.0236518975228122 0.106121565260359 0.0246474169907263 0.0165603859718172 0.113213076811354
0.0625487012987013 0.0159845190207283 0.031211624829753 0.0938857777676496 0.0163821689927933 0.0304328135503513 0.0946645890470513 0.0211380787515019 0.0211153717102606 0.103982030887142
0.0559206349206349 0.015554482848515 0.0254281770499988 0.086413092791271 0.0158747813886121 0.0248007731820997 0.0870404966591701 0.0171470249874796 0.0223084321639485 0.0895328376773213
0.0758305647840532 0.0191055499725317 0.0383757677260661 0.11328536184204 0.0196050839828563 0.0373973405419946 0.114263789026112 0.0215735840640849 0.033541139272159 0.118119990295947
0.074061433447099 0.017925167960784 0.0389175904027 0.109205276491498 0.0184466849217231 0.0378963562656954 0.110226510628503 0.0214581150679625 0.0319977966374742 0.116125070256724
0.0731314878892734 0.0200281361887227 0.0338612038146903 0.112401771963856 0.0204935662533793 0.032950034299958 0.113312941478589 0.0234187551231595 0.0272216535795401 0.119041322199007
0.0859455128205128 0.0184095269678896 0.0498565559275738 0.122034469713452 0.0190467085729167 0.0486083772304745 0.123282648410551 0.021475445661963 0.0438500368972628 0.128040988743763
0.0993793103448276 0.0206058913804999 0.0589831257655564 0.139775494924099 0.0214229318928754 0.0573827888275519 0.141375831862103 0.0232564341375111 0.0537910133665621 0.144967607323093
0.0457432432432432 0.0152321469705753 0.0158800298605856 0.0756064566259009 0.0154679584514816 0.0154182422862367 0.0760682442002498 0.017744550786917 0.0109590263037233 0.0805274601827632
0.0495229681978799 0.0164405336422048 0.0172900548999065 0.0817558814958532 0.0167084261843195 0.0167654714952807 0.0822804649004791 0.0185328812673028 0.0131921666662177 0.085853769729542
0.0722695035460993 0.0201823868447602 0.0326991089921574 0.111839898100041 0.0206443715620127 0.031794531548384 0.112744475543815 0.0220214624785185 0.0290977286728682 0.11544127841933
0.0838795986622074 0.0188189934680422 0.0469861470576989 0.120773050266716 0.019440142694488 0.0457695435277666 0.121989653796648 0.0206478003951127 0.0434039139556721 0.124355283368743
0.0999833887043189 0.0218655033196976 0.0571104588584789 0.142856318550159 0.0226211671492563 0.0556310652041775 0.14433571220446 0.024726582090513 0.0515081960897752 0.148458581318863
0.091 0.0185983374427428 0.0545405523890015 0.127459447610999 0.0192865616131229 0.0531924197617137 0.128807580238286 0.0205832250079495 0.0506521793177383 0.131347820682262
0.0794518272425249 0.0189073882677241 0.0423836855934252 0.116519968891625 0.0194605558929646 0.0413003543061771 0.117603300178873 0.0235407618397701 0.0333074245010752 0.125596229983975
0.0617 0.0170247476452411 0.0283223920277712 0.0950776079722288 0.0173994517520821 0.027588599967128 0.095811400032872 0.0197073354216439 0.0230680693883689 0.100331930611631
0.0724675324675325 0.0168072064592753 0.0395214408158389 0.105413624119226 0.0173109738489342 0.0385344626123835 0.106400602322681 0.0192257866583011 0.0347826285061295 0.110152436428935
0.0496166134185303 0.0181318909082145 0.0140495935340728 0.0851836333029879 0.0183579007028252 0.0136076876062608 0.0856255392307999 0.022422964786531 0.00565299522419911 0.0935802316128616
0.0702188552188552 0.0205006607147419 0.0300196962192762 0.110418014218434 0.0209108864295358 0.0292167426743262 0.111220967763384 0.0240860399543465 0.022999616553615 0.117438093884095
0.059708904109589 0.017962949796558 0.024490469684038 0.0949273385351401 0.0183066293396544 0.0238175170646267 0.0956002911545514 0.0202178825449268 0.0200743780224509 0.0993434301967272
0.0699486301369863 0.0180496254725284 0.0345629485556338 0.105334311718339 0.0185140997487622 0.0336532612439785 0.106243999029994 0.0212150090085188 0.0283623940941316 0.111534866179841
0.0600161812297735 0.0183733851622543 0.023980560515532 0.0960518019440149 0.0186975745867389 0.0233464116998696 0.0966859507596773 0.0213678088074241 0.0181205076830621 0.101911854776485
0.095765306122449 0.0200398535885568 0.056479599822904 0.135051012421994 0.0208096580481789 0.0549717000908056 0.136558912154092 0.0238234562472121 0.0490672412375575 0.14246337100734
0.0926463302427631 0.023863058428907 0.0458278278121664 0.13946483267336 0.0245046845197105 0.0445739230443397 0.140718737441187 0.0267716303905139 0.0401410827084721 0.145151577777054
0.0746835443037975 0.0199534556327688 0.0355496859526692 0.113817402654926 0.0204010255432673 0.0346741276977078 0.114692960909887 0.0231356455355206 0.0293219633697322 0.120045125237863
0.0640451388888889 0.0197922204432374 0.0252333825045291 0.102856895273249 0.0201584591019164 0.0245166238391625 0.103573653938615 0.0229990893408495 0.0189551889798304 0.109135088797947
0.0533993399339934 0.0167393732800016 0.0205725814083432 0.0862260984596436 0.0170262687174617 0.0200111813977982 0.0867874984701886 0.0201986338840503 0.013800394662099 0.0929982852058878
0.0589969076149981 0.0712784856784656 -0.0814857550739482 0.199479570303944 0.0714642384614974 -0.0818437182873655 0.199837533517362 0.0718627351710365 -0.0826118738517637 0.20060568908176
0.0675235109717868 0.016735789719364 0.0347144169353497 0.100332605008224 0.0171624181627583 0.0338787897857376 0.101168232157836 0.0196208032769643 0.0290627590850866 0.105984262858487
0.0642077464788732 0.0194006977714983 0.0261656030871878 0.102249889870559 0.0197803939044488 0.0254224000027364 0.10299309295501 0.023544042435905 0.0180524964598089 0.110362996497938
0.0665719063545151 0.0163193699846541 0.034582200292556 0.0985616124164741 0.0167712702294133 0.033696832704153 0.0994469800048771 0.0187581689779974 0.0298037206043495 0.103340092104681
0.105608552631579 0.020810174739459 0.0648114361101283 0.14640566915303 0.0216802552470701 0.0631072574252164 0.148109847837941 0.023353954992848 0.0598286213650027 0.151388483898155
0.0624104234527687 0.0170156858343266 0.0290508294806788 0.0957700174248586 0.0173903048109525 0.0283171884289029 0.0965036584766346 0.0196413648713198 0.0239079040799316 0.100912942825606
0.0582456140350877 0.0214710332493277 0.0161338565181372 0.100357371552038 0.0217589214713891 0.0155707548608747 0.100920473209301 0.0245150321552523 0.0101773509764001 0.106313877093775
0.0658823529411765 0.0161752461708478 0.0341720305379856 0.0975926753443674 0.0165901762068231 0.0333593258718845 0.0984053800104684 0.0189567286314897 0.028723236890806 0.103041468991547
0.0810327868852459 0.0169910685642875 0.0477284214396608 0.114337152330831 0.0176161590201401 0.0465035217327434 0.115562052037748 0.0189572656715985 0.0438754411992435 0.118190132571248
0.0720637583892617 0.0204971314475849 0.0318690284892444 0.112258488289279 0.0209277129049746 0.031026380346613 0.11310113643191 0.0232290707083276 0.0265211292913016 0.117606387487222
0.0688811188811189 0.0212565379288897 0.0271938074943701 0.110568430267868 0.0216546454291828 0.0264149000053161 0.111347337756922 0.0243271975524893 0.0211838389301668 0.116578398832071
0.0702317880794702 0.0173851935369682 0.0361477926545469 0.104315783504393 0.0178547316717793 0.0352282559467355 0.105235320212205 0.019920088038564 0.0311827239365244 0.109280852222416
0.0537375415282392 0.0168583251494351 0.020685481534089 0.0867896015223894 0.017146690647023 0.0201208091887803 0.0873542738676981 0.0187722612752504 0.0169370903534444 0.090537992703034
0.0533848797250859 0.0157673211408787 0.0224737591075906 0.0842960003425812 0.0160802254321298 0.021860921148984 0.0849088383011878 0.0179481031089045 0.0182019976284474 0.0885677618217244
0.0968243243243243 0.0205739492598313 0.05649096664914 0.137157681999509 0.0213361915108986 0.0549979464187169 0.138650702229932 0.0233136866126138 0.0511240447831264 0.142524603865522
0.0654794520547945 0.0192835139465993 0.0276639411259181 0.103294962983671 0.0196701272058284 0.0269073800656934 0.104051524043896 0.0216162219575694 0.0230978718502417 0.107861032259347
0.0771044303797468 0.0193340317375652 0.0391937031598592 0.115015157599634 0.0198225566715365 0.0382374185921561 0.115971442167338 0.0219185580535888 0.0341333716525773 0.120075489106916
0.0587323943661972 0.0174885096516892 0.0244420717978995 0.0930227169344949 0.017839985303416 0.0237539733155738 0.0937108154168206 0.0203996994364575 0.0187412304635322 0.0987235582688622
0.0487625418060201 0.0156316942193258 0.0181156352061159 0.0794094484059243 0.0158897300959441 0.0176103424497457 0.0799147411622944 0.0185259274679879 0.0124467758602781 0.0850783077517621
0.0532225913621262 0.0157898767824954 0.0222666517066706 0.0841785310175819 0.0160904842649672 0.0216779313141037 0.0847672514101488 0.0184959172498641 0.0169660653219242 0.0894791174023283
0.0617607973421927 0.0163815501571343 0.0296470764461865 0.0938745182381989 0.0167686695426531 0.0288887745056035 0.0946328201787819 0.0192600689422075 0.0240077736333261 0.0995138210510593
0.0642231427407307 0.0190293157202336 0.0269022590732776 0.101544026408184 0.0194021411284607 0.0261728991254393 0.102273386356022 0.0224980373170152 0.020113215030397 0.108333070451064
0.0769491525423729 0.0200631745908413 0.0376059191789285 0.116292385905817 0.0205668326515327 0.0366202116372874 0.117278093447458 0.0242261470915034 0.0294553438997886 0.124442961184957
0.061062091503268 0.017856558203381 0.02605235922107 0.096071823785466 0.0182011411691687 0.025377631330019 0.096746551676517 0.0201062450271574 0.0216465058354824 0.100477677171054
0.0477724358974359 0.0163063216896377 0.0158001367984512 0.0797447349964206 0.0165355608855946 0.0153513490148576 0.0801935227800142 0.018667723181108 0.0111760437495248 0.084368828045347
0.0613508771929825 0.0232076324743011 0.0158189227477202 0.106882831638245 0.023506639904849 0.0152346078942609 0.107467146491704 0.0275353360233734 0.00735518417368464 0.11534657021228
0.0645583596214511 0.0194885687063428 0.0263375554516443 0.102779163791258 0.0198326075512206 0.0256644755706333 0.103452243672269 0.0231396871069899 0.0191911259046575 0.109925593338245
0.0711726384364821 0.0176821276241222 0.0365052922194506 0.105839984653514 0.0181490555361367 0.0355909589626565 0.106754317910308 0.0201285657405681 0.0317139098298351 0.110631367043129
0.0711661341853035 0.0178257060314729 0.0362159738104301 0.106116294560177 0.0182805803782516 0.0353253410129538 0.107006927357653 0.0211712737797505 0.0296637887627669 0.11266847960784
0.0913255033557047 0.0215496795731849 0.0490714585644956 0.133579548146914 0.0221986136670491 0.0478010577992916 0.134849948912118 0.0250949525058022 0.0421292530521428 0.140521753659267
0.0833279742765273 0.0182296710746641 0.0475914584288635 0.119064490124191 0.0188371314997121 0.0464015152301172 0.120254433322937 0.0199949023677558 0.0441333682325171 0.122522580320538
0.0686860068259386 0.0191352965031036 0.0311668501445313 0.106205163507346 0.0195595197775704 0.0303363218838769 0.107035691768 0.0222962800422656 0.0249768325437237 0.112395181108153
0.0972549019607843 0.0188706797293931 0.060266033156335 0.134243770765234 0.0196760296104683 0.0586879318353338 0.135821872086235 0.0215396837440898 0.0550358694981732 0.139473934423395
0.105496453900709 0.0206634456101156 0.0649901598762508 0.146002747925168 0.0216030374864173 0.0631494286467852 0.147843479154633 0.0237304039775924 0.0589813035683434 0.152011604233075
0.0604237288135593 0.0173686107435461 0.0263706020135184 0.0944768556136002 0.017727978556498 0.025666926199769 0.0951805314273496 0.0213110159341167 0.0186488022801857 0.102198655346933
0.0605685618729097 0.0167934416624288 0.0276467768383507 0.0934903469074686 0.0171600320972848 0.0269287273371833 0.0942083964086361 0.0191037801740588 0.0231209202119065 0.0980162035339129
0.0779442508710801 0.0175639219932987 0.043516327734724 0.112372174007436 0.0181601934908068 0.0423479686171462 0.113540533125014 0.019208823848034 0.0402931492554603 0.1155953524867
0.0623709677419355 0.0169922892305543 0.0290545576210294 0.0956873778628416 0.0173641120978834 0.0283265615211004 0.0964153739627706 0.0201173761736675 0.0229343233726444 0.101807612111227
0.0438157894736842 0.0185679567932945 0.00740061374694126 0.0802309652004272 0.0187468207469022 0.00705068946885914 0.0805808894785093 0.0214613536888366 0.00173764506243083 0.0858939338849376
0.0770394736842105 0.0173604316834274 0.0430070002282467 0.111071947140174 0.0179188125405648 0.0419131967373506 0.11216575063107 0.0208581780955409 0.0361543605238121 0.117924586844609
0.0627906976744186 0.0163924739174518 0.0306542229788089 0.0949271723700283 0.0167925139102966 0.0298707045633221 0.0957106907855152 0.0202936817330216 0.0230116934094946 0.102569701939343
0.0546996466431095 0.0183344383333884 0.0187472647918608 0.0906520284943583 0.018629475057534 0.0181698242966105 0.0912294689896085 0.0206821987225975 0.0141510629626291 0.0952482303235899
0.0437673611111111 0.0158431206706898 0.0127013236882794 0.0748333985339428 0.0160589987286019 0.0122787714708284 0.0752559507513938 0.0194823018251041 0.00557517502632689 0.0819595471958953
0.0607388316151203 0.0161419707710954 0.0290958671008192 0.0923817961294213 0.0165344422450171 0.0283270045745778 0.0931506586556627 0.0182618817089023 0.0249425528015699 0.0965351104286706
0.0850883392226148 0.0202481687097896 0.0453936664550286 0.124783011990201 0.0208769791759921 0.0441620090257265 0.126014669419503 0.0220474403837962 0.0418691857881447 0.128307492657085
0.0841558441558442 0.0211811943506803 0.0426228666239333 0.125688821687755 0.0217262166220367 0.0415560082677581 0.12675568004393 0.0240233394203623 0.037058218049314 0.131253470262374
0.0753691275167785 0.0206612048843875 0.0348581623645558 0.115880092669001 0.0211259563406044 0.033948283336359 0.116789971697198 0.0239094469188043 0.0284973124694126 0.122240942564144
0.0704310344827586 0.0174888684097059 0.0361459055517786 0.104716163413739 0.0179767860245429 0.0351902050955699 0.105671863869947 0.0195776075347355 0.0320542280732358 0.108807840892281
0.06946735395189 0.0190981103464143 0.0320177347173041 0.106916973186476 0.0195363755956231 0.0311599364383992 0.107774771465381 0.0226088115439329 0.0251440440931497 0.11379066381063
0.0946476510067114 0.0188455968861493 0.0577060561713836 0.131589245842039 0.0196313992236419 0.0561664775703569 0.133128824443066 0.0217922415817816 0.0519324711879676 0.137362830825455
0.0783163265306122 0.0179718975171207 0.0430856611931204 0.113546991868104 0.0185482894735255 0.0419565315458492 0.114676121515375 0.0215915632412138 0.035993953609017 0.120638699452208
0.0671790540540541 0.0172942919613991 0.033274733779702 0.101083374328406 0.0177352160526877 0.03241113009765 0.101946978010458 0.0204572694047666 0.0270786308540888 0.107279477254019
0.0765166666666667 0.0204845696786396 0.0363402798179806 0.116693053515353 0.020966569565942 0.0353974233474393 0.117635909985894 0.0251119235828351 0.0272833510073849 0.125749982325948
0.0702551020408163 0.0175391126476447 0.0358730813012209 0.104637122780412 0.0180162200702883 0.0349384315508113 0.105571772530821 0.0196674269897282 0.0317034043639634 0.108806799717669
0.107876254180602 0.020515865470318 0.0676584732627408 0.148094035098463 0.0214491075556752 0.065830280008816 0.149922228352388 0.0229382146780044 0.0629128686177793 0.152839639743425
0.058006230529595 0.0223064985555371 0.0142407577067352 0.101771703352455 0.0225543043688172 0.0137565537772257 0.102255907281964 0.0256644063217978 0.00767503068090546 0.108337430378285
0.0559120521172638 0.0153057207301166 0.0259077069517522 0.0859163972827754 0.0156390964853905 0.0252546583469538 0.0865694458875739 0.0181023550828275 0.0204286529070682 0.0913954513274595
0.092468152866242 0.0179828127704319 0.0572183338282297 0.127717971904254 0.0187284254669351 0.055757436467356 0.129178869265128 0.020048246221599 0.0531713148292578 0.131764990903226
0.0741296928327645 0.0187152026172819 0.0374354731326588 0.11082391253287 0.0192171927526184 0.0364525907229694 0.11180679494256 0.0217168596130329 0.0315570493820909 0.116702336283438
0.0940753424657534 0.0197320841261 0.0553919405979542 0.132758744333553 0.0204920810497228 0.0539033633501596 0.134247321581347 0.0233265915004308 0.0483504784637094 0.139800206467797
0.0789184397163121 0.0588858754564856 -0.0370717164742281 0.194908595906852 0.0591661402466987 -0.0376128269705863 0.19544970640321 0.0594324426513349 -0.0381271243339985 0.195964003766623
0.0787074829931973 0.0183323861025869 0.0427712906591701 0.114643675327225 0.0189030380907152 0.0416533057102749 0.11576166027612 0.0214909864638132 0.0365825869423282 0.120832379044066
0.0508041958041958 0.0160340110693719 0.0193700728328426 0.082238318775549 0.0163186000625317 0.0188127020704635 0.0827956895379281 0.0191762589743691 0.0132147202672267 0.0883936713411649
0.0554810996563574 0.0168122629954306 0.0225212932553083 0.0884409060574065 0.0171296994418107 0.0218995864990285 0.0890626128136862 0.0191177677624349 0.0180052672142392 0.0929569320984756
0.0642142857142857 0.0198041635129315 0.0253812410523944 0.103047330376177 0.0201819256276195 0.0246418112293388 0.103786760199233 0.0230043507806154 0.0191153613007358 0.109313210127836
0.0747840531561462 0.0175824644701057 0.040316827201016 0.109251279111276 0.0181079700530321 0.0392873820068483 0.110280724305444 0.0198217447665807 0.0359298002893701 0.113638306022922
0.0635099337748344 0.0190781098354482 0.0260970545867262 0.100922812962943 0.0194342008973594 0.0254002344465241 0.101619633103145 0.0227915234798665 0.0188273651411178 0.108192502408551
0.0749317406143345 0.0213190743304145 0.0331186625818145 0.116744818646854 0.0217756679021614 0.0322255100656875 0.117637971162981 0.0244246762510476 0.0270413342680945 0.122822146960574
0.0567166666666667 0.0163377747097913 0.0246840078268242 0.0887493255065091 0.0166690363055812 0.0240354023719234 0.0893979309614099 0.0201197045728193 0.017276769797203 0.0961565635361303
0.0758945686900958 0.0176044721473221 0.0413843123539786 0.110404825026213 0.0181242215592345 0.0403661343042724 0.111423003075919 0.0198019099838816 0.037079234788409 0.114709902591783
0.0757517482517483 0.0200712451622562 0.0364020849863207 0.115101411517176 0.0205721768877453 0.0354210431049661 0.11608245339853 0.0221592272447989 0.0323124763374664 0.11919102016603
0.0384657039711191 0.0156193460881007 0.00784210565556982 0.0690893022866684 0.0157958856849079 0.00749643414379866 0.0694349737984396 0.0179388743406304 0.00329939630279025 0.073632011639448
0.0849337748344371 0.0201245039534153 0.045477052876078 0.124390496792796 0.0207170507692675 0.0443168017161364 0.125550747952738 0.0227001406792429 0.040432967885535 0.129434581783339
0.09375 0.0208737252318936 0.0528265727484198 0.13467342725158 0.0215998707310137 0.0514044926829498 0.13609550731705 0.0231930284693464 0.0482839873780442 0.139216012621956
0.0785304054054054 0.0166122965489822 0.0459692222311914 0.111091588579619 0.017230437039259 0.0447578635685435 0.112302947242267 0.0191853977877569 0.0409266259310327 0.116134184879778
0.0886411149825784 0.0183083493569094 0.0527551253545894 0.124527104610567 0.0190444510517929 0.0513126473297184 0.125969582635438 0.0203665677674761 0.0487217163408985 0.128560513624258
0.068972602739726 0.01843558042941 0.0328310028843078 0.105114202595144 0.0188782791873681 0.0319639152944718 0.10598129018498 0.0208004177984417 0.0281985973154419 0.10974660816401
0.0836538461538461 0.0201076959186246 0.0442311082658374 0.123076584041855 0.020714870404727 0.0430421253840787 0.124265566923614 0.0226674768137376 0.0392177686604948 0.128089923647197
0.0743527508090615 0.0173970258226329 0.0402478052219539 0.108457696396169 0.0179089565501807 0.039245056343897 0.109460445274226 0.0198514185966994 0.0354397041141565 0.113265797503966
0.0851957154192013 0.0193077296118012 0.0473402078713952 0.123051222967007 0.0199236736414886 0.0461341537889813 0.124257277049421 0.0227792417272885 0.0405412748937831 0.129850155944619
0.0737223974763407 0.0205677792025137 0.0333866930024466 0.114058101950235 0.0209901975243045 0.0325601655209715 0.11488462943171 0.0234972533724333 0.0276528043486596 0.119791990604022
0.059640522875817 0.0194805118382587 0.0214299991212445 0.0978510466303895 0.0197876569948591 0.020829355886287 0.098451689865347 0.0233288556985674 0.0138996810765103 0.105381364675124
0.0970363636363636 0.0221880520461429 0.0535317884445079 0.140540938828219 0.0229564011842094 0.0520274828451946 0.142045244427533 0.0260438904372884 0.0459808945777032 0.148091832695024
0.0623225721264937 0.0179679421595363 0.0270933578580848 0.0975517863949026 0.0183246565353901 0.0263949378735932 0.0982502063793942 0.0210280998175501 0.0211003352360515 0.103544809016936
0.0849053448391197 0.0200631326446433 0.0455639991375444 0.124246690540695 0.0206582482953833 0.0443991335373438 0.125411556140896 0.0226160560334998 0.0405658959607073 0.129244793717532
0.0705555555555556 0.0177323782131711 0.035792272522316 0.105318838588795 0.0182046186938111 0.0348673398471989 0.106243771263912 0.0206921037800653 0.029994453496009 0.111116657615102
0.0741414141414141 0.022740730518023 0.029534714643527 0.118748113639301 0.0231575968706025 0.0287195662038864 0.119563262078942 0.0260322311635607 0.0230953969313247 0.125187431351504
0.0690291262135922 0.0186326696063952 0.0324937476896708 0.105564504737514 0.0190498241156691 0.0316771697842931 0.106381082642891 0.0219799213329595 0.0259395166910891 0.112118735736095
0.0543217665615142 0.0143755163012931 0.0261427160672326 0.0825008170557958 0.0146988818922045 0.0255091607724578 0.0831343723505706 0.0182855052392419 0.0184811069770963 0.0901624261459321
0.0648662207357859 0.0160319968168832 0.0334399668907089 0.096292474580863 0.0164688239521243 0.0325841205167861 0.0971483209547858 0.018851426254019 0.027915571802487 0.101816869669085
0.0638215488215488 0.0203239702048735 0.0239552103521157 0.103687887290982 0.0206707310804403 0.0232771610797349 0.104365936563363 0.0244035742760216 0.0159728936131159 0.111670204029982
0.0917241379310345 0.0208111970540902 0.0509221410581627 0.132526134803906 0.0215047243538195 0.0495640518750378 0.133884223987031 0.0241059924181624 0.0444690258131527 0.138979250048916
0.0816905038010566 0.0244238609096517 0.0337286948690938 0.129652312733019 0.0248791831254315 0.0328412464445133 0.1305397611576 0.0266725217755281 0.0293427837377811 0.134038223864332
0.052722602739726 0.0153435007997991 0.0226453299088191 0.082799875570633 0.0156546645548234 0.022035726976053 0.0834094785033991 0.0175702908991237 0.0182824262980129 0.0871627791814391
0.0838283828382838 0.0205220278419959 0.0435904919859043 0.124066273690663 0.0210877100764497 0.0424829864500858 0.125173779226482 0.0237157778883066 0.0373362994855447 0.130320466191023
0.0881462585034014 0.019702636993622 0.0495198461264621 0.126772670880341 0.0203688670302789 0.0482150046178992 0.128077512388904 0.0236178221401426 0.0418503997990068 0.134442117207796
0.0533333333333333 0.0177751775318037 0.0184790558501674 0.0881876108164993 0.0180532619562933 0.0179347292470466 0.08873193741962 0.0208294627524766 0.0124986626933864 0.0941680039732802
0.0615151515151515 0.0178502752590503 0.0265178640427796 0.0965124389875234 0.0182104135006065 0.0258126688598381 0.0972176341704649 0.0201888964902957 0.0219377692521956 0.101092533778107
0.0567474048442907 0.0161440135686504 0.0250978771640547 0.0883969325245266 0.0164909728879446 0.024418334203266 0.0890764754853153 0.0190139633367363 0.0194759217202447 0.0940188879683366
0.0433606557377049 0.0167365049581783 0.0105404556739817 0.0761808558014282 0.0169275611350509 0.0101665704540262 0.0765547410213836 0.019827633151336 0.00448883504069005 0.0822324764347198
0.0571760797342193 0.0163924837302344 0.0250389035983547 0.0893132558700838 0.0167259866414451 0.0243857483503306 0.089966411118108 0.0193099930407732 0.0193239904144156 0.0950281690540229
0.0696341463414634 0.0167766793400172 0.0367427205751976 0.102525572107729 0.017217075476512 0.0358802886173341 0.103388004065593 0.0190740143746291 0.0322431394215491 0.107025153261378
0.0655574912891986 0.0175167549109629 0.0312175942970236 0.0998973882813736 0.0179447664061037 0.0303792444399406 0.100735738138457 0.0196846086736103 0.0269709500758922 0.104144032502505
0.0323839009287926 0.0211621714785797 -0.00915016863628761 0.0739179704938727 0.0212540871010307 -0.00932958264167053 0.0740973844992557 0.0241447649258063 -0.0149773095018292 0.0797451113594143
0.0504709254709255 0.0218982976136707 0.00750623550661962 0.0934356154352313 0.0221088679670837 0.0070947952151501 0.0938470557267009 0.0258413056469046 -0.000204361189710602 0.101146212131562
0.0737777777777778 0.018451688291819 0.0376006314764394 0.109954924079116 0.0189208811699954 0.0366819378820272 0.110873617673528 0.0213650582177308 0.0318949811574472 0.115660574398108
0.0845833333333333 0.0208639600992721 0.0436720974665993 0.125494569200067 0.0214152592273509 0.0425929735265589 0.126573693140108 0.0240077231993773 0.0375168379660297 0.131649828700637
0.0590094339622642 0.0190628568878666 0.0216237265135709 0.0963951414109575 0.0193572698179599 0.0210477308879316 0.0969711370365967 0.021777937084961 0.0163099095026054 0.101708958421923
0.0918197278911565 0.0182438592717422 0.0560604736694998 0.127578982112813 0.019016331256512 0.0545466841896642 0.129092771592649 0.0204505501517071 0.0517360037826248 0.131903451999688
0.0457467532467532 0.0161281571541205 0.0141197985419655 0.077373707951541 0.0163449042715008 0.0136956241736161 0.0777978823198904 0.020247708739838 0.00605371397027483 0.0854397925232317
0.0712980769230769 0.0184362090109534 0.0351516395489745 0.107444514297179 0.018879623012837 0.0342833992835915 0.108312754562562 0.0204377847224027 0.0312318509117046 0.111364302934449
0.0623648648648649 0.0176123062937759 0.0278345552761576 0.0968951744535721 0.0179880141018464 0.0270988458918898 0.0976308838378399 0.0201100564086376 0.0229426087480553 0.101787120981674
0.0560200668896321 0.0191015753005983 0.0185574552125822 0.093482678566682 0.0193845253731025 0.0180039289487675 0.0940362048304967 0.0220078740410968 0.0128695998777323 0.0991705339015319
0.0660355987055016 0.0175741592350673 0.0315820264949419 0.100489170916061 0.0179768398049631 0.0307933689590135 0.10127782845199 0.0192407970366857 0.028317583980131 0.103753613430872
0.104741641337386 0.0188947009077808 0.0677026218900109 0.141780660784761 0.0197618885293419 0.0660037320971061 0.143479550577666 0.0211967801594186 0.063192405127694 0.146290877547078
0.0718377483443709 0.0187005714141023 0.0351695129982346 0.108505983690507 0.0191599764852285 0.0342702048912927 0.109405291797449 0.0222852301810336 0.0281501721573956 0.115525324531346
0.0770307167235495 0.0201084916853767 0.037604007322836 0.116457426124263 0.0206141310195805 0.0366140347754637 0.117447398671635 0.0223182265881333 0.0332769803176399 0.120784453129459
0.0858833333333333 0.0174522014399741 0.0516751050887394 0.120091561577927 0.0181459893005046 0.0503155864541604 0.121451080212506 0.0204700341490774 0.0457612283846904 0.126005438281976
0.0745945945945946 0.0204011063919765 0.0345888003898752 0.114600388799314 0.0208663923009532 0.0336781894536991 0.11551099973549 0.0235619464829481 0.028400814533567 0.120788374655622
0.100016393442623 0.0207035364410403 0.0594258003205929 0.140606986564653 0.0214882753284397 0.0578890511139609 0.142143735771285 0.0242117986970537 0.0525543834102733 0.147478403474973
0.0477992957746479 0.0157034547985773 0.0170114651070251 0.0785871264422706 0.0159636576023629 0.0165019401778382 0.0790966513714576 0.0184796326473886 0.0115739761357161 0.0840246154135797
0.0848270440251572 0.0210816745350812 0.0434851397444156 0.126168948305899 0.0216212723842886 0.0424291973148003 0.127224890735514 0.0241982550144342 0.037384407204652 0.132269680845662
0.0578135593220339 0.0171157477025215 0.0242540140190718 0.091373104624996 0.0174507863731882 0.0235981018724446 0.0920290167716232 0.0211333912780647 0.0163858117944058 0.099241306849662
0.0827118644067797 0.0178476223645624 0.0477258461274021 0.117697882686157 0.0184904668374316 0.0464664301341526 0.118957298679407 0.020567013717244 0.0423977811950731 0.123025947618486
0.0752960526315789 0.0184354723593845 0.0391532344664203 0.111438870796738 0.0189407459294659 0.0381636924538963 0.112428412809262 0.0214182636580888 0.0333106789850828 0.117281426278075
0.0890625 0.0181279083163066 0.0535286859865802 0.12459631401342 0.0188375920954109 0.0521381412586447 0.125986858741355 0.0206015341174326 0.048681668991618 0.129443331008382
0.0967517006802721 0.0190651981199224 0.0593804213411038 0.13412298001944 0.0198868672667064 0.0577704761965469 0.135732925163997 0.0209743899059571 0.0556395144334116 0.137863886927133
0.0608557046979866 0.0170625897086193 0.0274048981750645 0.0943065112209087 0.0174287140049797 0.0266878475464211 0.095023561849552 0.0187897620054984 0.0240218999357566 0.0976895094602165
0.0881188118811881 0.0185377410502858 0.0517801785999353 0.124457445162441 0.0192210562977696 0.0504414537409557 0.12579617002142 0.0205339132099134 0.0478691610718676 0.128368462690509
0.0616451612903226 0.0168123156669612 0.02868252788554 0.0946077946951052 0.0171791978436947 0.0279641484116095 0.0953261741690357 0.0205231043853601 0.0214145147847156 0.10187580779593
0.0622923588039867 0.0182700840876106 0.0264687225876239 0.0981159950203496 0.018627261072693 0.0257695114409827 0.0988152061669907 0.0196926303178935 0.0236835917763831 0.10090112583159
0.0915422077922078 0.0215603636986856 0.049262853492059 0.133821562092357 0.0221921661708104 0.0480263554074249 0.135058060176991 0.0259524258256248 0.0406638814408631 0.142420534143552
0.06075 0.0187608876633938 0.0239639868909664 0.0975360131090336 0.0190938999952758 0.0233120842884861 0.0981879157115138 0.0218867577584653 0.0178430778040315 0.103656922195968
0.0922539682539683 0.0214314127050715 0.0502280953480182 0.134279841159918 0.0220621479721637 0.0489936344140912 0.135514302093845 0.0246305823485657 0.0439650328800667 0.14054290362787
0.0830645161290323 0.0201470996445897 0.0435553676194113 0.122573664638653 0.020701474679762 0.0424704996478644 0.1236585326102 0.02318742814794 0.0376038535268028 0.128525178731262
0.0734982332155477 0.019661748564215 0.0349472720092258 0.11204919442187 0.0201497053263259 0.0339919329993755 0.11300453343172 0.0237424608730766 0.0269555510368188 0.120040915394277
0.0699685534591195 0.0177344978206914 0.0351965075572425 0.104740599360996 0.0181700519689334 0.034343755002885 0.105593351915354 0.0205277491313491 0.0297264788885418 0.110210628029697
0.06375 0.0162141015194984 0.0319645506925139 0.0955354493074861 0.0166154942202569 0.0311782878744891 0.0963217121255109 0.0188158008256959 0.0268676167144769 0.100632383285523
0.0595932203389831 0.0204596882624012 0.0194641003357459 0.0997223403422202 0.0207634408163929 0.0188700058860008 0.100316434791965 0.0234561894540641 0.0136007819733148 0.105585658704651
0.0737627118644068 0.0180468410386492 0.0383836952708762 0.109141728457937 0.0185564330132305 0.0373855432976929 0.110139880431121 0.0205772755059305 0.03342669243349 0.114098731295324
0.0553472222222222 0.0206067260681279 0.0149311248100327 0.0957633196344117 0.0208749444856059 0.0144064796947468 0.0962879647496977 0.0246309972368241 0.00705516540591692 0.103639279038528
0.0555902777777778 0.016905770069714 0.0224446671202155 0.0887358884353401 0.0172268325786246 0.0218159951205927 0.0893645604349629 0.0211307049812604 0.014169270900721 0.0970112846548346
0.0878955696202532 0.0188746014303028 0.0508940449915836 0.124897094248923 0.019516890898924 0.0496359437006652 0.126155195539841 0.0207813352002235 0.0471589184589958 0.128632220781511
0.0797151898734177 0.0181266353807542 0.0441791583047963 0.115251221442039 0.0186785444258129 0.0430981662812297 0.116332213465606 0.0209073955496928 0.0387319222931584 0.120698457453677
0.111923076923077 0.0235965545762089 0.065646784248371 0.158199369597783 0.0244438856026986 0.063988849455358 0.159857304390796 0.0258948162503377 0.0611490658100835 0.16269708803607
0.0822916666666667 0.0200517145357264 0.0429705124292703 0.121612820904063 0.0205948976605314 0.0419074749153071 0.122675858418026 0.0230116323730105 0.0371761250826442 0.127407208250689
0.0892123287671233 0.0192548809930391 0.0514656858867094 0.126958971647537 0.0199559012328178 0.0500925020292633 0.128332155504983 0.0216912401643842 0.0466928450710335 0.131731812463213
0.0333673469387755 0.0186300590136814 -0.00317773972499943 0.0699124336025505 0.0187430382512447 -0.00339861998871561 0.0701333138662666 0.0209155481367843 -0.00764816343560347 0.0743828573131545
0.0829440789473684 0.0186114687052257 0.0464587904132491 0.119429367481488 0.0192152163836921 0.0452761500374829 0.120612007857254 0.0215357586445875 0.0407299399904335 0.125158217904303
0.0513198757763975 0.0168497319349285 0.0182767708579551 0.0843629806948399 0.0170984126373208 0.0177901503886293 0.0848496011641657 0.0196785855924994 0.012739110953429 0.0899006405993661
0.057901023890785 0.0182833720166717 0.0220501590129783 0.0937518887685917 0.0186019039832571 0.0214266619887567 0.0943753857928132 0.0221128529381101 0.0145515222498188 0.101250525531751
0.0916329966329966 0.0195902740881871 0.0532282508831797 0.130037742382814 0.020305035970999 0.0518282113980302 0.131437781867963 0.0225609072726856 0.0474088571475322 0.135857136118461
0.0878209459459459 0.0200067738973937 0.0485958665230228 0.127046025368869 0.0206551093662443 0.0473262954063218 0.12831559648557 0.0224524237322154 0.0438061446660672 0.131835747225825
0.105547703180212 0.0221394838699591 0.0621373058748789 0.148958100485545 0.0230210151588686 0.0604115054312086 0.150683900929215 0.0252230598939477 0.0560993746299 0.154996031730524
0.0482797427652733 0.0201232272948382 0.00878824624967341 0.0877712392808732 0.0203231759806653 0.00839783806760952 0.0881616474629371 0.0228706007855537 0.00341967357969092 0.0931398119508557
0.0884551495016611 0.019282330627191 0.0506544419820268 0.126255857021295 0.0199507213001485 0.0493452012413206 0.127565097762002 0.0219445435273696 0.0454391845933176 0.131471114410005
0.0806013745704467 0.020999319713375 0.0394232698742237 0.12177947926667 0.0215342162079261 0.0383763606495714 0.122826388491322 0.024886168443832 0.0318132504956127 0.129389498645281
0.0767307692307692 0.0182331460905445 0.0409882721192537 0.112473266342285 0.0187943561409683 0.0398888586381667 0.113572679823372 0.0209081819218295 0.0357473825401647 0.117714155921374
0.0701986754966887 0.0194309842383993 0.032096953871566 0.108300397121812 0.0198550383803694 0.0312669332062892 0.109130417787088 0.023061797292459 0.0249878032372357 0.115409547756142
0.0584375 0.0189237757141944 0.021322878464414 0.095552121535586 0.0192132114777552 0.0207566953629875 0.0961183046370126 0.0221371878987007 0.015033982488204 0.101841017511796
0.0783110367892977 0.0192814266890666 0.0405069735927209 0.116115099985874 0.019813590399629 0.0394649845669343 0.117157089011661 0.0223953748328949 0.0344085107169841 0.122213562861611
0.0440740740740741 0.0179968808137066 0.00877693584848126 0.0793712122996669 0.018171774430031 0.0084348346997219 0.0797133134484262 0.0202296950440992 0.0044077769791712 0.083740371168977
0.0695252578682888 0.0192093964686348 0.03186148783163 0.107189027904948 0.0196264678861345 0.0310449197543251 0.108005595982252 0.0222564506266335 0.0258943876679603 0.113156128068617
0.0468046357615894 0.014977117588431 0.017442430578395 0.0761668409447838 0.015222338213964 0.0169621682261758 0.076647103297003 0.0177180221664664 0.0120733641400204 0.0815359073831584
0.10156146179402 0.0202196320608485 0.0619216669846778 0.141201256603362 0.0210565001943756 0.0602825865354384 0.142840337052601 0.0230136208086911 0.0564487824602182 0.146674141127822
0.0918771929824561 0.0206382845583816 0.0514161129778933 0.132338272987019 0.0213510553958895 0.0500201526493912 0.133734233315521 0.0234752960397037 0.0458591302305374 0.137895255734375
0.0818167202572347 0.0212822408001087 0.0400765162997893 0.12355692421468 0.0217929981434528 0.0390773595300603 0.124556080984409 0.0252198614161144 0.0323700126451348 0.131263427869335
0.0833388704318937 0.0217042182648316 0.0407689469248263 0.125908793938961 0.0222413725864218 0.0397182981141024 0.126959442749685 0.0268001612343342 0.0307953591725591 0.135882381691228
0.0612815884476534 0.0177966044532461 0.0263915934782272 0.0961715834170796 0.0181800307520083 0.0256406674854658 0.096922509409841 0.0204381238803173 0.0212174681856917 0.101345708709615
0.0781833910034602 0.020117160769052 0.0387413774645256 0.117625404542395 0.0206440109146819 0.0377097483497084 0.118657033657212 0.022876084690142 0.0333381791151444 0.123028602891776
0.0793377483443709 0.0209069252010292 0.0383396165176888 0.120335880171053 0.0214093689461143 0.037356311288993 0.121319185399749 0.0237614940008274 0.0327515623751606 0.125923934313581
0.0696534653465347 0.0182458783678745 0.033881458195633 0.105425472497436 0.0186859757003967 0.0330196248499156 0.106287305843154 0.0205894049605806 0.0292914978959581 0.110015432797111
0.0640974729241877 0.0186564003150983 0.0275164263707781 0.100678519477597 0.0190582851310754 0.0267296869000248 0.101465258948351 0.0224026333369451 0.020180356685437 0.108014589162938
0.0904095563139932 0.0195087287692557 0.0521657243977786 0.128653388230208 0.0202167630742196 0.0507787560612978 0.130040356566689 0.0215124747376941 0.0482403426175469 0.132578770010439
0.0709621993127148 0.0188864120726752 0.0339291600352376 0.107995238590192 0.0193475611994564 0.0330264665520491 0.10889793207338 0.0228121723181961 0.0262418860108289 0.115682512614601
0.103622448979592 0.0196089832622503 0.0651855020888598 0.142059395870324 0.0205232808451155 0.0633940288137887 0.143850869145395 0.0214193741030334 0.0616381429700186 0.145606754989165
0.0859310344827586 0.0227127672989179 0.0413860313711106 0.130476037594407 0.023278886061159 0.0402785108585423 0.131583558106975 0.0266225629085316 0.033733893556389 0.138128175409128
0.0732 0.020433948098155 0.0331320299817507 0.113267970018249 0.0208754226763228 0.0322678847603268 0.114132115239673 0.0240208461485625 0.0261088251904922 0.120291174809508
0.0745551601423488 0.0205398462492136 0.0342804905133274 0.11482982977137 0.0210252578590557 0.0333302733435297 0.115780046941168 0.0237076122870753 0.0280778384352666 0.121032481849431
0.0814012738853503 0.0195849424323117 0.042996818999609 0.119805728771092 0.0201249686070195 0.0419398512191813 0.120862696551519 0.0231028027894444 0.0361092391253993 0.126693308645301
0.0883443708609272 0.0216449780927691 0.0459011883654109 0.130787553356443 0.02224351515203 0.0447296342777291 0.131959107444125 0.024759444230227 0.0398035224824328 0.136885219239422
0.0987299035369775 0.0198542439795419 0.0598055117798271 0.137654295294128 0.0206349614066836 0.0582765129206683 0.139183294153287 0.0220154416442564 0.0555725184954939 0.141887288578461
0.0597557003257329 0.0818507650011701 -0.101566049488388 0.221077450139853 0.0820477901492021 -0.101945716996734 0.2214571176482 0.0824147894430145 -0.102653091752492 0.222164492403958
0.0545051194539249 0.0187683853527236 0.0176980708133386 0.0913121680945112 0.0190463133117454 0.0171542784073796 0.0918559605004703 0.0227693078355149 0.0098659527141375 0.0991442861937123
0.0620344827586207 0.0183013687749169 0.0261516740747008 0.0979172914425406 0.0186678006180757 0.0254342193740574 0.0986347461431839 0.0203108142642887 0.0222166660091427 0.101852299508099
0.0793729903536978 0.0174360480412653 0.0451931566752549 0.113552824032141 0.0180120791730543 0.0440646960563768 0.114681284651019 0.0205257989144839 0.0391396041595272 0.119606376547868
0.0861895910780669 0.0220476882953934 0.0429591951974776 0.129419986958656 0.0226755551783517 0.0417300310625695 0.130649151093564 0.0269317155663404 0.0333946780849571 0.138984504071177
0.0859335443037975 0.0180122037407438 0.0506249481555699 0.121242140452025 0.0186539127332892 0.0493677526518554 0.12249933595574 0.0201083723485699 0.046518031258385 0.12534905734921
0.0668793103448276 0.0188124810108153 0.0299944684430141 0.103764152246641 0.0192256214009115 0.0291855522796691 0.104573068409986 0.0215476356413283 0.0246380327691725 0.109120587920483
0.0812673611111111 0.018842215542606 0.044330392973986 0.118204329248236 0.0194467203476211 0.0431462095202095 0.119388512702013 0.0210379883455856 0.0400287017398921 0.12250602048233
0.0549333333333333 0.0167566798767341 0.0220814339139938 0.0877852327526729 0.0170600797328543 0.0214872744882583 0.0883793921784083 0.0201827123064989 0.0153705593292615 0.0944961073374052
0.0953103448275862 0.0204906672653281 0.0551401572036698 0.135480532451503 0.0212478285177508 0.0536570993908163 0.136963590264356 0.0239332301312093 0.0483962915188932 0.142224398136279
0.0844107744107744 0.0197865318053555 0.0456159625740935 0.123205586247455 0.0203915265216581 0.0444313979906206 0.124390150830928 0.0231148760704933 0.0390977187104193 0.12972383011113
0.0528114478114478 0.0311560700285046 -0.00847013263454864 0.114093028257444 0.0313458034870885 -0.00883807245441157 0.114460968077307 0.0325471994901305 -0.011169961374291 0.116792856997187
0.0795297805642633 0.0275068620115826 0.0255111053932332 0.133548455735293 0.0278888903498008 0.0247666595989065 0.13429290152962 0.0304313360173017 0.0198070659333554 0.139252495195171
0.0692756183745583 0.0185109878297752 0.0329850036454471 0.105566233103669 0.0189701487575744 0.032085755631967 0.10646548111715 0.0205524499700163 0.0289864370914282 0.109564799657688
0.0624832214765101 0.0174940327141473 0.028187437197943 0.0967790057550772 0.0178701665302949 0.0274507300206356 0.0975157129323845 0.0206966083182366 0.0219137172879466 0.103052725665074
0.0463035714285714 0.0178738282343872 0.0112522499040756 0.0813548929530672 0.0180961460378427 0.0108172167333795 0.0817899261237634 0.0204950656340548 0.006121207556572 0.0864859353005709
0.0529047619047619 0.0192084120397615 0.0152307814843552 0.0905787423251686 0.0194484073622381 0.014761357581134 0.0910481662283898 0.0221712003389838 0.00943298524029603 0.0963765385692278
0.0414169381107492 0.0184345472585378 0.00525799263812379 0.0775758835833746 0.0185959768863581 0.00494231730624611 0.0778915589152523 0.0233395596093898 -0.00434149767930993 0.0871753739008083
0.0843606557377049 0.0203254389177721 0.0445084259264194 0.12421288554899 0.0208995622860509 0.0433843760188195 0.12533693545659 0.0226720795271272 0.0399133168750797 0.12880799460033
0.0593728813559322 0.0180510546443522 0.0239771861443948 0.0947685765674696 0.0183872483318413 0.0233191357908647 0.0954266269209997 0.0218322029673172 0.0165733513259536 0.102172411385911
0.0843874172185431 0.0358077529818875 0.0139629375388583 0.154811896898228 0.0361792587691243 0.0132422279464252 0.155532606490661 0.0381775096152395 0.0093608785622365 0.15941395587485
0.0678193146417445 0.0158630764497973 0.036723485405531 0.0989151438779581 0.0163122344432361 0.0358435353184879 0.0997950939650012 0.0176703669974739 0.0331825804096842 0.102456048873805
0.0597966101694915 0.017530402103352 0.0254276908036787 0.0941655295353043 0.0178790646688056 0.0247448964904399 0.0948483238485432 0.0203041028781541 0.0199948885459629 0.0995983317930202
