estimate std_1 lowerCI_1 upperCI_1 std_2 lowerCI_2 upperCI_2 std_3 lowerCI_3 upperCI_3
0.0764473684210526 0.0202376739594952 0.0367614109727084 0.116133325869397 0.0207166543493717 0.0358240402522693 0.117070696589836 0.0232487536564101 0.0308669019282522 0.122027834913853
0.0692038216560509 0.0191739181691547 0.031607987204784 0.106799656107318 0.0195753538308047 0.0308221311702422 0.10758551214186 0.0208531574264487 0.0283202235909467 0.110087419721155
0.0612131147540984 0.0194768125698592 0.0230186746941009 0.0994075548140959 0.01979894471855 0.0223882966361338 0.100037932872063 0.021545714772631 0.0189690833444759 0.103457146163721
0.0844554455445545 0.0196025400402289 0.0460255636661861 0.122885327422923 0.0202003587146319 0.0448546889943492 0.12405620209476 0.0218332305041976 0.0416561459784625 0.127254745110646
0.059241935483871 0.0176831447684173 0.0245702719940231 0.0939135989737188 0.0180073891408228 0.0239354725669038 0.0945483984008381 0.0205480818646101 0.0189599367017209 0.0995239342660211
0.0799146757679181 0.0231422944064643 0.0345314532288665 0.12529789830697 0.0236200883996647 0.0335964913164523 0.126232860219384 0.0251012696898566 0.0306973778991294 0.129131973636707
0.0838387096774194 0.0182104917576002 0.0481400595167068 0.119537359838132 0.0188277084515212 0.0469309787409806 0.120746440613858 0.021317637147914 0.0420527061084945 0.125624713246344
0.037524115755627 0.0143187346135424 0.00945292655701683 0.0655953049542372 0.0144805282920934 0.00913604837635256 0.0659121831349015 0.0155690789609911 0.0070038484086979 0.0680443831025561
0.0614612676056338 0.0177985128017531 0.0265695351311724 0.0963530000800952 0.0181739574311021 0.0258341197249748 0.0970884154862928 0.0191202766294555 0.023980335370067 0.0989421998412006
0.0856849315068493 0.0220280513649957 0.0424894205932806 0.128880442420418 0.0226019308728406 0.0413662217352912 0.130003641278407 0.0259019880793614 0.0349048551464219 0.136465007867277
0.0786290322580645 0.0219669033206693 0.035542528822358 0.121715535693771 0.0224282941124716 0.0346401657225443 0.122617898793585 0.0248203868883496 0.0299596769159632 0.127298387600166
0.0684146341463415 0.0216755087541215 0.0259079568528587 0.110921311439824 0.0220595668923876 0.0251564217039868 0.111672846588696 0.0250972405585204 0.0192098364159865 0.117619431876696
0.068758865248227 0.0204048335477612 0.028749502679863 0.108768227816591 0.0208207701814529 0.0279352588590575 0.109582471637396 0.022551395643048 0.0245466294313333 0.112971101065121
0.0477871621621622 0.0161178537276238 0.0161899330826123 0.0793843912417121 0.0163604327637104 0.0157147857132224 0.079859538611102 0.0180861998864304 0.0123340379360906 0.0832402863882337
0.0726736111111111 0.0196445972218542 0.0341546622672172 0.111192559955005 0.0201146197013545 0.0332345481539493 0.112112674068273 0.0225891279808351 0.0283890507838546 0.116958171438368
0.061084142394822 0.0172041943424163 0.0273507298324006 0.0948175549572434 0.0175586351574019 0.026656858628189 0.095511426161455 0.0213151432457248 0.0192999687299584 0.102868316059686
0.0689347079037801 0.0183922195094674 0.0328803215677601 0.1049890942398 0.0188360999775407 0.0320107667981 0.10585864900946 0.0206493250945178 0.0284583240605868 0.109411091746973
0.0397564935064935 0.0277668120585885 -0.0147553972122684 0.0942683842252555 0.027882223893508 -0.0149804856513303 0.0944934726643173 0.0299573147847785 -0.0190303514194236 0.0985433384324107
0.0912786885245902 0.0205795831688435 0.0509329314385971 0.131624445610583 0.0212396139625105 0.0496402452968397 0.132917131752341 0.0226731641682631 0.0468322408961246 0.135725136153056
0.0580817610062893 0.0186656171830792 0.0214812101501055 0.0946823118624731 0.018955475554341 0.0209138491447966 0.095249672867782 0.0205256184067161 0.0178397960443231 0.0983237259682556
0.067921146953405 0.0197827992967871 0.0291298876580484 0.106712406248762 0.0202058019035816 0.0283019059982461 0.107540387908564 0.0217989395940425 0.0251827943422731 0.110659499564537
0.0624657534246575 0.0202212802333041 0.0228092369063294 0.102122269942986 0.0205595759974403 0.0221473330103569 0.102784173838958 0.0231266298278352 0.0171226626375592 0.107808844211756
0.0768709677419355 0.0196895825485033 0.0382635831046888 0.115478352379182 0.0201759694980925 0.0373114484183724 0.116430487065499 0.0219969030405494 0.0337459898271256 0.119995945656745
0.060849358974359 0.0206543572072727 0.0203347857271953 0.101363932221523 0.0209514590602905 0.0197538528843835 0.101944865064334 0.0225133995815064 0.0166986031465903 0.105000114802128
0.077212543554007 0.0214624687991943 0.0351206898025788 0.119304397305435 0.0219526429876087 0.0341616826872054 0.120263404420809 0.0237811530997508 0.0305830934874669 0.123841993620547
0.0632954545454545 0.0175532580882507 0.0288791711996146 0.0977117378912945 0.0179267035155271 0.0281479988002765 0.0984429102906326 0.0207520203141515 0.0226146606043368 0.103976248486572
0.0663210702341137 0.0204635915288157 0.0261869330769095 0.106455207391318 0.0208308377075913 0.0254685081234464 0.107173632344781 0.0216784313840531 0.0238100616091952 0.108832078859032
0.0767808219178082 0.0184344767901305 0.04064325125357 0.112918392582046 0.0189794591409897 0.0395756629982721 0.113985980837344 0.0204951154625699 0.0366062876371914 0.116955356198425
0.0643729903536977 0.0182203339761452 0.0286459645623856 0.10010001614501 0.0185900557592989 0.0279222493614469 0.100823731345949 0.0203660455669239 0.0244449429467573 0.104301037760638
0.0749003322259136 0.0203092128109778 0.035078330708724 0.114722333743103 0.0207715714436865 0.0341732139635492 0.115627450488278 0.022483154163499 0.0308218702598697 0.118978794191958
0.0663980263157895 0.0176889216359001 0.0317187987211155 0.101077253910463 0.0181002043240431 0.030913337881824 0.101882714749755 0.0201186258667959 0.026959734686407 0.105836317945172
0.106360544217687 0.0207847197355639 0.0656168292279106 0.147104259207464 0.0216960068564108 0.0638315140346473 0.148889574400727 0.0234027277409052 0.060487548488227 0.152233539947147
0.07795 0.018517823505011 0.0416460550200439 0.114253944979956 0.0190630719793182 0.0405781948033401 0.11532180519666 0.0210578253764476 0.0366708401245035 0.119229159875496
0.068768115942029 0.0181072208961539 0.0332701037433462 0.104266128140712 0.018580614052477 0.0323429045084851 0.105193327375573 0.0209911651373585 0.0276207256696972 0.109915506214361
0.0541839762611276 0.0173283015352217 0.0202042368937271 0.0881637156285281 0.0175850536985396 0.0197017415204092 0.088666211001846 0.0190644597570259 0.0168056388223049 0.0915623136999503
0.0692203389830509 0.0188194439674947 0.0323254821033747 0.106115195862727 0.0192524617978401 0.0314774046626632 0.106963273303439 0.0216458282152875 0.0267891021518652 0.111651575814237
0.0523052959501558 0.0166548411308314 0.0196472537086317 0.0849633381916798 0.0169157592689427 0.0191365543988116 0.0854740375014999 0.0185121162273846 0.0160111817893507 0.0885994101109608
0.0676206896551724 0.0193975861846228 0.0295874182250509 0.105653961085294 0.0198080190944141 0.0287838799663682 0.106457499343977 0.0226475870409889 0.0232229994077761 0.112018379902569
0.0632539682539683 0.0173768015725771 0.0291797221389414 0.0973282143689951 0.0177460281431004 0.0284570508392695 0.098050885668667 0.0200750550342357 0.0238969878237366 0.1026109486842
0.0911783439490446 0.0206826038976578 0.0506248586645751 0.131731829233514 0.0213211912666483 0.0493746745774693 0.13298201332062 0.0236185596858338 0.0448758558777957 0.137480832020293
0.0721477663230241 0.0185079328140779 0.0358622469846398 0.108433285661408 0.0189917631549984 0.0349147496877245 0.109380782958324 0.0213193869512417 0.0303555768523008 0.113939955793747
0.0627574750830565 0.0219793574313273 0.0196439180598227 0.10587103210629 0.0222880192343513 0.019040379692447 0.106474570473666 0.0250893534277252 0.0135598514243197 0.111955098741793
0.0562333333333333 0.0192959857501786 0.0183938842351193 0.0940727824315473 0.0195764662039414 0.0178450011021152 0.0946216655645515 0.0230181142709305 0.0111068723420596 0.101359794324607
0.0828196721311475 0.0184247894106986 0.0467002600188242 0.118939084243471 0.0190306374212615 0.0455135125722658 0.120125831690029 0.0200850126119853 0.0434479903937052 0.12219135386859
0.0695439189189189 0.0171480088670295 0.0359290460081113 0.103158791829727 0.017622513776449 0.0349994575781067 0.104088380259731 0.018933415196182 0.0324311004641647 0.106656737373673
0.0783720930232558 0.0223040137107602 0.0346158545657311 0.122128331480781 0.022771002843324 0.0337030571866124 0.123041128859899 0.0241189787583625 0.0310672098937456 0.125676976152766
0.0540759075907591 0.0201263689526999 0.014595036244239 0.0935567789372791 0.0203769223920702 0.0141051975197255 0.0940466176617927 0.0226280984608811 0.00970179443650782 0.0984500207450103
0.0673841059602649 0.0183092517212012 0.0314865606430942 0.103281651277436 0.0187222398518073 0.0306779004432096 0.10409031147732 0.0204803734663682 0.0272346877004118 0.107533524220118
0.0814212328767123 0.0217966517410603 0.0386799634162285 0.124162502337196 0.0223215401118844 0.0376526224310941 0.125189843322331 0.0249242360293377 0.0325568416998175 0.130285624053607
0.100083612040134 0.021673553680286 0.0575896940210636 0.142577530059204 0.0224413131186756 0.0560863549387955 0.144080869141472 0.0242649219563031 0.0525148835035447 0.147652340576723
0.08935 0.020235690247194 0.0496759346305599 0.12902406536944 0.0208903400625392 0.0483940148163645 0.130305985183635 0.0229398531704997 0.0443799007259404 0.13432009927406
0.0719471947194719 0.0205415369497643 0.0316644566786986 0.112229932760245 0.020963118178331 0.0308394781824201 0.113054911256524 0.0225283439567542 0.0277757275072503 0.116118661931694
0.0490983606557377 0.0159013133990749 0.017921687934373 0.0802750333771025 0.0161539544080813 0.0174270137523608 0.0807697075591147 0.017714787567168 0.0143702979823778 0.0838264233290976
0.0680574324324324 0.0192280965863493 0.0303556823121265 0.105759182552738 0.0196389386496657 0.0295513919096176 0.106563472955247 0.0221813785905107 0.0245727169377412 0.111542147927124
0.0652013422818792 0.0259350449219404 0.0143100108637883 0.11609267369997 0.0262273289664699 0.013739117294346 0.116663567269412 0.028095331843923 0.0100886544070064 0.120314030156752
0.0715423728813559 0.0183666253817572 0.0355363070115448 0.107548438751167 0.0188388275439906 0.0346114049417759 0.108473340820936 0.0203240943544687 0.0317018718951063 0.111382873867606
0.0393234323432343 0.0159548321587507 0.00803577064919214 0.0706110940372765 0.0161216301140703 0.00770936801963238 0.0709374966668363 0.0190915653165262 0.00189486950563195 0.0767519951808367
0.0548109965635739 0.0167699687437356 0.0219341830307401 0.0876878100964076 0.0170807027199866 0.0213255994210454 0.0882963937061023 0.0180038209291634 0.0195174657118907 0.090104527415257
0.0820529801324503 0.0188948411081969 0.0450109985530112 0.119094961711889 0.0194817777881409 0.0438613933347934 0.120244566930107 0.0210243374524293 0.040839667954323 0.123266292310578
0.0790879478827362 0.0194352023093574 0.0409859226781917 0.117189973087281 0.0199587312273625 0.0399605707397009 0.118215325025771 0.0205889179809922 0.0387262274604883 0.119449668304984
0.0553728813559322 0.0199369315167079 0.0162697253524327 0.0944760373594317 0.0202071398561781 0.0157412157289028 0.0950045469829616 0.0222317481460572 0.0117796360505093 0.0989661266613552
0.0806984126984127 0.0190718930549827 0.0433048194511578 0.118092005945668 0.0196134659334792 0.0422444337807479 0.119152391616077 0.0210375674063998 0.0394555780530327 0.121941247343793
0.0607212187016747 0.0169410075648952 0.0275092432450376 0.0939331941583119 0.0172972068986408 0.026811602405366 0.0946308349979834 0.0191600477161369 0.0231625401731981 0.0982798972301513
0.0868668831168831 0.0198445971234215 0.0479576566674669 0.125776109566299 0.0204602355777284 0.0467523006316559 0.12698146560211 0.0225583569303169 0.0426434252148319 0.131090341018934
0.0935641891891892 0.0215086913859711 0.051391610071031 0.135736768307347 0.0221943527010451 0.050049205432174 0.137079172946204 0.0238608032377621 0.046785922910449 0.140342455467929
0.0425833333333333 0.0164304512356081 0.0103676219976261 0.0747990446690406 0.0166201769954851 0.00999619377860484 0.0751704728880618 0.0182689400965174 0.00676769037197818 0.0783989762946885
0.0527317880794702 0.0208046048037929 0.0119187553629824 0.093544820795958 0.0210377048095942 0.0114630974322609 0.0940004787266795 0.0226702700411755 0.00827047440521515 0.0971931017537252
0.0505912162162162 0.0164572102158088 0.0183240663560666 0.0828583660763658 0.0167244422998111 0.0178008490532779 0.0833815833791545 0.0194001419626718 0.0125605501598011 0.0886218822726314
0.0779787234042553 0.0207294068741715 0.0373332590738889 0.118624187734622 0.0212523322632643 0.0363095382697351 0.119647908538776 0.0233633503150919 0.0321758237450631 0.123781623063448
0.0917043128098405 0.0213575781550744 0.0498262640872615 0.133582361532419 0.0220196357019254 0.0485302281230036 0.134878397496677 0.0239897275438698 0.0446726362634715 0.138735989356209
0.0749480968858132 0.0203794546153577 0.0349896305222997 0.114906563249327 0.0208594790761083 0.0340498439200005 0.115846349851626 0.0228757764260074 0.0301014629492026 0.119794730822424
0.0582958199356913 0.0183349405276779 0.0223387950274406 0.0942528448439421 0.0186394902284293 0.0217429116870683 0.0948487281843144 0.0216003155181198 0.0159470163257149 0.100644623545668
0.0647157190635451 0.017469936191153 0.0304652093030703 0.09896622882402 0.0178725458849236 0.0296767739613858 0.0997546641657044 0.0215461358575221 0.0224807050610241 0.106950733066066
0.0637837837837838 0.0198502435361587 0.02485431341157 0.102713254155998 0.020203804175853 0.0241625712024129 0.103404996365155 0.0226825132097119 0.0193109889583372 0.10825657860923
0.0470862068965517 0.0188918086234897 0.0100324117424864 0.0841400020506171 0.0191040231180015 0.00961735411721711 0.0845550596758863 0.0224146022556409 0.00313851471969304 0.0910338990734104
0.0602076677316294 0.0192469995144026 0.0224651912665141 0.0979501441967447 0.0195541785926375 0.0218640156650105 0.0985513197982483 0.0213853237907245 0.0182793173314551 0.102136018131804
0.0678305084745763 0.0175384514095604 0.0334512241952301 0.102209792753922 0.0179818272966354 0.0325825518977858 0.103078465051367 0.0196238071904902 0.0293653043136715 0.106295712635481
0.0816946308724832 0.0205310483795823 0.0414397667838189 0.121949494961148 0.0210775634253292 0.0403697352237659 0.123019526521201 0.0221167201453381 0.0383348585755388 0.125054403169428
0.106826625386997 0.0206208758958037 0.0663996864471923 0.147253564326802 0.0214668181711471 0.0647428935647145 0.148910357209279 0.0232664050323351 0.0612178157430239 0.15243543503097
0.0523116438356164 0.0192480724247036 0.0145642148212943 0.0900590728499386 0.0194999453117778 0.0140713913601 0.0905518963111329 0.0217175858873211 0.00973071425725276 0.0948925734139801
0.0645286195286195 0.0238714738554813 0.0176981606510647 0.111359078406174 0.024178654203553 0.0170977269265079 0.111959512130731 0.0261566249950923 0.0132297250440838 0.115827514013155
0.0618073532646397 0.0198236364448116 0.0229339723621544 0.100680734167125 0.0201548213526078 0.0222858210068052 0.101328885522474 0.022499762942512 0.0176951112457525 0.105919595283527
0.0619009584664537 0.0173000215121835 0.0279798986116525 0.0958220183212549 0.0176571829933866 0.027280686496603 0.0965212304363044 0.0201114898512351 0.0224744817167417 0.101327435216166
0.0865064102564103 0.0206056983580887 0.0461015741970542 0.126911246315766 0.0211884094599235 0.0449609596903575 0.128051860822463 0.023828103867063 0.0397922821026883 0.133220538410132
0.0621147540983607 0.0670081732701264 -0.0699115247801476 0.194141032976869 0.0672032936330747 -0.0702878967151634 0.194517404911885 0.0678166984255146 -0.0714715627446081 0.195701070941329
0.0417161716171617 0.0199647576983919 0.00254518008060345 0.08088716315372 0.0201214757052613 0.00223896526936605 0.0811933779649574 0.0215826141010184 -0.000617249736420154 0.0840495929707436
0.0509450171821306 0.0189951955680377 0.0136871654609018 0.0882028689033593 0.0192397370855543 0.0132089262433111 0.08868110812095 0.0221645437552988 0.00748572120183229 0.0944043131624289
0.0543311036789298 0.0194316987390108 0.0162232949328165 0.092438912425043 0.0196939556121342 0.0157101637422793 0.0929520436155802 0.0211740436944859 0.0128134468551881 0.0958487605026714
0.058849840255591 0.0173276648014985 0.0248775526724601 0.092822127838722 0.0176501795788503 0.0242460108333166 0.0934536696778655 0.0191996232706595 0.0212114138101528 0.0964882667010293
0.0807142857142857 0.0201776854211871 0.0411498261624853 0.120278745266086 0.0207035741469294 0.0401203609297661 0.121308210498805 0.0231951577706705 0.0352414736140307 0.126187097814541
0.0841390728476821 0.02149345672961 0.0419921872365187 0.126285958458846 0.0220417437410984 0.0409190562542508 0.127359089441113 0.0230993553034142 0.038848668042729 0.129429477652635
0.0895454545454545 0.0197437823465436 0.0508347613193325 0.128256147771577 0.0203775275436556 0.0495938730766412 0.129497036014268 0.0240462409538397 0.0424081666092082 0.136682742481701
0.0697727272727273 0.0222782189006925 0.0260748804311085 0.113470574114346 0.0226426598980642 0.0253621747889172 0.114183279756537 0.0256145705980446 0.0195471629466379 0.119998291598817
0.0963993174061433 0.021933208151457 0.0533974450331201 0.139401189779167 0.0226528602853214 0.0519882062850097 0.140810428527277 0.0237693983191953 0.0498014884436749 0.142997146368612
0.0982033898305085 0.0203797437179766 0.0582528827842455 0.138153896876771 0.0211721701023163 0.0567005065658853 0.139706273095132 0.0217359198619516 0.055596046859156 0.140810732801861
0.0869205298013245 0.0202013165109418 0.0473153305170472 0.126525729085602 0.0208182778797312 0.0461070879632097 0.127733971639439 0.0224029805206754 0.0430031764035098 0.130837883199139
0.0489335664335664 0.0176703460790729 0.0142848363389713 0.0835822965281616 0.0179138637380098 0.0138081739289082 0.0840589589382247 0.0206822059718308 0.00838753030271457 0.0894796025644183
0.077411003236246 0.0208678992025962 0.0364866683500963 0.118335338122396 0.0213376566592708 0.0355675124856515 0.11925449398684 0.0231475574512185 0.0320250402254054 0.122796966247087
0.0987837837837838 0.0206092552985366 0.058383820388497 0.139183747179071 0.0213995475304804 0.0568355770479035 0.140731990519664 0.0220429754606067 0.0555749802473774 0.14199258732019
0.0711341853035144 0.0213738800787423 0.0292195451648022 0.113048825442227 0.0217586629301583 0.0284665635815696 0.113801807025459 0.0225247936189932 0.0269670890141807 0.115301281592848
0.0554754098360656 0.0209337885307053 0.0144119738878795 0.0965388457842516 0.0211858044788802 0.0139192306610483 0.0970315890110828 0.023030560666917 0.0103108403141144 0.100639979358017
0.0860963455149502 0.0211622713210978 0.0446004816482052 0.127592209381695 0.0217455249028522 0.0434587812643126 0.128733909765588 0.0244360442172833 0.0381905168581706 0.13400217417173
0.0814505119453925 0.0210992986097406 0.0400769099050977 0.122824113985687 0.0216389453189415 0.0390206627155792 0.123880361175206 0.023418382638808 0.0355368930261361 0.127364130864649
0.0970588235294118 0.0200013792692337 0.0578495914862096 0.136268055572614 0.0208060257621439 0.056273322445211 0.137844324613613 0.0223265208781137 0.0532944351361999 0.140823211922624
0.0559455128205128 0.0172573799942011 0.0221059667702253 0.0897850588708004 0.017553060450507 0.0215272244185886 0.090363801222437 0.0207465388281967 0.0152740082241586 0.0966170174168671
0.0637 0.0184808830760445 0.0274658407753613 0.0999341592246387 0.0188503286741181 0.0267424497746463 0.100657550225354 0.0204707397867926 0.0235690422121842 0.103830957787816
0.0615483870967742 0.018660739684835 0.0249556194307453 0.0981411547628031 0.0189937594693917 0.0243038636747025 0.0987929105188459 0.0204459837229067 0.0214610163233533 0.101635757870195
0.0535374149659864 0.0188282755104382 0.0166133293980124 0.0904615005339603 0.0190950557180222 0.0160913325837514 0.0909834973482214 0.0218475067847348 0.0107034305967077 0.0963713993352651
0.0542881944444444 0.0183566524815566 0.0182923683992599 0.090284020489629 0.0186420779445197 0.0177337344821049 0.090842654406784 0.0208919923598051 0.013328808427907 0.0952475804609819
0.0735758513931889 0.0194063438712893 0.0355174234811367 0.111634279305241 0.0198425650888905 0.034663910649717 0.112487792136661 0.0220801685973795 0.030284112988592 0.116867589797786
0.0847882736156352 0.020573280215857 0.0444487981354148 0.125127749095856 0.0211431282782478 0.0433332224457534 0.126243324785517 0.0234354753001994 0.0388443661028395 0.130732181128431
0.0612374581939799 0.0205827451590381 0.0208698847998148 0.101605031588145 0.0208961470389285 0.0202567876740616 0.102218128713898 0.0220703576629094 0.0179591575421688 0.104515758845791
0.117161290322581 0.0216327741380931 0.0747547699755169 0.159567810669644 0.0226385539094917 0.0727843780820199 0.161538202563141 0.023409322627468 0.0712742880857097 0.163048292559452
0.0450313479623824 0.0171301954356623 0.0114384654197696 0.0786242305049953 0.0173226178315799 0.0110619284995714 0.0790007674251935 0.0203723617937281 0.00509136608714865 0.0849713298376162
0.0767647058823529 0.0205004838597773 0.0365644348384077 0.116964976926298 0.0209741962933511 0.0356373051269481 0.117892106637758 0.0230829118207233 0.0315089795190183 0.122020432245688
0.0803717472118959 0.0197126913901033 0.0417284024123 0.119015092011492 0.0203187995691869 0.0405410758758785 0.120202418547913 0.0212553873618804 0.0387062266985072 0.122037267725285
0.0854983922829582 0.0195934423863621 0.0470855623155367 0.12391122225038 0.0201907264614765 0.0459158022672663 0.12508098229865 0.0212270185267912 0.043886031096622 0.127110753469294
0.0914597315436242 0.0186011630505818 0.0549989816760334 0.127920481411215 0.0193445117044311 0.0535423933943025 0.129377069692946 0.0198858598990291 0.0524815923090671 0.130437870778181
0.0564969135802469 0.0195690298271557 0.0181134670832582 0.0948803600772356 0.0198295198176548 0.0176040393410581 0.0953897878194357 0.0212270905597879 0.0148699791711566 0.0981238479893372
0.0741482649842271 0.0228151592089404 0.0293921435869971 0.118904386381457 0.0232054389972061 0.028629157679764 0.11966737228869 0.0255106250847142 0.0241203041140824 0.124176225854372
0.0807023411371237 0.0226520119080053 0.0362777359889931 0.125126946285254 0.0231395250909707 0.035323929385842 0.126080752888405 0.0257585137091848 0.0301978996405545 0.131206782633693
0.0852063492063492 0.0197232643613204 0.0465364614915466 0.123876236921152 0.0203062209680034 0.0453949757512261 0.125017722661472 0.0216184612572921 0.0428250728063477 0.127587625606351
0.0533389830508475 0.0166649903775485 0.0206647472506852 0.0860132188510098 0.0169584758872995 0.0200901109590139 0.0865878551426811 0.0192577903269633 0.0155869856081031 0.0910909804935918
0.0929896907216495 0.0212372358340856 0.0513495330145026 0.134629848428796 0.021934452634333 0.0499844861085862 0.135994895334713 0.0242410286034921 0.0454674307585856 0.140511950684713
0.062785016286645 0.0195367363130013 0.0244746822124916 0.101095350360798 0.0198714903552579 0.0238195227760896 0.1017505097972 0.0212113268990879 0.0211967086735761 0.104373323899714
0.0692269736842105 0.0165572364017932 0.0367714259185307 0.10168252144989 0.0170303532069217 0.0358444550782037 0.102609492290217 0.0181442492561968 0.0336618890326293 0.104792058335792
0.0789260563380282 0.0207316505895261 0.0382765406052087 0.119575572070848 0.0212631001541151 0.0372361057592554 0.120616006916801 0.024012446912954 0.0318520837478625 0.126000028928194
0.06078125 0.0287553797676562 0.00433612178570122 0.117226378214299 0.0290020525729442 0.00385482229898098 0.117707677701019 0.0313100894261676 -0.000651694057052933 0.122214194057053
0.106368243243243 0.0223994434187319 0.0624530647725428 0.150283421713944 0.0232450002916311 0.0607971799117283 0.151939306574758 0.024492350436845 0.0583541171040367 0.15438236938245
0.0616828478964401 0.0194824269496634 0.0234727877746596 0.0998929080182207 0.0198060256004801 0.0228397624170915 0.100525933375789 0.0210960906397955 0.0203154213037504 0.10305027448913
0.062039923613038 0.0232302974267457 0.0164647118169336 0.107615135409142 0.0235097225138902 0.0159186244119823 0.108161222814094 0.0255879062220728 0.0118551373272088 0.112224709898867
0.0922964169381107 0.0197312004630957 0.0536141256192622 0.130978708256959 0.0204285371683159 0.0522483456460247 0.132344488230197 0.0230651113550773 0.0470834643236361 0.137509369552585
0.0721986970684039 0.0212092607405681 0.0306019322661635 0.113795461870644 0.0216168747075063 0.0298045444990035 0.114592849637804 0.0238935544818433 0.0253490472347648 0.119048346902043
0.06203125 0.0314763527240446 0.00018325610877374 0.123879243891226 0.0317224075445405 -0.00029540108948236 0.124357901089482 0.033457881572456 -0.00367437938147538 0.127736879381475
0.056650641025641 0.0197068173893888 0.0179961259135045 0.0953051561377775 0.0199770884622402 0.0174676012209429 0.0958336808303391 0.0220060569415179 0.0134981214612351 0.099803160590047
0.0834313725490196 0.0194884366451148 0.0452229527841796 0.12163979231386 0.0200704655547986 0.0440831933409869 0.122779551757052 0.0226780749764876 0.0389756838895864 0.127887061208453
0.0696308724832215 0.019575472004941 0.0312487668211869 0.108012978145256 0.0199947637712622 0.0304278874464357 0.108833857520007 0.022387152546848 0.025742909471976 0.113518835494467
0.0680673758865248 0.0181778779471501 0.0324315845484412 0.103703167224608 0.0186302191784326 0.0315455670138612 0.104589184759188 0.0199496562868893 0.028960863591129 0.107173888181921
0.103016666666667 0.0195250838561719 0.0647432304567059 0.141290102876627 0.0204153766385597 0.0629989116579349 0.143034421675398 0.02196137205535 0.0599696723379428 0.146063660995391
0.0999025974025974 0.0204033719595668 0.059904616974504 0.139900577830691 0.0211883499090806 0.0583669566500536 0.141438238155141 0.0219833814586709 0.0568094808340787 0.142995713971116
0.0803398058252427 0.0186473580972895 0.0437822393255623 0.116897372324923 0.0192052476079022 0.0426895932038613 0.117990018446624 0.0206593270625886 0.0398413450596795 0.120838266590806
0.09534375 0.0198843529739102 0.0563612367466657 0.134326263253334 0.0205923535548838 0.0549745675862112 0.135712932413789 0.0214982890858957 0.0532000465736103 0.13748745342639
0.0863020833333333 0.0202400747057015 0.0466223061974047 0.125981860469262 0.0208760147761236 0.0453767695738658 0.127227397092801 0.0225804228178795 0.0420380957434073 0.130566070923259
0.0833044982698962 0.0204795643605009 0.0431531596859984 0.123455836853794 0.0210652645687957 0.0420061926457374 0.124602803894055 0.0233817678038186 0.0374689258382733 0.129140070701519
0.0495155709342561 0.0185589427968923 0.013116422238078 0.0859147196304341 0.0187965131109354 0.0126517031275665 0.0863794387409456 0.0211346767806822 0.00807592300103314 0.090955218867479
0.0649315068493151 0.018939377103677 0.0277986679696814 0.102064345728949 0.0193241561792227 0.0270452377976142 0.102817775901016 0.0215092889500793 0.022765650692977 0.107097363005653
0.0523065015479876 0.016354772266382 0.0202382540766171 0.0843747490193581 0.0166182017940691 0.0197225730937735 0.0848904300022018 0.0186992600749954 0.015647606072241 0.0889653970237343
0.0572222222222222 0.0232472235036283 0.0116159058396127 0.102828538604832 0.0234981749346068 0.0111254018558193 0.103319042588625 0.0252652446219738 0.00767007897588683 0.106774365468558
0.0550491803278689 0.021230726574274 0.0133924604567169 0.0967059001990208 0.0214778476162411 0.0129096586011521 0.0971887020545856 0.0236753926488666 0.0086136378841437 0.101484722771594
0.0696153846153846 0.0220154341922678 0.0264378351952155 0.112792934035554 0.0223922441834003 0.0257006967103438 0.113530072520425 0.0244551605720242 0.0216636604351617 0.117567108795608
0.0552559726962457 0.0186841696397337 0.0186146931555159 0.0918972522369755 0.0189705213377584 0.0180543905882714 0.0924575548042201 0.021740458415362 0.0126321431818496 0.0978798022106418
0.082796052631579 0.0180437859589928 0.0474256150437212 0.118166490219437 0.0186626384764284 0.0462131932604226 0.119378912002735 0.0198694412376197 0.0438487191486275 0.12174338611453
0.0537 0.0149953686007191 0.0243035930092745 0.0830964069907255 0.0153169709143143 0.0236736357237625 0.0837263642762375 0.018215875397808 0.0179941797874936 0.0894058202125064
0.0881953642384106 0.0219502094611463 0.0451514991499994 0.131239229326822 0.0225394872583257 0.0439982364660019 0.132392492010819 0.0249825797034428 0.0392153226440913 0.13717540583273
0.0814576271186441 0.0180849193487936 0.0460059168674663 0.116909337369822 0.0187013067821282 0.044798386056751 0.118116868180537 0.0207579819178857 0.0407688158039526 0.122146438433336
0.0704849498327759 0.0179956372514507 0.0352034196263646 0.105766480039187 0.0184580212190291 0.0342979502858535 0.106671949379698 0.0217007416580587 0.0279461601391399 0.113023739526412
0.0837623762376238 0.0201060132271033 0.044343848500723 0.123180903974524 0.0206808170334909 0.0432181837917311 0.124306568683516 0.0221206201876736 0.0403981482849503 0.127126604190297
0.0851760563380282 0.0224956509051659 0.0410649508199757 0.129287161856081 0.0230670085033148 0.0399465928782281 0.130405519797828 0.0241951161414118 0.0377380737114389 0.132614038964617
0.0877464788732394 0.0229688332239899 0.0427025309710267 0.132790426775452 0.0235635966500848 0.0415387267089975 0.133954231037481 0.0265311381309574 0.0357296270621954 0.139763330684284
0.0685358255451713 0.0156953618393403 0.0377706709866527 0.09930098010369 0.0161576730059415 0.0368647921959389 0.100206858894404 0.0178285845278571 0.0335905244046362 0.103481126685706
0.0731605351170569 0.019981120890943 0.0339780924347713 0.112342977799342 0.0204335743178257 0.0330926109324044 0.113228459301709 0.0237475230903477 0.0266042362977859 0.119716833936328
0.0598870967741936 0.0193855908435289 0.021869889349317 0.0979043041990701 0.0196911609392974 0.0212719988496236 0.0985021946987635 0.0222351761654616 0.016292278719229 0.103481914829158
0.0593234323432343 0.0177965061309615 0.0244318869894571 0.0942149776970115 0.0181263994338818 0.023785899787934 0.0948609648985347 0.0189027030092701 0.0222656076052976 0.096381257081171
0.0618611987381704 0.0182825015598327 0.0260113638106162 0.0977110336657245 0.0186175051206052 0.0253556595739323 0.0983667379024084 0.0198061621004637 0.0230286302091467 0.100693767267194
0.0586507936507936 0.0174957151114628 0.0243466366727393 0.092954950628848 0.0178118575326613 0.0237276989385452 0.0935738883630421 0.0202258222651077 0.0190003774855777 0.0983012098160096
0.0823745819397993 0.0186014119646469 0.0459082163985638 0.118840947481035 0.0192074973747198 0.044721069270933 0.120028094608666 0.0211452178440458 0.0409250883865934 0.123824075493005
0.0816271186440678 0.0195164753699743 0.0433637490682731 0.119890488219862 0.0200939496997995 0.0422329073200299 0.121021329968106 0.0228383867344523 0.036857352638394 0.126396884649742
0.0661666666666667 0.0189164625982396 0.0290728750856687 0.103260458247665 0.019307031002189 0.0283084584248366 0.104024874908497 0.021713691742365 0.0235965778110188 0.108736755522315
0.0568243243243243 0.0190398061859835 0.0194882744261784 0.0941603742224703 0.0193331609120207 0.018914149337091 0.0947344993115576 0.0213481141457644 0.0149695145422679 0.0986791341063807
0.0869269102990033 0.0187497157100412 0.050172859630635 0.123680960967372 0.0194122010298054 0.0488749350004513 0.124978885597555 0.0212578493408311 0.0452586663081244 0.128595154289882
0.0609797297297297 0.0201440114176462 0.0214729553531301 0.100486504106329 0.0204642041031526 0.0208465563406477 0.101112903118812 0.023025202163438 0.0158342676527241 0.106125191806735
0.100277777777778 0.0242227196474668 0.0527750597295733 0.147780495825982 0.0249453968187632 0.0513609243741688 0.149194631181387 0.0265178094975969 0.0482832052685179 0.152272350287038
0.055752508361204 0.0224944009488469 0.0116374295366114 0.0998675871857966 0.0227359628478129 0.0111648247355092 0.100340191986899 0.0241810787508266 0.00833684332949917 0.103168173392909
0.0777627118644068 0.0186510295616176 0.0411984041889504 0.114327019539863 0.0191987941100226 0.0401255509854828 0.115399872743331 0.0223232721232789 0.0340046765989299 0.121520747129884
0.0625752508361204 0.0170435022118368 0.0291626170800721 0.0959878845921687 0.0174289260797768 0.0284077183299633 0.0967427833422775 0.0190371401415896 0.0252574136360412 0.0998930880361996
0.105553691275168 0.0223262422666186 0.0617787772991714 0.149328605251164 0.023157255769973 0.0601517123353735 0.150955670214962 0.0250014328806765 0.0565401892282355 0.1545671933221
0.0636333333333333 0.0187617071336577 0.0268468978630709 0.100419768803596 0.0191256708169615 0.0261343359307239 0.101132330735943 0.0215965400807174 0.0212956068458272 0.105971059820839
0.0685590277777778 0.0207395444617654 0.0278842712726332 0.109233784282922 0.0211406871262615 0.0270994991660232 0.110018556389532 0.0236933670077736 0.0221034510146902 0.115014604540865
0.0927333333333333 0.0192852119212126 0.0549256199851762 0.13054104668149 0.0200207982310657 0.0534848953019466 0.13198177136472 0.02227789451522 0.0490633700413306 0.136403296625336
0.0860553633217993 0.0224266989205832 0.0420800502608632 0.130030676382735 0.023001090691102 0.0409557098168033 0.131155016826795 0.0253339626630257 0.0363879818503681 0.135722744793231
0.06858934169279 0.0183736915152491 0.0325638327480027 0.104614850637577 0.0187777130932463 0.0317728330566249 0.105405850328955 0.021127041813532 0.0271720674297329 0.110006615955847
0.047 0.0172735905095002 0.0131236699250275 0.0808763300749726 0.0174943557939539 0.0126917528718923 0.0813082471281077 0.0201564042625067 0.00748113984955332 0.0865188601504467
0.0994636678200692 0.0196328821184668 0.0609799769024845 0.137947358737654 0.0204903265816499 0.0592998919944302 0.139627443645708 0.0221691379852006 0.0560102130785846 0.142917122561554
0.0477871621621622 0.0211613447168329 0.00627285336397977 0.0893014709603446 0.0213566107842916 0.00589119567555546 0.0896831286487689 0.024401504763552 -6.42265499634295e-05 0.0956385508742878
0.0594272445820433 0.0168485470087966 0.0263949262403983 0.0924595629236884 0.0171755402424651 0.0257545791032368 0.0930999100608499 0.0188526081950953 0.0224698363196331 0.0963846528444536
0.0755980066445183 0.0206306227210539 0.0351433479125994 0.116052665376437 0.021095080190938 0.03423428091634 0.116961732372696 0.0231001239269085 0.0303087918422232 0.120887221446813
0.0531019413998137 0.0186388097155242 0.0165539338853407 0.0896499489142868 0.0189139176671981 0.0160154469875982 0.0901884358120293 0.0197454885894865 0.0143875239404504 0.0918163588591771
0.0945195729537367 0.0191997281700979 0.0568858022020904 0.132153343705383 0.020014283487663 0.0552896541479931 0.13374949175948 0.020601521309597 0.054138908898418 0.134900237009055
0.0512664473684211 0.0153419546478368 0.0211919298244542 0.0813409649123879 0.0156251657778062 0.0206371046446941 0.081895790092148 0.0169532554567825 0.0180350912206957 0.0844978035161464
0.0716019417475728 0.018325018780653 0.0356724743758499 0.107531409119296 0.0187792800314367 0.0347830662584351 0.108420817236711 0.0211185807576583 0.0302017328104886 0.113002150684657
0.0691811846689896 0.0182529080845373 0.0333965830750414 0.104965786262938 0.0187105745804085 0.0325002578863052 0.105862111451674 0.0201989724197096 0.0295848729565871 0.108777496381392
0.0705685618729097 0.0229965864369519 0.0254572469999287 0.115679876745891 0.02337000284969 0.0247271981551685 0.116409925590651 0.0259505292678676 0.0196794432432473 0.121457680502572
0.0772413793103448 0.0205072413795032 0.0370258084214576 0.117456950199232 0.0209676498586086 0.0361248504745057 0.118357908146184 0.0240996992687482 0.0299932132002874 0.124489545420402
0.0947333333333333 0.0506119380283402 -0.00488647676639117 0.194353143433058 0.0509758778525334 -0.00559075780933518 0.195057424476002 0.0517374509087963 -0.00706534136406825 0.196532008030735
0.0915533980582524 0.0207815038364641 0.0508068805468048 0.1322999155697 0.0214322993241219 0.0495327166138608 0.133574079502644 0.0231837160325966 0.0461029739664214 0.137003822150083
0.0668793103448276 0.021294162257556 0.0251189226431261 0.108639698046529 0.0216644102717511 0.0243944904205094 0.109364130269146 0.0241232170149841 0.0195817595751456 0.11417686111451
0.0772757475083057 0.0219217358410502 0.034282184671692 0.120269310344919 0.0223811624344766 0.0333834004842222 0.121168094532389 0.0245607162577662 0.029117900995329 0.125433594021282
0.0603156146179402 0.0176156658948491 0.0257781556888582 0.0948530735470222 0.0179620607625586 0.0250998807187603 0.0955313485171201 0.0204580138723254 0.0202113748270764 0.100419854408804
0.109934210526316 0.0226845298894906 0.0654577018753096 0.154410719177322 0.0235530462109576 0.0637571097474794 0.156111311305152 0.0256658779650791 0.0596192123059973 0.160249208746634
0.0591564417177914 0.0164582350491048 0.0268911986018479 0.0914216848337349 0.0167860363006321 0.0262491621561266 0.0920637212794562 0.0184524559357972 0.0229848329656166 0.0953280504699663
0.0864851485148515 0.0183587103071317 0.050497535236347 0.122472761793356 0.0190236021872663 0.0491948978155231 0.12377539921418 0.0206262666485908 0.0460547407013965 0.126915556328307
0.0695890410958904 0.0198285508012595 0.0307019539113833 0.108476128280398 0.02025287728622 0.0298717577562284 0.109306324435552 0.0230113692743145 0.0244723362123594 0.114705745979421
0.0856401384083045 0.0205849886519346 0.0452811598637027 0.125999116952906 0.021200368272744 0.0440761499269143 0.127204126889695 0.0228703230383526 0.0408055469835285 0.13047472983308
0.0723421926910299 0.0201526666235903 0.032828482808988 0.111855902573072 0.0205876834251719 0.0319768098624706 0.112707575519589 0.0225266846991976 0.0281798139329524 0.116504571449107
0.0561980830670926 0.022180967710409 0.0126778221511146 0.0997183439830707 0.0224217932101144 0.0122072927587198 0.100188873375466 0.024571863301205 0.00800402443950473 0.104392141694681
0.0764646464646465 0.0242757497372973 0.0288415887641594 0.124087704165134 0.0246933053827574 0.0280253649195363 0.124903928009757 0.0273665412824683 0.0227968845039815 0.130132408425311
0.0616161616161616 0.0163929658092151 0.0294827213703706 0.0937496018619526 0.0167820597461626 0.0287203707342298 0.0945119524980935 0.0170000420503733 0.0282932684137884 0.0949390548185348
0.077876254180602 0.0182915312818245 0.0420181959996038 0.1137343123616 0.0188432039135275 0.0409375615732556 0.114814946787948 0.0199210756031492 0.0388260005589765 0.116926507802228
0.0422564935064935 0.0206976817987603 0.00165036107467688 0.0828626259383101 0.0208504588842829 0.0013517847803711 0.0831612022326159 0.0227057466204403 -0.00227580339654419 0.0867887904095312
0.0733114754098361 0.018890137371794 0.0362744025871657 0.110348548232506 0.0193581506159713 0.035358040091484 0.111264910728188 0.020920011307507 0.0322993749094267 0.114323575910245
0.0841580756013746 0.0197027371629414 0.0455315531797599 0.122784598022989 0.0203176595735709 0.0443271967250973 0.123988954477652 0.0224057350439767 0.0402369329645804 0.128079218238169
0.0629934210526316 0.0216872942104737 0.0204591461415624 0.105527695963701 0.0219976247246254 0.0198520771576487 0.106134764947614 0.0240536896063746 0.015828567582805 0.110158274522458
0.0876116838487973 0.0234965076523041 0.041529545711687 0.133693821985908 0.0240639977076186 0.0404193482313858 0.134804019466209 0.0251314751273577 0.0383305232629791 0.136892844434615
0.0771732026143791 0.0198211538893693 0.0383064313154763 0.116039973913282 0.0203148274329681 0.0373401319709213 0.117006273257837 0.0223883191370063 0.0332803983605451 0.121066006868213
0.0675653594771242 0.0190071065550056 0.0302960737983854 0.104834645155863 0.0194035975802644 0.0295199295809116 0.105610789373337 0.0219391465903735 0.0245549931243366 0.110575725829912
0.0636912751677852 0.0182582359046757 0.0278952150632049 0.0994873352723655 0.0186338388915952 0.0271596736593258 0.100222876676245 0.0209189083980725 0.0226839373955 0.10469861294007
0.0677253865144538 0.0180206522744094 0.0323991323424622 0.103051640686445 0.0184639854123158 0.0315306672221982 0.103920105806709 0.0194252635569558 0.0296474403964285 0.105803332632479
0.0875645161290323 0.0214313361649448 0.0455381645343597 0.129590867723705 0.022010534477231 0.0444046264797321 0.130724405778332 0.0242767842820156 0.0399679639953329 0.135161068262732
0.0864041095890411 0.0221777906901377 0.0429138730028999 0.129894346175182 0.0227576108704041 0.0417791285887177 0.131029090589364 0.0251990241497238 0.0369995496276773 0.135808669550405
0.0820645161290323 0.0197795266100832 0.0432802069990027 0.120848825259062 0.0203295605887746 0.0422035155739214 0.121925516684143 0.0221073963591751 0.0387225350154263 0.125406497242638
0.058042071197411 0.0202053357363765 0.018414646577722 0.0976694958171 0.0204837793249479 0.01786994164682 0.098214200748002 0.0219794421476432 0.014943198715294 0.101140943679528
0.0589107142857143 0.0195540676423093 0.0205671185121407 0.0972543100592879 0.019878005753718 0.0199330934887712 0.0978883350826574 0.0219055762930417 0.0159635397822459 0.101857888789183
0.0837796610169492 0.0197623937979538 0.0450345179255825 0.122524804108316 0.0203626098113363 0.0438591091686304 0.123700212865268 0.0227053400027371 0.0392703889178353 0.128288933116063
0.0638120567375886 0.0195821941241014 0.0254147890436404 0.102209324431537 0.0199565484613125 0.0246820003331086 0.102942113142069 0.0232635058444963 0.0182063620654163 0.109417751409761
0.0653921568627451 0.0174768055844664 0.0311298030251782 0.099654510700312 0.017877694464482 0.0303446308472478 0.100439682878242 0.0203974559013705 0.0254085669394709 0.105375746786019
0.0372931034482759 0.0192712650621702 -0.000513856018748815 0.0751000629153005 0.0194082179052314 -0.000781521554610774 0.0753677284511625 0.0217614077700452 -0.00538344683868529 0.079969653735237
0.0663728813559322 0.0218717270661106 0.023479275210348 0.109266487501516 0.0222218547718098 0.0227942392246872 0.109951523487177 0.0235631734973633 0.0201692727872485 0.112576489924616
0.0675322580645161 0.017508793496739 0.0332079554710904 0.101856560657942 0.0179292354502119 0.0323844334786278 0.102680082650404 0.0189310036063777 0.0304220831055212 0.104642433023511
0.0607679738562091 0.0193303436444189 0.0228593984843412 0.0986765492280771 0.0196494710551716 0.0222349659071331 0.0993009818052852 0.0215574830336824 0.0185003706683675 0.103035577044051
0.0555263157894737 0.0156090330040716 0.0249267058250299 0.0861259257539174 0.0159352389032502 0.024287743216048 0.0867648883628993 0.0173431086578897 0.0215297327978421 0.0895228987811053
0.0787947882736156 0.020844604413759 0.0379174768194913 0.11967209972774 0.0213341008983918 0.0369596050883111 0.12062997145892 0.023499785251116 0.0327202602229481 0.124869316324283
0.0703374233128834 0.0177927011188706 0.0354535128757134 0.105221333750053 0.018220143560828 0.0346164876942204 0.106058358931547 0.0198188120534451 0.031485410252185 0.109189436373582
0.0740566037735849 0.017143526619232 0.040449157915438 0.107664049631732 0.0176440719779787 0.0394686655948919 0.108644541952278 0.0200464925125983 0.0347619784054388 0.113351229141731
0.062983606557377 0.0211137378503035 0.0215728791070063 0.104394334007748 0.0214309021379923 0.0209524990106509 0.105014714104103 0.0235008985439235 0.0169019845224272 0.109065228592327
0.0755940594059406 0.0186477015394423 0.0390349564377141 0.112153162374167 0.0191530854668139 0.0380452148513772 0.113142903960504 0.02108092489837 0.0342690915017583 0.116919027310123
0.0568543046357616 0.0194965346440414 0.0186245029723024 0.0950841062992207 0.0197777167203442 0.018074123896755 0.0956344853747681 0.0213973906099631 0.0149031076838936 0.0988055015876296
0.0939198606271777 0.0205785134340435 0.053577109299836 0.134262611954519 0.0213189878423569 0.0521267729840823 0.135712948270273 0.0230392463816436 0.0487569228704563 0.139082798383899
0.0730847457627119 0.0175809617547685 0.0386215139440329 0.107547977581391 0.0180930831961966 0.0376182019607694 0.108551289564654 0.0197899859641106 0.0342934544510402 0.111876037074384
0.0772638436482085 0.0204141549099035 0.0372366011391262 0.117291086157291 0.0208933015379853 0.0362985830138569 0.11822910428256 0.0226991814035303 0.0327624588176393 0.121765228478778
0.0831818181818182 0.0173287162714327 0.0492137108758607 0.117149925487776 0.0179474643046323 0.0480014313977071 0.118362204965929 0.0190319662783125 0.0458764927456519 0.120487143617984
0.0668604651162791 0.0220246620175764 0.0236619898958365 0.110058940336722 0.0223715165219335 0.0229835853127821 0.110737344919776 0.0242591397692663 0.019290283132137 0.114430647100421
0.0727946127946128 0.024631013996935 0.0244704691659364 0.121118756423289 0.0250069619648718 0.0237357706330673 0.121853454956158 0.0278838270558444 0.0181100760998243 0.127479149489401
0.0683656957928803 0.0229457020075625 0.0233520362778065 0.113379355307954 0.0232869734010346 0.0226849310251039 0.114046460560657 0.0261586438078941 0.0170680947604182 0.119663296825342
0.0696034482758621 0.0190421557221329 0.032264753337856 0.106942143213868 0.0194844963671908 0.0313988976611869 0.107807998890537 0.0234768584155647 0.0235807125361619 0.115626184015562
0.0778321678321678 0.0195889264953713 0.0394259240203958 0.11623841164394 0.0201299896404146 0.03836645326462 0.117297882399716 0.0230325303979863 0.0326814547869213 0.122982880877414
0.0670547945205479 0.0185403339318269 0.0307076253607128 0.103401963680383 0.0189571813819261 0.0298911862370217 0.104218402804074 0.0209875339215416 0.0259139299310131 0.108195659110083
0.0750385802469136 0.0217196000685788 0.0324482858897218 0.117628874604105 0.0221753919889436 0.0315561988363904 0.118520961657437 0.0244083652459047 0.0271845087789174 0.12289265171491
0.0586065573770492 0.016003884233586 0.0272331521700967 0.0899799625840017 0.0163565766791586 0.0265422909257857 0.0906708238283127 0.0176016667575884 0.0241031378956838 0.0931099768584146
0.0759163987138264 0.0183680527616695 0.0399058654992254 0.111926931928427 0.0188717830175226 0.0389193374636608 0.112913459963992 0.0208406275987794 0.0350628027676177 0.116769994660035
0.0555956678700361 0.0208315026137866 0.0147374215621966 0.0964539141778756 0.0211102355107067 0.0141922595964181 0.0969990761436541 0.0237812203085764 0.00896567720038133 0.102225658539691
0.0902083333333333 0.0207059313101908 0.0496081938318456 0.130808472834821 0.021334880871977 0.0483769579850829 0.132039708681584 0.0227771991318735 0.0455528786430908 0.134863788023576
0.0713682432432432 0.0245972908177559 0.0231159078153185 0.119620578671168 0.024960060485924 0.022406721966769 0.120329764519717 0.0267131799549709 0.0189781764502322 0.123758310036254
0.0668279569892473 0.0199797201711692 0.0276560582700247 0.10599985570847 0.0203842839430303 0.0268638499329552 0.106792064045539 0.0220342563712182 0.023632389042724 0.110023524935771
0.0701909722222222 0.0187561905079121 0.0334173080129052 0.106964636431539 0.019214162758158 0.03252055141737 0.107861393027074 0.0213723868278985 0.0282936147597228 0.112088329684722
0.0598717948717949 0.0186961239695079 0.0232156516676579 0.0965279380759319 0.0190518946236469 0.0225190368016575 0.0972245529419323 0.0228643607471991 0.0150516855815418 0.104691904162048
0.100474683544304 0.0241310379178755 0.0531431072501018 0.147806259838506 0.0247970839810172 0.0518404765988598 0.149108890489748 0.0276804030879082 0.0461985041033251 0.154750862985282
0.0959872611464968 0.0207074766810757 0.0553864565002242 0.136588065792769 0.021412010264509 0.0540070192210568 0.137967503071937 0.0235767371604232 0.0497676142866151 0.142206908006379
0.0945484949832776 0.0217332691948278 0.0519344933754645 0.137162496591091 0.0224196341150564 0.0505908089993391 0.138506180967216 0.0248524667710304 0.0458268026548158 0.143270187311739
0.0671117959253553 0.0180608170743955 0.0317039533845459 0.102519638466165 0.0184847804812986 0.0308736253502786 0.103349966500432 0.020233356108706 0.0274485388890965 0.106775052961614
0.0532482993197279 0.0197994149525347 0.0144208551902262 0.0920757434492296 0.0200513712386732 0.013927823525811 0.0925687751136448 0.022517068211989 0.00910117598600507 0.0973954226534507
0.0675662251655629 0.0180262108317574 0.0322223366376227 0.102910113693503 0.018447884252465 0.0313967545662419 0.103735695764884 0.0209730701351411 0.0264514058689942 0.108681044462132
0.0560284810126582 0.0166015727263351 0.0234807525007764 0.0885762095245401 0.0169036375300206 0.022889203291145 0.0891677587341715 0.0185269421816873 0.0197096911931685 0.092347270832148
0.0771180555555556 0.0219228043220396 0.0341249735912184 0.120111137519893 0.022400267210713 0.0331907404005582 0.121045370710553 0.0246082604505362 0.0288689553081481 0.125367155802963
0.0753094462540717 0.0191356200067536 0.0377906081178691 0.112828284390274 0.0196197707408594 0.0368426808145333 0.11377621169361 0.0220249726338734 0.0321323019167776 0.118486590591366
0.0956770833333333 0.0223476251955567 0.0518596117149974 0.139494554951669 0.0230571933498299 0.0504703998917099 0.140883766774957 0.0249871566191242 0.0466910455838795 0.144663121082787
0.0482491582491582 0.0165934376567625 0.0157155728988191 0.0807827435994974 0.0168344095790856 0.0152437443602841 0.0812545721380324 0.0178483414102511 0.013258177256334 0.0832401392419825
0.0603666666666667 0.0184294788700078 0.0242303551184363 0.096502978214897 0.0187639959302893 0.0235755125005508 0.0971578208327826 0.0199626629897488 0.0212286102192489 0.0995047231140845
0.0602920962199313 0.0224438521659426 0.016268002795645 0.104316189644218 0.0227340616862978 0.0157005253994773 0.104883667040385 0.0248928542285725 0.0114773879043955 0.109106804535467
0.0629611650485437 0.0224973209934023 0.018826052957919 0.107096277139168 0.022794591218271 0.0182450058161682 0.107677324280919 0.0256838283695199 0.0125941257168718 0.113328204380216
0.0610714285714286 0.0178913474757141 0.0259861454956029 0.0961567116472542 0.0182350185385907 0.0253136111246501 0.0968292460182071 0.0222268957157334 0.0174976663820617 0.104645190760795
0.0552857142857143 0.0158945656002468 0.0241258704294195 0.0864455581420091 0.0162016592542159 0.0235243723627935 0.087047056208635 0.0173321365001958 0.0213099004082127 0.0892615281632159
0.0742691029900332 0.0201316810052706 0.0347993730913052 0.113738832888761 0.0205891308900169 0.0339035937858189 0.114634612194248 0.0221643468326093 0.0308185204675033 0.117719685512563
0.0742662116040956 0.0181204552486516 0.038739541504558 0.109792881703633 0.0186394197627545 0.0377233022585031 0.110809120949688 0.0214760728660869 0.0321671374043664 0.116365285803825
0.0700692041522491 0.0207890981831637 0.0293026139666785 0.11083579433782 0.0212038445012567 0.0284909183029087 0.11164749000159 0.0240777817395175 0.0228642941107621 0.117274114193736
0.0855128205128205 0.0191387608584498 0.0479916789587029 0.123033962066938 0.019747685411131 0.0467990932703328 0.124226547755308 0.0218700809386453 0.0426416425761684 0.128383998449473
0.0991034482758621 0.0211248844837965 0.0576904387511075 0.140516457800617 0.0219183917376822 0.0561361355239113 0.142070761027813 0.0233053570081796 0.0534190879409291 0.144787808610795
0.042652027027027 0.0163016315570913 0.0106865963393293 0.0746174577147248 0.0164965003952459 0.0103051797503608 0.0749988743036933 0.018634733136101 0.00611870175270607 0.079185352301348
0.0486572438162544 0.0172421345135416 0.0148474184692637 0.0824670691632451 0.0174913088476166 0.0143597144487594 0.0829547731837494 0.0191751042071078 0.0110631991647149 0.086251288467794
0.0705851063829787 0.0205975860532294 0.0302000073514545 0.110970205414503 0.0210307138709387 0.0293519747444999 0.111818238021458 0.0222926086981708 0.0268809027844593 0.114289309981498
0.0818729096989967 0.0193727462413247 0.0438926801196779 0.119853139278315 0.0199495592291549 0.0427630193279793 0.120982800070014 0.0210156956582856 0.0406748004621893 0.123071018935804
0.102142857142857 0.0226363763856002 0.0577583700926899 0.146527344193024 0.0233987706816309 0.0562658087303327 0.148019905555382 0.0247735972553339 0.0535737651560041 0.15071194912971
0.0914375 0.019010579640157 0.0541684196861748 0.128706580313825 0.0196914409392142 0.0528348608686761 0.130040139131324 0.0207693701845801 0.0507233590504489 0.132151640949551
0.0799501661129568 0.0206687535078627 0.0394205331923141 0.1204797990336 0.0211856028978715 0.0384089290660347 0.121491403159879 0.0244224747403414 0.032071105206785 0.127829227019129
0.0622 0.0180951342696316 0.0267226579287871 0.0976773420712129 0.0184548045278708 0.0260183785541829 0.0983816214458171 0.0199756470941141 0.023039880952211 0.101360119047789
0.0725324675324675 0.0170637640833288 0.0390835884792967 0.105981346585638 0.0175611083835185 0.0381091845495821 0.106955750515353 0.0192389387327308 0.0348216897649796 0.110243245299955
0.0514217252396166 0.0191720736312361 0.0138161920413403 0.089027258437893 0.0194018044518157 0.0133669454561636 0.0894765050230696 0.0225280039075015 0.00724980577155764 0.0955936447076756
0.0681986531986532 0.0215419488512913 0.0259546446364348 0.110442661760872 0.0219128754899307 0.0252287691184759 0.111168537278831 0.0246554910467149 0.0198597318074794 0.116537574589827
0.0595205479452055 0.0188841311370567 0.0224912694491257 0.0965498264412852 0.0192113435764937 0.0218508023675581 0.0971902935228528 0.0207856712715044 0.0187685883531864 0.100272507537225
0.0706678082191781 0.0184771101321413 0.0344432335984409 0.106892382839915 0.0189408030849587 0.0335351364243796 0.107800480013977 0.0213064816515674 0.0289012825658678 0.112434333872488
0.0561812297734628 0.0192386214876801 0.0184452084828379 0.0939172510640877 0.0195130949727971 0.0179084587834574 0.0944540007634681 0.0220694896815137 0.0129066096493227 0.0994558498976029
0.0981292517006803 0.0218857961430655 0.0552188772430269 0.141039626158334 0.0226302383559963 0.0537612302689568 0.142497273132404 0.0244913328456361 0.050116417246118 0.146142086155243
0.0917077464788732 0.0218234458773546 0.048917286660566 0.134498206297181 0.0225012115220259 0.0475904070964891 0.135825085861257 0.0247047215161738 0.0432754640193369 0.14014002893841
0.0721993670886076 0.0210224709704697 0.0309611690485455 0.11343756512867 0.0214232797863544 0.030177523284296 0.114221210892919 0.0240055977962611 0.0251258209079303 0.119272913269285
0.06234375 0.0213871388214988 0.0203984475689905 0.104289052431009 0.0217121978595161 0.0197625515611662 0.104924948438834 0.0238893421636382 0.0155019293214537 0.109185570678546
0.0539273927392739 0.0184076370875882 0.0178273333765233 0.0900274521020246 0.018675853268261 0.0173025638746097 0.0905522216039381 0.0206963055597313 0.0133480771268339 0.0945067083517139
0.0510887772194305 0.10076170246404 -0.147552097183432 0.249729651622293 0.10095870915909 -0.147931444068214 0.250108998507075 0.101090858244897 -0.148185934128813 0.250363488567674
0.0693260188087774 0.0180922131613279 0.0338531028776506 0.104798934739904 0.0185105927033498 0.0330339448407553 0.1056180927768 0.0201207585672148 0.0298807304432034 0.108771307174351
0.0644366197183099 0.0198736277802739 0.0254680115826717 0.103405227853948 0.0202472212427021 0.0247367068522562 0.104136532584364 0.0235786094672496 0.0182132089873575 0.110660030449262
0.0648160535117057 0.0170761054707651 0.031341676628701 0.0982904303947104 0.0174873458786461 0.0305360616975654 0.0990960453258459 0.0191598051607971 0.0272594018700986 0.102372705153313
0.104095394736842 0.0208188364011552 0.0632806140111218 0.144910175462562 0.0216647186099626 0.0616239107199363 0.146566878753748 0.0235183850065407 0.0579928473211239 0.15019794215256
0.0620684039087948 0.0181053251661721 0.0265697001389625 0.0975671076786271 0.0184556278647361 0.0258838415254729 0.0982529662921167 0.0201108700680223 0.022642397783195 0.101494410034395
0.0583508771929825 0.0223340334303765 0.0145434770778842 0.102158277308081 0.0226134963061437 0.013996967762705 0.10270478662326 0.0249299812985013 0.00946493202952513 0.10723682235644
0.0643962848297214 0.0174682538122263 0.0301463128241661 0.0986462568352766 0.0178384582594479 0.0294215077373776 0.0993710619220651 0.0196994163462899 0.0257771982358043 0.103015371423638
0.0757704918032787 0.0176863676107775 0.041100144998746 0.110440838607811 0.0182153256203177 0.0400638890107563 0.111477094595801 0.0198864990476499 0.0367896580976428 0.114751325508915
0.0705704697986577 0.021714606965216 0.0279844457906323 0.113156493806683 0.0221073339736378 0.0272160864376442 0.113924853159671 0.0238889729840229 0.0237292873368428 0.117411652260473
0.0690384615384615 0.0223588754911765 0.0251854609571113 0.112891462119812 0.022741351659525 0.0244373314229853 0.113639591653938 0.0248473262600707 0.0203164444090893 0.117760478667834
0.0699834437086093 0.0176508723433724 0.0353779251116281 0.10458896230559 0.0181107235577716 0.0344774091363367 0.105489478280882 0.0200450673269567 0.0306887033017742 0.109278184115444
0.0507641196013289 0.0172948619038561 0.0168545902873865 0.0846736489152713 0.0175474557780172 0.0163600359040055 0.0851682032986523 0.0192397368234293 0.0130460512064304 0.0884821879962274
0.0537800687285223 0.01637990410345 0.0216657382639305 0.0858943991931142 0.0166868247647055 0.021064743448426 0.0864953940086187 0.0182202153873858 0.018061613926902 0.0894985235301427
0.0939695945945946 0.0215747320941724 0.0516662612943017 0.136272927894887 0.0222645167372098 0.0503158978644892 0.1376232913247 0.0243422155470754 0.0462474523469085 0.141691736842281
0.0660102739726027 0.0194821527383904 0.0278072154880683 0.104213332457137 0.0198706368239726 0.0270468791526676 0.104973668792538 0.0215003897548228 0.0238563434887696 0.108164204456436
0.0776898734177215 0.0204888965188047 0.0375137827588911 0.117865964076552 0.0209584835825887 0.0365946315744352 0.118785115261008 0.0222205455730205 0.0341238313811412 0.121255915454302
0.0595950704225352 0.0193552441169922 0.0216376572114628 0.0975524836336076 0.0196858482263196 0.0209907673950546 0.0981993734500158 0.0212268209770182 0.0179747174245097 0.101215423420561
0.0469565217391304 0.0163228367843469 0.0149516291570321 0.0789614143212288 0.0165539970976461 0.0144990890044021 0.0794139544738588 0.0190347422595837 0.00964109258490406 0.0842719508933568
0.0525083056478405 0.0161656187057602 0.0208150896590736 0.0842015216366075 0.0164521955195572 0.0202538812832404 0.0847627300124406 0.0186789353501185 0.0158923116121224 0.0891242996835586
0.060514950166113 0.0168058250378209 0.0275664556600406 0.0934634446721853 0.0171699233226558 0.0268534393626105 0.0941764609696154 0.0197001522133846 0.0218973508699172 0.0991325494623087
0.0623648648648649 0.0188180771398993 0.025463234868581 0.0992664948611487 0.0191729838721844 0.024768660075715 0.0999610696540147 0.0222951768653085 0.0186557734790648 0.106073956250665
0.0768983050847458 0.0212205461603814 0.0352812939173474 0.118515316252144 0.0216987686284364 0.0343456457604132 0.119450964409078 0.02476204753286 0.0283495359878027 0.125447074181689
0.0572058823529412 0.0188423991966744 0.0202589162955016 0.0941528484103808 0.0191322282510483 0.0196916026507008 0.0947201620551815 0.020935589577341 0.0161608226038655 0.0982509421020169
0.0444871794871795 0.0172262864246964 0.0107061048023791 0.0782682541719799 0.0174174710022921 0.0103319822289491 0.0786423767454098 0.0194752651094381 0.00630378711627488 0.0826705718580841
0.061719298245614 0.0250723715406422 0.0125364866441473 0.110902109847081 0.0253536316956126 0.011986606281637 0.111451990209591 0.0278038545476047 0.00719405353222993 0.116244542958998
0.0644637223974763 0.0209545343934602 0.0233599452004459 0.105567499594507 0.0212768572606682 0.0227297115144134 0.106197733280539 0.0239764051032909 0.0174483801790181 0.111479064615935
0.0695439739413681 0.0188324472660639 0.0326202337264137 0.106467714156322 0.0192532592024907 0.0317962803190266 0.10729166756371 0.0205788501977616 0.0292003430265609 0.109887604856175
0.0727316293929712 0.0190233950432155 0.035429947315017 0.110033311470925 0.0194704644679762 0.0345548195011433 0.110908439284799 0.0215466120487704 0.030489683205642 0.114973575580301
0.0887751677852349 0.0238323357845742 0.042036877770152 0.135513457800318 0.0243929586199036 0.0409399496051801 0.13661038596529 0.026342885823781 0.0371235011702151 0.140426834400255
0.0804983922829582 0.0191026869595808 0.0430473378938182 0.117949446672098 0.0196468256916623 0.0419816923983308 0.119015092167586 0.0206654005735613 0.0399866774866946 0.121010107079222
0.0669795221843003 0.0200267964775747 0.0277126828974691 0.106246361471132 0.0204138216855405 0.0269549671065672 0.107004077262033 0.0225916596759124 0.02269020772742 0.111268836641181
0.0982362794363977 0.0188296316345983 0.0613280592135237 0.135144499659272 0.0196524915787143 0.0597156230334233 0.136756935839372 0.0214316117407506 0.056229179558292 0.140243379314503
0.104007092198582 0.0209188027773473 0.0629995005135036 0.145014683883659 0.0218225207421053 0.0612291387585923 0.146785045638571 0.0239504065602157 0.0570601665963955 0.150954017800768
0.0573389830508475 0.0184512536151992 0.0211579604769839 0.093520005624711 0.0187593554791972 0.0205549274977608 0.0941230386039341 0.022107175555262 0.0139996999787123 0.100678266122983
0.0589130434782609 0.0175123098075602 0.0245775843417195 0.0932485026148023 0.0178474616375554 0.0239213604592046 0.0939047264973171 0.0197473360523398 0.020200633940729 0.0976254530157928
0.0750696864111498 0.0182206712362768 0.0393515064587136 0.110787866363586 0.01875697066266 0.0383009058070793 0.11183846701522 0.0199182312154939 0.0360258325092082 0.114113540313091
0.061 0.0179568699862763 0.0257881880427187 0.0962118119572812 0.0182959692217744 0.0251244937773014 0.0968755062226986 0.0207126267528825 0.0203929267192075 0.101607073280792
0.0404605263157895 0.0201985320421751 0.000840379471488781 0.0800806731600902 0.0203432555103604 0.000557400214084187 0.0803636524174948 0.0225506738448362 -0.00376079213501878 0.0846818447665977
0.0755756578947368 0.019156251384162 0.0380140632243643 0.113137252565109 0.0196485871384087 0.0370502786696503 0.114101037119823 0.0219697639504751 0.0325050859715236 0.11864622981795
0.0578737541528239 0.0166800500096752 0.0251690466651101 0.0905784616405377 0.0170170540565906 0.024509254012137 0.0912382542935109 0.0210455893249607 0.0166189798695807 0.0991285284360672
0.0543816254416961 0.0188328160487411 0.0174500497055669 0.0913132011778253 0.0191179140393532 0.0168921470970729 0.0918711037863194 0.0209579244672793 0.0132903863309102 0.0954728645524821
0.0399479166666667 0.0186716082097231 0.00332029880046072 0.0765755345328726 0.0188314586856997 0.00300780495673075 0.0768880283766026 0.0213384423751513 -0.0018960520310697 0.081791885364403
0.0607388316151203 0.0170413806993033 0.0273306723573574 0.0941469908728832 0.0174148861853862 0.0265990979900654 0.0948785652401751 0.0186196411036834 0.0242391282149561 0.0972385350152844
0.0830918727915194 0.0211256203451457 0.0416735116128627 0.124510233970176 0.0217034998679867 0.0405418926493606 0.125641852933678 0.0226859953687212 0.0386177176935166 0.127566027889522
0.0825162337662338 0.0220522575852124 0.0392715806685198 0.125760886863948 0.0225581793549386 0.0382815077196407 0.126750959812827 0.0245788334606319 0.034325980964664 0.130706486567804
0.0736744966442953 0.0228071565491636 0.0289485112522431 0.118400482036348 0.0232142738099326 0.0281518579541868 0.119197135334404 0.0250161725526342 0.024624924476465 0.122724068812126
0.0659655172413793 0.0193650834787359 0.0279930773457553 0.103937957137003 0.0197576469095949 0.0272246945786549 0.104706339904104 0.0210502976624004 0.0246940118044564 0.107237022678302
0.0681099656357388 0.0208526187713159 0.0272159498533302 0.109003981418147 0.0212421564268681 0.0264537474851212 0.109766183786356 0.0233859574101538 0.0222575795118213 0.113962351759656
0.0912751677852349 0.0189973142619521 0.0540360188732165 0.128514316697253 0.0197239630680937 0.0526123563212879 0.129937979249182 0.0220755810090688 0.0480045758776336 0.134545759692836
0.0784013605442177 0.0196565232240958 0.0398596908864887 0.116943030201947 0.0201896474693286 0.0388159899839347 0.117986731104501 0.0225750214576261 0.0341448403345264 0.122657880753909
0.0628716216216216 0.0190472715023563 0.0255216585052043 0.100221584738039 0.0194034608937752 0.0248245137311511 0.100918729512092 0.021791548739582 0.0201489552623413 0.105594287980902
0.0759 0.0208646014822258 0.0349820878875478 0.116817912112452 0.0213302802201789 0.0340709161161994 0.117729083883801 0.0250476531504537 0.026793608237754 0.125006391762246
0.0699829931972789 0.0177953526248358 0.0350977936694033 0.104868192725155 0.0182626979734444 0.0341823337062913 0.105783652688267 0.0198222467222238 0.0311270758001138 0.108838910594444
0.108127090301003 0.0209976970195175 0.0669625342665149 0.149291646335492 0.0219156199603125 0.0651646223726329 0.151089558229374 0.0232236126293593 0.0626023836625742 0.153651796939433
0.0535514018691589 0.0243602681130032 0.00574437874175185 0.101358424996566 0.024560132269743 0.00535415054434088 0.101748653193977 0.0271766573433009 0.00024166144966941 0.106861142288648
0.0548697068403909 0.0167576221964119 0.0220125346525118 0.0877268790282699 0.0170544484023433 0.0214314249274839 0.0883079887532978 0.0189918088016879 0.0176376288174458 0.092101784863336
0.0854299363057325 0.0194165027125629 0.0473640901297085 0.123495782481756 0.0200123209719585 0.0461971922786064 0.124662680332859 0.0213890735459955 0.0435004927992619 0.127359379812203
0.0737883959044369 0.019258316186072 0.036029874314461 0.111546917494413 0.0197424067872501 0.0350820015210019 0.112494790287872 0.021813393212548 0.0310260441809124 0.116550747627961
0.0925856164383562 0.0203467760565341 0.0526940370377218 0.132477195838991 0.0210634294382329 0.0512906685792182 0.133880564297494 0.0237953342864767 0.0459397225372843 0.139231510339428
0.0832978723404255 0.0251571520521458 0.0339210916460833 0.132674653034768 0.0256623698890533 0.0329349240970432 0.133660820583808 0.0264359429770173 0.0314243515922691 0.135171393088582
0.0792857142857143 0.0184386662532374 0.0431408947756474 0.115430533795781 0.0190144799099954 0.0420128229541206 0.116558605617308 0.0214946589311874 0.0371533605213375 0.121418068050091
0.0480594405594406 0.0173402263178804 0.0140600303880787 0.0820588507308024 0.0175790286409109 0.0135925170066035 0.0825263641122777 0.0200002701195662 0.00885103604966672 0.0872678450692144
0.0552577319587629 0.0180040511150522 0.0199576087186965 0.0905578551988292 0.0183005000244485 0.0193771933320207 0.0911382705855051 0.0196880152041195 0.0166601197420905 0.0938553441754353
0.0663035714285714 0.0200129472738874 0.0270637533955612 0.105543389461582 0.020410183566259 0.026286053148503 0.10632108970864 0.0227182908062826 0.0217661762785735 0.110840966578569
0.0745016611295681 0.0187315812675906 0.0377756352562135 0.111227687002923 0.0192246874296629 0.0368101253281031 0.112193196931033 0.0206012635841307 0.0341143049008749 0.114889017358261
0.0623841059602649 0.0194180386584595 0.0243036958837172 0.100464516036813 0.0197566630551369 0.0236411045319311 0.101127107388599 0.0230060216042112 0.0172800553237355 0.107488156596794
0.0737542662116041 0.0209194292945722 0.0327296725518222 0.114778859871386 0.0213691263717208 0.0318497216007554 0.115658810822453 0.0241236742105282 0.0264575655469732 0.121050966876235
0.0570166666666667 0.017353417194084 0.0229893014884922 0.0910440318448412 0.017670528282805 0.0223685842412537 0.0916647490920796 0.0205336754881505 0.0167621735817893 0.097271159751544
0.0745207667731629 0.0188268635825764 0.037611084105906 0.11143044944042 0.0192983485676715 0.0366876850395979 0.112353848506728 0.0204212186498149 0.0344883070709226 0.114553226475403
0.0748497733422357 0.0208747151445279 0.0339199697820229 0.115779576902448 0.0213477316391085 0.03299392255666 0.116705624127811 0.0227849964400263 0.0301796112517799 0.119519935432691
0.0389350180505415 0.0156288639067902 0.00829272353068123 0.0695773125704018 0.0158094642442701 0.00793910195457757 0.0699309341465055 0.0178980843553674 0.00384857078867774 0.0740214653124053
0.0827649006622517 0.0212896701525113 0.0410229533128058 0.124506848011698 0.0218241373151724 0.0399764898307436 0.12555331149376 0.0231576540510968 0.0373651094774464 0.128164691847057
0.0891840277777778 0.0219704753777556 0.0461053183851731 0.132262737170382 0.0225996980998202 0.0448734759315486 0.133494579624007 0.0241398001906479 0.0418577958948459 0.13651025966071
0.0790371621621622 0.0174965804723186 0.0447396448108589 0.113334679513465 0.0180939424397798 0.0435693015999955 0.114505022724329 0.0196877731587615 0.0404464320006672 0.117627892323657
0.0871080139372822 0.0188894542202672 0.050080559517005 0.124135468357559 0.019581358744072 0.0487249431542684 0.125491084720296 0.0209218605599567 0.0460983849851437 0.128117642889421
0.0655993150684931 0.0195347808837654 0.0273000783878099 0.103898551749176 0.0199157155758047 0.0265541228941322 0.104644507242854 0.0215036338794566 0.0234441441803654 0.107754485956621
0.0830594405594406 0.0205313118200585 0.0428097823068833 0.123309098811998 0.0211172179408453 0.0416621582878507 0.12445672283103 0.0224701058837359 0.0390119569400752 0.127106924178806
0.0726375404530744 0.017926399966554 0.0374937468993616 0.107781334006787 0.0184021358798132 0.03656197892796 0.108713101978189 0.0201748170578319 0.0330895261486339 0.112185554757515
0.0893585526315789 0.0198128835928681 0.0505149355691363 0.128202169694022 0.0204717729056457 0.0492245722530564 0.129492533010101 0.0224152523216542 0.0454178154535535 0.133299289809604
0.0661041009463722 0.0221996544798654 0.0225539987352949 0.10965420315745 0.0225211976229914 0.021925458809357 0.110282743083387 0.0251659179144879 0.0167526493319633 0.115455552560781
0.0577450980392157 0.0197713010477418 0.0189610261989761 0.0965291698794552 0.0200567865226636 0.0184028770420651 0.0970873190363663 0.0236888822979556 0.011296544426097 0.104193651652334
0.0966 0.0237042590965477 0.0501165909156145 0.143083409084386 0.024421572258512 0.0487127302062318 0.144487269793768 0.0268143568919644 0.0440283080730334 0.149171691926967
0.0607380999537862 0.018122334427755 0.025205420913999 0.0962707789935735 0.0184591360085496 0.0245460308641007 0.0969301690434718 0.0212294357317465 0.0191207392937133 0.102355460613859
0.0804532284768212 0.0213777888993129 0.0385296196504005 0.122376837303242 0.0218836015032704 0.0375398663752398 0.123366590578403 0.0234866897637875 0.0344021334178208 0.126504323535822
0.0701010101010101 0.0187963837764226 0.0332493776253162 0.106952642576704 0.0192383883133843 0.0323838325876465 0.107818187614374 0.0211266493549231 0.0286855125830867 0.111516507618933
0.0676936026936027 0.0280724059273133 0.0125917974643062 0.122795407922899 0.0283686396524194 0.0120137026808835 0.123373502706322 0.0299385821356756 0.00894838621008576 0.12643881917712
0.0666438991071864 0.0324988782161955 0.00273217030763767 0.130555627906735 0.0327576170451166 0.00223013001057205 0.131057668203801 0.03433100189643 -0.000825975108109431 0.134113773322482
0.0545268138801262 0.0155979502029885 0.0239484294403498 0.0851051983199026 0.0159003830360213 0.0233560619434132 0.0856975658168392 0.018735010155984 0.0178028504726643 0.091250777287588
0.0652006688963211 0.0165000503823793 0.0328561948872663 0.0975451429053759 0.0169296414129246 0.0320145807945271 0.0983867569981151 0.01896913851187 0.0280185702088175 0.102382767583825
0.0626430976430976 0.0209070698930774 0.0216362205323242 0.103649974753871 0.0212325612365237 0.0209996188036189 0.104286576482576 0.0244934480524188 0.0146183115229698 0.110667883763225
0.0921551724137931 0.0225021384859467 0.0480283892758202 0.136281955551766 0.0231547280484061 0.0467512618907881 0.137559082936798 0.0251135257964854 0.0429167348126841 0.141393610014902
0.0801442307692308 0.0192858306296016 0.042330726171673 0.117957735366789 0.0198197127451221 0.041285435817431 0.119003025721031 0.0217843099881574 0.037438074836592 0.12285038670187
0.0510616438356164 0.015949592401762 0.0197927328853542 0.0823305547858787 0.0162326398099533 0.0192383961429204 0.0828848915283124 0.0181678020428318 0.0154478014818677 0.0866754861893652
0.0848844884488449 0.020993164539571 0.0437203708979543 0.126048605999735 0.0215611245063941 0.0426085967494233 0.127160380148266 0.0239242386967255 0.0379814996177763 0.131787477279913
0.089030612244898 0.0201626466115079 0.0495013042881589 0.128559920201637 0.0208276048932103 0.0481990535449524 0.129862170944843 0.0237274837850808 0.0425186984559359 0.13554252603386
0.0527380952380952 0.0191243879810445 0.0152320219247064 0.090244168551484 0.0193802270095484 0.0147314847313385 0.0907447057448519 0.0215889568998965 0.0104085595542333 0.0950676309219572
0.058989898989899 0.0182887116919643 0.0231316167952075 0.0948481811845904 0.0186136081077318 0.0224955041407271 0.0954842938390708 0.0205868565085221 0.0186312423906155 0.0993485555891825
0.0555190311418685 0.0169098511410056 0.0223661124847419 0.0886719497989952 0.0172287320328274 0.0217416746389234 0.0892963876448137 0.0194251775310173 0.0174396422384356 0.0935984200453014
0.0414590163934426 0.0174131609885174 0.00731088174451021 0.075607151042375 0.0175826955618469 0.00697914382127505 0.0759388889656102 0.0202051549923436 0.00184550302208199 0.0810725297648033
0.0563787375415282 0.0174878463032848 0.0220904152430409 0.0906670598400155 0.0177942048281019 0.0214906123209523 0.0912668627621042 0.0198744879887473 0.017416755992957 0.0953407190900994
0.0687957317073171 0.0175968603755558 0.0342946446411227 0.103296818773511 0.0180083664545927 0.0334889034441221 0.104102559970512 0.0194371257280178 0.0306908553129379 0.106900608101696
0.0634494773519164 0.0183355691469898 0.0275008552609048 0.099398099442928 0.0187213019800286 0.0267455334183294 0.100153421285503 0.0203209466508231 0.0236126576174162 0.103286297086417
0.0352476780185759 0.0217309103263424 -0.00739286854696131 0.077888224584113 0.0218336078684858 -0.00759346641439098 0.0780888224515427 0.0238117856375112 -0.011459601437383 0.0819549574745347
0.0487352737352737 0.0243746462181446 0.000902360166077427 0.0965681873044701 0.024556759632653 0.000546740152078388 0.0969238073184691 0.0272116239080587 -0.00464126260842704 0.102111810078975
0.0699047619047619 0.0198287664641674 0.0310179993468756 0.108791524462648 0.0202257111222631 0.0302413363067204 0.109568187502803 0.022574442440551 0.0256440204070089 0.114165503402515
0.0839262820512821 0.0212651897977459 0.0422283012488273 0.125624262853737 0.0217985436631476 0.0411843066085726 0.126668257493992 0.0241433080286123 0.0365933045814439 0.13125925952112
0.0591766723842196 0.0207191402394967 0.0185387529609832 0.0998145918074559 0.0209940849054899 0.0180010027001354 0.100352342068304 0.0224569201410852 0.0151390285277052 0.103214316240734
0.0899829931972789 0.019319881601628 0.0521119896177058 0.127853996776852 0.0200244496300447 0.0507315437945511 0.129234442600007 0.0211229250936327 0.0485792005879054 0.131386785806652
0.0453896103896104 0.0180755971615485 0.00993812899549367 0.0808410917837271 0.0182692731029458 0.00955928579454501 0.0812199349846758 0.0210721769293682 0.00407378295321609 0.0867054378260047
0.0682852564102564 0.0203692265892941 0.0283321685937597 0.108238344226753 0.0207440152375596 0.0275992019954193 0.108971310825094 0.0222030198113521 0.0247448725032501 0.111825640317263
0.0567567567567568 0.0190191192970881 0.0194634010435056 0.0940501124700079 0.0193115703194777 0.0188909492985376 0.0946225642149759 0.0212053275212173 0.0151831273801083 0.0983303861334053
0.0527090301003344 0.0197583451596989 0.0139554657077555 0.0914625944929134 0.0200032216306741 0.0134765304179147 0.0919415297827542 0.0225846837261364 0.00842517424091211 0.0969928859597568
0.0634142394822007 0.0195831806572312 0.0250051018930851 0.101823377071316 0.0199231359576617 0.0243401519699522 0.102488326994449 0.0210851275338641 0.0220666744557885 0.104761804508613
0.102340425531915 0.0194112566258547 0.064287964136351 0.140392886927479 0.0202195446118261 0.0627045665767208 0.141976284487109 0.0215308176131582 0.0601355977903491 0.144545253273481
0.0715066225165563 0.0196129839418295 0.033044007276941 0.109969237756172 0.0200495850582399 0.0321896838169918 0.110823561216121 0.0228506899709648 0.026706266021532 0.116306979011581
0.0692150170648464 0.0220242292882997 0.0260232297227155 0.112406804406977 0.0224036559452069 0.0252808213967482 0.113149212732945 0.0239278224267747 0.0222977835318692 0.116132250597824
0.0846333333333333 0.01794992896222 0.0494473005219724 0.119819366144694 0.0186074045827004 0.0481591650020227 0.121107501664644 0.0209199166516434 0.0436280064825774 0.125638660184089
0.0748986486486486 0.021077849411318 0.0335653958602465 0.116231901437051 0.0215328033167055 0.0326750330959183 0.117122264201379 0.0237378283425153 0.028358361969592 0.121438935327705
0.0995737704918033 0.0207611543325888 0.0588714836159036 0.140276057367703 0.0215367300673218 0.0573525475151953 0.141794993468411 0.0241464331969623 0.0522405307583807 0.146907010225226
0.0457042253521127 0.0167873578865781 0.0127838623248959 0.0786245883793294 0.0170136139955537 0.0123411075918703 0.079067343112355 0.0194028490300196 0.00766384915515501 0.0837446015490703
0.0840251572327044 0.0223440933793047 0.0402041902551389 0.12784612421027 0.0228464087699824 0.0392214360609502 0.128828878404459 0.0247899570016707 0.0354177123632316 0.132632602102177
0.0541186440677966 0.0183470143491021 0.0181387622720856 0.0900985258635076 0.0186248769223141 0.0175950615077529 0.0906422266278403 0.0220508042986672 0.0108881180080487 0.0973491701275445
0.0805593220338983 0.0185008097146132 0.0442907291579468 0.11682791490985 0.0190917135489464 0.0431332696523356 0.117985374415461 0.0210575818083053 0.0392820174055387 0.121836626662258
0.0740625 0.0195370717013387 0.0357566450305677 0.112368354969432 0.0200011094583608 0.0348480932151637 0.113276906784836 0.0219864917722851 0.0309600179307382 0.117164982069262
0.0895559210526316 0.0183181812806233 0.0536485322923672 0.125463309812896 0.0190287560270084 0.0522563076102074 0.126855534495056 0.0206679855936049 0.0490443412053556 0.130067500899908
0.099421768707483 0.0195181128503882 0.0611632592376432 0.137680278177323 0.020365169533979 0.0595035027881406 0.139340034626825 0.0207349263577954 0.0587789644313703 0.140064572983596
0.0576174496644295 0.0177876215652821 0.0227415606751336 0.0924933386537255 0.0181051866169612 0.0221198062542172 0.0931150930746419 0.0195143985226269 0.0193602451218702 0.0958746542069889
0.0821782178217822 0.019925318370493 0.0431127120122367 0.121243723631328 0.0204842628215243 0.0420182049007291 0.122338230742835 0.0218720478932497 0.0393002668962574 0.125056168747307
0.0595234235694602 0.0176078885085467 0.0249985689028109 0.0940482782361095 0.0179366149047085 0.0243550345776596 0.0946918125612608 0.0210003299088357 0.0183552666022019 0.100691580536718
0.061063122923588 0.0185663134570655 0.0246568242603301 0.097469421586846 0.0189052853088415 0.0239933499154031 0.0981328959317729 0.0199956608535034 0.0218587462767521 0.100267499570424
0.0879220779220779 0.0239399925695356 0.0409666975935133 0.134877458250643 0.024471532707652 0.0399270585883254 0.13591709725583 0.0273101105562011 0.0343724453170767 0.141471710527079
0.0601333333333333 0.0191180084420293 0.0226448511925038 0.0976218154741629 0.0194393764792139 0.022015853829159 0.0982508128375077 0.0221599343688998 0.0166891849607455 0.103577481705921
0.0930634920634921 0.0228414078600161 0.0482656163275678 0.137861367799416 0.0234470570120973 0.0470807979637632 0.139046186163221 0.0253783347561411 0.043301338277513 0.142825645849471
0.0845483870967742 0.0208225681567796 0.0437182832599318 0.125378490933617 0.0213779785537939 0.0426311135622443 0.126465660631304 0.0230283127348714 0.0393999597884727 0.129696814405076
0.0746289752650177 0.020645465372962 0.0341479309821183 0.115110019547917 0.0211258955377658 0.0332074177213639 0.116050532808671 0.0239638064869706 0.0276501162753624 0.121607834254673
0.0676179640340065 0.0208911782102023 0.026620607902033 0.10861532016598 0.0212469907937154 0.0259257712575858 0.109310156810427 0.0233987547009232 0.0217206819891482 0.113515246078865
0.0603685897435897 0.0177310646975938 0.0256048692174548 0.0951323102697247 0.0180638783322772 0.0249531892276835 0.095783990259496 0.0197421008855917 0.0216664725498987 0.0990707069372807
0.0585084745762712 0.0227355419616717 0.0139024113714231 0.103114537781119 0.0230047239664775 0.0133763952088928 0.10364055394365 0.0249088811177995 0.00965358916337242 0.10736335998917
0.0719491525423729 0.0187236840346836 0.0352393997526378 0.108658905332108 0.0191936773585625 0.0343190906817519 0.109579214402994 0.0211729596776281 0.0304426120153736 0.113455693069372
0.0555902777777778 0.0210214062139136 0.0143587490086293 0.0968218065469262 0.0212875069451878 0.0138383254299236 0.097342230125632 0.0248420143268218 0.00688245310110124 0.104298102454454
0.0574826388888889 0.0172190120077625 0.0237198202403317 0.0912454575374461 0.0175566303615522 0.0230589029951053 0.0919063747826725 0.0212533708426049 0.0158192609760719 0.0991460168017059
0.0890189873417721 0.0199211553979776 0.0499628713442519 0.128075103339292 0.0205475447051488 0.0487361795703306 0.129301795113214 0.0211682445069694 0.0475205154709476 0.130517459212597
0.0829588607594937 0.0188163488453996 0.0460714967769193 0.119846224742068 0.019391839806011 0.0449442465371362 0.120973474981851 0.0207145319620041 0.0423531299953464 0.123564591523641
0.109983974358974 0.0238069433361792 0.0632963427395453 0.156671605978403 0.0246189895491678 0.0617073362491085 0.15826061246884 0.0259891237151209 0.0590255696095334 0.160942379108415
0.0871634615384615 0.0205402079733889 0.0468908230818998 0.127436099995023 0.021132381079852 0.0457313765232772 0.128595546553646 0.0223598357625708 0.0433276949080953 0.130999228168828
0.088458904109589 0.0201462555044616 0.0489613000117924 0.127956508207386 0.0208079977950759 0.0476653875906096 0.129252420628568 0.0222296702854162 0.0448808659126518 0.132036942306526
0.0277040816326531 0.0555657970795652 -0.0817710082781852 0.137179171543491 0.0556756051482977 -0.0819828505063182 0.137391013771624 0.0562946358017978 -0.083177582009284 0.13858574527459
0.0820230263157895 0.0185369634944303 0.0456851277432827 0.118360924888296 0.0191294549252977 0.044524417011309 0.11952163562027 0.0214535582461181 0.0399708786318755 0.124075173999703
0.0480900621118012 0.0187709068672774 0.0112692980042438 0.0849108262193587 0.0189717858701589 0.0108765408289861 0.0853035833946164 0.0210001405671908 0.00690879441345019 0.0892713298101523
0.0578327645051195 0.0190910014469601 0.020394336092749 0.0952711929174899 0.0193972483478481 0.019795071386397 0.0958704576238419 0.0225452211987978 0.0136323452220814 0.102033183788157
0.0872222222222222 0.0215854657558485 0.0448994192877075 0.129545025156737 0.0221796208331831 0.0437361542837031 0.130708290160741 0.0237906421366578 0.0405814210287668 0.133863023415678
0.0889695945945946 0.0206920528333771 0.0483999286493048 0.129539260539884 0.021336444695503 0.0471381737569596 0.13080101543223 0.0225966907619933 0.0446701552181305 0.133269033971059
0.103904593639576 0.0236086735760069 0.0576058521453666 0.150203335133785 0.0244155208677244 0.0560270123337919 0.15178217494536 0.0261820444181763 0.0525692371597739 0.155239950119378
0.0465594855305466 0.0209775513284979 0.00539525436511733 0.0877237166959759 0.0211576864174001 0.00504343852754103 0.0880755325335522 0.023169316401735 0.00111211600956777 0.0920068550515255
0.0878073089700997 0.0202611957886182 0.0480867166512092 0.12752790128899 0.0208901201815723 0.046854869512386 0.128759748427813 0.0222474802046198 0.0441959655710677 0.131418652369132
0.0779037800687285 0.0235928974640697 0.0316264576187292 0.124181102518728 0.0240449293556412 0.0307424908696892 0.125065069267768 0.0264893773173071 0.0259600610428949 0.129847499094562
0.0732517482517483 0.0191455339714693 0.0357177472816764 0.11078574922182 0.0196359659150122 0.0347572086372849 0.111746287866212 0.0216139424563544 0.0308826363352692 0.115620860168227
0.0689238410596027 0.020268221003997 0.0291767762354172 0.108670905883788 0.0206624761475132 0.0284052912337705 0.109442390885435 0.0235696339881852 0.0227141690980802 0.115133513021125
0.0585625 0.0195931060700614 0.0201314471374345 0.0969935528625655 0.0198752987596458 0.0195795899456529 0.0975454100543471 0.0225171519000833 0.014410415212806 0.102714584787194
0.0787458193979933 0.0198722306983547 0.0397834134381296 0.117708225357857 0.0203950247233074 0.0387597718794644 0.118731866916522 0.0224865557163702 0.0346636295248871 0.122828009271099
0.0443827160493827 0.0188976265706036 0.00731568222608487 0.0814497498726806 0.0190679595826845 0.00698258980425785 0.0817828422945076 0.02066147090398 0.00386527802320708 0.0849001540755583
0.0696740280349114 0.0194817796257576 0.0314771696565925 0.10787088641323 0.0198948000163442 0.0306684744536513 0.108679581616171 0.0222315814303425 0.0260919991645608 0.113256056905262
0.0426490066225166 0.0169873730857041 0.00933623198399498 0.0759617812610381 0.0171719784719645 0.00897499108917475 0.0763230221558584 0.0191583603548818 0.00508667061133727 0.0802113426336958
0.104302325581395 0.02074508975469 0.0636329597244848 0.144971691438306 0.0216051468708418 0.0619483962208502 0.146656254941941 0.0228665150593944 0.0594775094885424 0.149127141674248
0.085140350877193 0.0221456181119119 0.041715618671289 0.128565083083097 0.0227229678601467 0.0405855296632208 0.129695172091165 0.0248856566590053 0.036351184755666 0.13392951699872
0.0812540192926045 0.0220038591779762 0.0380981110199846 0.124409927565224 0.0224924951466546 0.0371422616245775 0.125365776960632 0.025478303529435 0.0312986991541281 0.131209339431081
0.0781063122923588 0.023678726263267 0.0316584711010831 0.124554153483634 0.0241169998169763 0.03080152799448 0.125411096590238 0.0279057188632703 0.0233886634073332 0.132823961177384
0.0568953068592058 0.0199683309342552 0.0177364947667759 0.0960541189516356 0.0202694263611763 0.0171473076944894 0.0966433060239221 0.0220548276761548 0.0136526085551584 0.100138005163253
0.0774740484429066 0.0207452255728337 0.0367973010082555 0.118150795877558 0.0212489559723566 0.0358111784836672 0.119136918402146 0.0233088932937554 0.0317775778744966 0.123170519011317
0.0783940397350993 0.0214169160656485 0.0363937148378141 0.120394364632385 0.0218973602327832 0.0354536041504718 0.121334475319727 0.0240856219901118 0.0311702596554814 0.125617819814717
0.0671947194719472 0.0195804112738122 0.0288043152404692 0.105585123703425 0.0199648486763279 0.028051597231744 0.10633784171215 0.0212087921696871 0.0256156259436773 0.108773813000217
0.0639891696750902 0.0202082872716018 0.0243640290425157 0.103614310307665 0.0205803691638468 0.0236357012411968 0.104342638108984 0.0228411087713427 0.0192092151169303 0.10876912423325
0.0876450511945392 0.0196018425253607 0.0492185496026971 0.126071552786381 0.0202653287015818 0.0479188626980569 0.127371239691022 0.0217509458713226 0.0450084213000727 0.130281681089006
0.0721821305841924 0.0195918510128595 0.0337641029263363 0.110600158242049 0.0200527999815537 0.0328619207885324 0.111502340379853 0.0229982336831824 0.0270948594999956 0.117269401668389
0.106156462585034 0.0197744561463615 0.067395962621884 0.144916962548184 0.0207247433155915 0.0655338646057198 0.146779060564348 0.0211176590656599 0.0647639199026606 0.147549005267407
0.0853275862068966 0.0243416034493783 0.0375815402930582 0.133073632120735 0.0248665556705254 0.0365549727804486 0.134100199633344 0.0274753536817683 0.0314508972962098 0.139204275117583
0.0700166666666667 0.0236502967406403 0.0236197162097515 0.116413617123582 0.0240083330208255 0.0229198851575572 0.117113448175776 0.0262921101176543 0.0184536301888553 0.121579703144478
0.0704270462633452 0.0212436650630918 0.028771406245822 0.112082686280868 0.021665129173461 0.0279464295760269 0.112907662950664 0.0242187747339167 0.0229464198655882 0.117907672661102
0.0824203821656051 0.0204579240124677 0.0423024817290065 0.122538282602204 0.0209892568856233 0.041262652063287 0.123578112267923 0.0233516911137726 0.0366377197653369 0.128203044565873
0.0882284768211921 0.0226938313904239 0.043722998777611 0.132733954864773 0.0232661302976911 0.0426032144947627 0.133853739147621 0.0253832128716753 0.0384594415250174 0.137997512117367
0.0958199356913183 0.0202888613487664 0.0560427126701673 0.135597158712469 0.0210106996789014 0.0546291093879358 0.137010761994701 0.0223676941837268 0.0519712660726856 0.139668605309951
0.0626258327467959 0.0576907103762512 -0.0510225723691125 0.176274237862704 0.057885855397446 -0.0513991984921212 0.176650863985713 0.058482387256006 -0.0525509792670652 0.177802644760657
0.0518600682593857 0.021037554378517 0.0105938944385314 0.0931262420802399 0.0212674090791256 0.0101444574681757 0.0935756790505956 0.0240461241427682 0.00470822214444041 0.0990119143743309
0.0617413793103448 0.0189369725788253 0.02460895039801 0.0988738082226797 0.0192895337628332 0.0239188397503645 0.0995639188703252 0.0207298986384233 0.0210988376180472 0.102383921002642
0.0778135048231511 0.0183624170138219 0.041814596660575 0.113812412985727 0.0188909511277191 0.0407794424796499 0.114847567166652 0.0210818442547121 0.036487749495172 0.11913926015113
0.086003717472119 0.0230850166897269 0.0407345721743678 0.13127286276987 0.0236851411075996 0.0395600808603366 0.132447354083901 0.0274738692347873 0.0321420781589497 0.139865356785288
0.0830696202531646 0.0183762258314307 0.0470452061300654 0.119094034376264 0.0189663092752721 0.0458893581558739 0.120249882350455 0.0206182800098934 0.0426531019887874 0.123486138517542
0.0671896551724138 0.019309303036343 0.0293298408650311 0.105049469479796 0.0197163178315218 0.0285329729066488 0.105846337438179 0.0216960057381738 0.0246562029402521 0.109723107404575
0.07046875 0.0229245278253961 0.0255055207416144 0.115431979258386 0.0233108192568378 0.0247499684949688 0.116187531505031 0.0243988289242888 0.0226214017822027 0.118316098217797
0.0496666666666667 0.0180209135697584 0.0143272960117947 0.0850060373215386 0.0182563634760646 0.0138665499580773 0.085466783375256 0.0214332208386498 0.00764701813330331 0.09168631520003
0.0891206896551724 0.0245810288491599 0.0408958426709677 0.137345536639377 0.0251483578617441 0.0397870059613133 0.138454373349032 0.0274260524923549 0.0353328483920933 0.142908530918252
0.0797138047138047 0.0217451362458925 0.0370649440441005 0.122362665383509 0.0222435273593626 0.0360900346012807 0.123337574826329 0.0247459255145449 0.031192889706258 0.128234719721351
0.0537542087542088 0.0191331497396907 0.0162289106592007 0.0912795068492168 0.0193961443629371 0.015714455262888 0.0917939622455295 0.020957189452417 0.0126598416649209 0.0948485758434966
0.0693887147335423 0.0663561943811924 -0.0613305051530982 0.200107934620183 0.0665636692097684 -0.0617309228862001 0.200508352353285 0.0673462715536858 -0.0632420047023251 0.20201943416941
0.0665901060070671 0.0198328545749966 0.0277033620943067 0.105476849919828 0.0202325997483463 0.0269207516767773 0.106259460337357 0.0214167280065589 0.0246021293560558 0.108578082658078
0.0612080536912752 0.0180686884972503 0.0257814342014709 0.0966346731810794 0.0184204266630826 0.0250927507636165 0.0973233566189339 0.0212379593635943 0.0195746353034545 0.102841472079096
0.0446607142857143 0.019080187641653 0.00723526915513849 0.0820861594162901 0.0192778691984948 0.00684870321619042 0.0824727253552381 0.0214318702379987 0.00263458847438827 0.0866868400970403
0.0504444444444444 0.0217024047749938 0.00786653872286956 0.0930223501660193 0.0219013374538253 0.00747777266403821 0.0934111162248507 0.0237377813894627 0.00388718098155689 0.097001707907332
0.0368892508143322 0.0207451702729012 -0.00381422245295552 0.07759272408162 0.0208657072322663 -0.00404971677186172 0.0778282184005262 0.0248497063871371 -0.0118406826378975 0.085619184266562
0.0752459016393443 0.023140407587841 0.0298545236907914 0.120637279587897 0.0235516169445913 0.0290504751293183 0.12144132814937 0.025192465801893 0.0258408979811727 0.124650905297516
0.0573898305084746 0.0198571333993173 0.0184472655992509 0.0963323954176983 0.0201466004360887 0.0178809112760698 0.0968987497408794 0.0227349075071539 0.0128147105459009 0.101964950471048
0.0790894039735099 0.0687314590406635 -0.0563222818645921 0.214501089811612 0.0689855713802454 -0.0568125686033921 0.214991376550412 0.0696732180621799 -0.0581398905959193 0.216318698542939
0.0660591900311526 0.0162905663623955 0.0341222703434498 0.0979961097188554 0.01670757514177 0.0333055322576359 0.0988128478046694 0.0182045912711854 0.0303731172683325 0.101745262793973
0.0589387616046333 0.0182873601568163 0.0230803977441941 0.0947971254650725 0.0186146271502742 0.022439785273097 0.0954377379361697 0.0209195566071955 0.0179266334016274 0.0999508898076393
