estimate std_1 lowerCI_1 upperCI_1 std_2 lowerCI_2 upperCI_2 std_3 lowerCI_3 upperCI_3
0.0784868421052632 0.0190146812065489 0.0412045104572305 0.115769173753296 0.0195478120507383 0.0401607274455183 0.116812956765008 0.0224624117083625 0.0344526870408657 0.122520997169661
0.0704140127388535 0.017571844949422 0.0359650267658408 0.104862998711866 0.0180210853753756 0.0350851739520862 0.105742851525621 0.0199599952926203 0.0312871353968323 0.109540890080875
0.0603770491803279 0.0182233037840237 0.0246437816508319 0.0961103167098238 0.0185562830558464 0.0239920138488641 0.0967620845117916 0.0210890265522576 0.0190328348335191 0.101721263527137
0.0923267326732673 0.0191982849875233 0.0546942337683929 0.129959231578142 0.0199217653563796 0.0532767164838394 0.131376748862695 0.0206379824184247 0.0518733664455097 0.132780098901025
0.062241935483871 0.0164897615514352 0.0299131252163661 0.0945707457513758 0.0168700857338608 0.0291683299911673 0.0953155409765747 0.0198534182536111 0.0233245245960498 0.101159346371692
0.0772291491587631 0.0205248377475877 0.0369822742460027 0.117476024071524 0.0210242701005734 0.036004722972955 0.118453575344571 0.0243695573781251 0.0294543861084613 0.125003912209065
0.0807258064516129 0.0176437439875565 0.0461376995306679 0.115313913372558 0.0182347081677466 0.0449800903333735 0.116471522569852 0.0215012483907873 0.0385802641736143 0.122871348729611
0.0377611530320412 0.0140298877907285 0.0102541572520939 0.0652681488119886 0.0141974286325608 0.009926095475729 0.0655962105883535 0.0156688097762172 0.00704444666976718 0.0684778593943153
0.0629225352112676 0.0172589356978961 0.0290896973669034 0.0967553730556318 0.0176631925902803 0.0282977674513911 0.0975473029711441 0.0187762951384541 0.0261170557981287 0.0997280146244065
0.0829623287671233 0.0189790438685613 0.0457538577923366 0.12017079974191 0.0195968059836016 0.0445440037455678 0.121380653788679 0.0248581944024118 0.0342366115648911 0.131688045969356
0.0815967741935484 0.019724905292724 0.0429181803018638 0.120275368085233 0.0202706136024489 0.041850065965851 0.121343482421246 0.0233962131139167 0.0357299616069748 0.127463586780122
0.0731707317073171 0.0193280323019468 0.0352755387610328 0.111065924653601 0.0198124493021428 0.0343270258150211 0.112014437599613 0.0237030772789588 0.0267065362255316 0.119634927189103
0.0731560283687943 0.0200843300611948 0.0337747762311398 0.112537280506449 0.0205604513475762 0.032842728975063 0.113469327762526 0.0221676956574464 0.0296957333008711 0.116616323436718
0.0483277027027027 0.015569014327376 0.0178084452169768 0.0788469601884287 0.015824397956025 0.0173081193045732 0.0793472861008322 0.0177318257251302 0.0135708831127085 0.0830845222926969
0.0743402777777778 0.018692618766825 0.03769263216115 0.110987923394406 0.01920592050859 0.0366874214340699 0.111993134121486 0.021911690143058 0.0313874587045897 0.117293096850966
0.065505521133174 0.0159239385050996 0.034289828598758 0.0967212136675899 0.0163583144478912 0.0334388821862565 0.0975721600800914 0.0201658771351286 0.0259784959589451 0.105032546307403
0.0726288659793814 0.0176653835027079 0.0379993207078003 0.107258411250963 0.0181761492060312 0.0369987326068887 0.108258999351874 0.0202421808448631 0.0329509130746918 0.112306818884071
0.0482954545454545 0.023748241375951 0.00169010312855811 0.094900805962351 0.0239245379391652 0.00134587939927314 0.095245029691636 0.0270306314332253 -0.00472404307065259 0.101314952161562
0.0960491803278689 0.0193106362517363 0.0581942614414503 0.133904099214287 0.0200837137087699 0.0566798094044802 0.135418551251257 0.0218066718380868 0.0533041898689045 0.138794170786833
0.0611792452830189 0.0182665257010059 0.0253580754209387 0.097000415145099 0.0185942564339844 0.0247167454268043 0.0976417451392334 0.0204088801938294 0.0211646414942509 0.101193849071787
0.068494623655914 0.0186114326094635 0.0320024503943044 0.104986796917524 0.0190660524897865 0.0311124204868702 0.105876826824958 0.0213186132277857 0.026701306063128 0.1102879412487
0.0703253424657534 0.0175544189208693 0.0359106287048215 0.104740056226685 0.018036286238347 0.0349668639817958 0.105683820949711 0.0210896372012256 0.0289854051406506 0.111665279790856
0.0786351110390663 0.0179130003431709 0.0435181663991216 0.113752055679011 0.0184667663261367 0.0424335130599704 0.114836709018162 0.0209321186125531 0.0376038309253496 0.119666391152783
0.0684455128205128 0.016641179071475 0.0358221017641764 0.101068923876849 0.0170913058034206 0.0349404314007214 0.101950594240304 0.0195341109915869 0.0301548463380329 0.106736179302993
0.0799477351916376 0.0204351758803542 0.0398752933240857 0.12002017705919 0.0209828977274011 0.0388033226133538 0.121092147769921 0.0230128983119103 0.0348291187767511 0.125066351606524
0.0619656725184363 0.0165221959971682 0.0295744792243122 0.0943568658125604 0.0169005662631537 0.0288334313351246 0.0950979137017481 0.0203773543565998 0.0220223767016311 0.101908968335242
0.0674749163879599 0.0175053024162708 0.0331562422431724 0.101793590532747 0.0179407982760307 0.0323033195961403 0.102646513179779 0.0198123789634308 0.0286372207189997 0.10631261205692
0.0741609589041096 0.0178295472711846 0.0392097212613927 0.109112196546827 0.0183550656101297 0.0381802223398458 0.110141695468373 0.0205616274719749 0.0338570193022039 0.114464898506015
0.0658038585209003 0.0167875740839374 0.0328908937981302 0.0987168232436704 0.017203072594972 0.0320772337877009 0.0995304832540998 0.019586051612572 0.0274096545403823 0.104198062501418
0.0806976744186046 0.0182759038735536 0.0448707009485181 0.116524647888691 0.0188636826785144 0.0437192972924255 0.117676051544784 0.0209379811042965 0.0396554238329082 0.121739925004301
0.0708059210526316 0.0165932203496523 0.038279517655498 0.103332324449765 0.0170867989763843 0.0373124824403031 0.10429935966496 0.0190995869853873 0.0333686061230979 0.108243235982165
0.102210884353741 0.0197771183715107 0.0634435601726946 0.140978208534788 0.020660547422226 0.0617126712924157 0.142709097415067 0.0234061071756867 0.056332810874527 0.148088957832956
0.0753 0.0183002917824427 0.0394184047748718 0.111181595225128 0.0188169528978412 0.0384068644753354 0.112193135524665 0.021537837800028 0.0330782218508527 0.117521778149147
0.0723550724637681 0.0173296930108246 0.0383843963894449 0.106325748538091 0.0178733282682717 0.0373193424668125 0.107390802460724 0.020256122281791 0.0326506077970176 0.112059537130519
0.0596752307531724 0.0159279985904404 0.0284475875881459 0.0909028739181989 0.0162614007094653 0.0277946944093393 0.0915557670970055 0.0178375016602353 0.0247077208309176 0.0946427406754272
0.0708135593220339 0.0202025695489476 0.0311890555667303 0.110438063077338 0.0206303378731271 0.0303523642977351 0.111274754346333 0.0230269584950777 0.0256625147278364 0.115964603916231
0.0548130841121495 0.0151653939984507 0.0250845616253581 0.084541606598941 0.0154746773035039 0.0244786653024098 0.0851475029218893 0.0172197699003302 0.0210596107843014 0.0885665574399977
0.0704137931034483 0.0177026177555995 0.0357110122004644 0.105116574006432 0.0181841754490133 0.0347676629928065 0.10605992321409 0.0215232868942045 0.0282254278437504 0.112602158363146
0.0644013719390604 0.0163349800156838 0.032377815560748 0.0964249283173728 0.0167380828497368 0.0315882835123562 0.0972144603657646 0.0191665844527423 0.0268308624773885 0.101971881400732
0.0948566878980892 0.019242038136618 0.0571346511966173 0.132578724599561 0.0199783365065038 0.0556924211403137 0.134020954655865 0.0225275844504989 0.0506982401108061 0.139015135685372
0.0683848797250859 0.0187406958005979 0.031637865220251 0.105131894229921 0.0191729774152121 0.0307916624733978 0.105978096976774 0.0220286339970078 0.0251997464333458 0.111570013016826
0.0651661129568106 0.0193773596178363 0.0271678709886677 0.103164354924954 0.0197470879982747 0.0264442820718781 0.103887943841743 0.0235565966925545 0.0189852839504563 0.111346941963165
0.0592 0.0168259666230812 0.0262109862099881 0.092189013790012 0.017175893017517 0.0255257855874747 0.0928742144125253 0.0218294187547771 0.0164102148967885 0.101989785103211
0.0872459016393443 0.0170277023121353 0.0538707020752188 0.12062110120347 0.0177477002760549 0.0524597091620778 0.122032094116611 0.0187559982418106 0.0504836860391313 0.124008117239557
0.0684628378378378 0.0169910711494048 0.0351534925421357 0.10177218313354 0.0174561383558381 0.0342425580544212 0.102683117621254 0.0192254966038513 0.0307764093412141 0.106149266334462
0.0771926910299003 0.0200287328247513 0.037915135592239 0.116470246467562 0.0205267282906766 0.0369406433364584 0.117444738723342 0.0226194784213783 0.0328440852778762 0.121541296781924
0.0545874587458746 0.0184367065100555 0.0184263469235018 0.0907485705682474 0.018711682688313 0.0178885266581815 0.0912863908335677 0.0217905514330414 0.0118631226518656 0.0973117948398836
0.0735927152317881 0.0168244889066608 0.0406138268815149 0.106571603582061 0.0173527905635475 0.0395786843849721 0.107606746078604 0.0189300638828468 0.0364880174935516 0.110697412970025
0.0836986301369863 0.0209389732452772 0.0426372306240959 0.124760029649877 0.0215144315950333 0.0415110543268072 0.125886205947165 0.0246912090536135 0.0352914784633104 0.132105781810662
0.104351187375002 0.0210521511949082 0.06307727964027 0.145625095109734 0.0219074796766087 0.0614022691121503 0.147300105637854 0.0237153817249588 0.0578611855732701 0.150841189176734
0.09215 0.0202174479004932 0.0525097457497471 0.131790254250253 0.0209137429470098 0.0511464612284624 0.133153538771538 0.0228936918284291 0.0472690078833809 0.137030992116619
0.076947194719472 0.0182445843124019 0.0411787147594207 0.112715674679523 0.0187786037229754 0.0401328647288104 0.113761524710133 0.0208773533578953 0.0360218265835887 0.117872562855355
0.0528251643505035 0.0145886397250265 0.0242271705768173 0.0814231581241896 0.0149027275251935 0.0236118660935921 0.0820384626074148 0.0166458367850926 0.0201967026160084 0.0854536260849985
0.0732263513513513 0.0212340011714351 0.0315572158832641 0.114895486819439 0.0216720149225856 0.0307017748162429 0.11575092788646 0.0241286337786495 0.0259001802545428 0.12055252244816
0.0633836405137465 0.0858991434679578 -0.105940073757743 0.232707354785236 0.0861143765177358 -0.106354655424296 0.233121936451789 0.0869720235053573 -0.108007372258658 0.234774653286151
0.0759322033898305 0.0170441961069908 0.0425226391727884 0.109341767606873 0.0176118794398799 0.041410333008759 0.110454073770902 0.0192920167488452 0.0381180948434975 0.113746311936163
0.0381038103810381 0.0151025647897654 0.00848774632388717 0.067719874438189 0.0152675236047929 0.00816493291939467 0.0680426878426815 0.0189607302294721 0.000933590684436533 0.0752740300776397
0.0613037052863985 0.0153722655667553 0.0311734324980265 0.0914339780747705 0.0157887503535411 0.0303572287146856 0.0922501818581115 0.0162444506111701 0.0294641621783637 0.0931432483944334
0.0829304635761589 0.0186755211732302 0.0463197099159371 0.119541217236381 0.0192809918881799 0.045133685188659 0.120727241963659 0.0207943681531023 0.0421688872417363 0.123692039910582
0.0843485342019544 0.0182087211055448 0.0486543489020004 0.120042719501908 0.0188389580602215 0.0474196650430022 0.121277403360907 0.019594582947918 0.045939245122444 0.122757823281465
0.0632083547337785 0.0180269660361176 0.0278550617546133 0.0985616477129437 0.0184080059230347 0.0271095209051516 0.0993071885624053 0.0208634477616641 0.0223031482190138 0.104113561248543
0.0855555555555556 0.0182958307692007 0.0496886625594152 0.121422448551696 0.0189254510568093 0.0484553751564457 0.122655735954665 0.0200649710888073 0.0462230797833593 0.124888031327752
0.0628434178922778 0.0162191153549828 0.0310480864600173 0.0946387493245383 0.0166155946600495 0.0302714521722663 0.0954153836122894 0.018727670987444 0.0261336681815969 0.0995531676029588
0.084512987012987 0.0187482492559152 0.0477536036282423 0.121272370397732 0.0193639908935591 0.0465480191265226 0.122477954899451 0.0224697283360638 0.040465294035965 0.128560679990009
0.0917567567567568 0.0200968818348691 0.0523545774661687 0.131158936047345 0.0208000735373684 0.0509776233933373 0.132535890120176 0.0235074180645707 0.0456749330647855 0.137838580448728
0.0393132328308208 0.0146384415542166 0.0106110599617873 0.0680154056998543 0.0148194341804156 0.0102567321057879 0.0683697335558536 0.0181718730311757 0.00369108197740855 0.074935383684233
0.0529966887417219 0.020297321192656 0.0131658197563611 0.0928275577270826 0.0205399099755167 0.0126920676169303 0.0933013098665135 0.0230543249756877 0.00777772106285221 0.0982156564205915
0.0531925675675676 0.0143817118469501 0.0250024222044041 0.081382712930731 0.0147131321509839 0.0243530160623639 0.0820321190727712 0.0180899902187923 0.0177355780564681 0.088649557078667
0.0795921985815603 0.0192380369658204 0.0418778457842809 0.11730655137884 0.0198195948131803 0.0407387394565164 0.118445657706604 0.0223726408251122 0.0357372287593791 0.123447168403742
0.0910774410774411 0.0205210110356207 0.0508414244429055 0.131313457711977 0.0211989540679041 0.0495141280751478 0.132640754079734 0.0237263059140192 0.044564661222487 0.137590220932395
0.0771799307958478 0.0186114197145073 0.04069461463693 0.113665246954766 0.0191628850482108 0.0396144003541503 0.114745461237545 0.0218055791044441 0.0344370536542603 0.119922807937435
0.0566720257234727 0.0164065887278571 0.0245032438765917 0.0888408075703537 0.016724815605143 0.023880228714705 0.0894638227322403 0.0208524853403686 0.0157958387097262 0.0975482127372192
0.0643311036789298 0.0164589546375851 0.0320647968981558 0.0965974104597037 0.0168793325675747 0.0312414069199993 0.0974208004378602 0.0212326556696413 0.0227124408883855 0.105949766469474
0.0656081081081081 0.0178147087684861 0.0306782097086309 0.100538006507585 0.0182256820623258 0.0298736240289059 0.10134259218731 0.0215589536569455 0.0233456009884972 0.107870615227719
0.053051724137931 0.0162987629580058 0.0210952077734851 0.085008240502377 0.0166004718362706 0.0205044867104578 0.0855989615654043 0.0206307225464898 0.0126105679465086 0.0934928803293535
0.0665654952076677 0.0177743554203279 0.0317137416327419 0.101417248782594 0.0181754483474774 0.0309285635209189 0.102202426894417 0.0203595373983463 0.0266517841295737 0.106479206285762
0.0686949152542373 0.0172676544967399 0.0348442908886585 0.102545539619816 0.0177298682799467 0.0339388747917256 0.103450955716749 0.0197593954920961 0.0299627783210455 0.107427052187429
0.0873832248490776 0.0192705323498248 0.0496023663892914 0.125164083308864 0.0199311314065864 0.0483087040391885 0.126457745658967 0.0212036100645691 0.0458164241268204 0.128950025571335
0.109876160990712 0.0198336942867398 0.0709954092638643 0.14875691271756 0.0207597226901013 0.069181377135687 0.150570944845737 0.022653983228024 0.0654701871778002 0.154282134803624
0.052915349490692 0.0185523293949933 0.0165360527895762 0.0892946461918077 0.0188175746024594 0.0160169076059389 0.089813791375445 0.0212283764461278 0.0112968846445208 0.0945338143368631
0.0695791245791246 0.021895738226098 0.026631216161902 0.112527032996347 0.0222776197396648 0.0258844143942894 0.11327383476396 0.0248444914749176 0.0208621993047135 0.118296049853536
0.053989898989899 0.0212745453346058 0.0122478119440671 0.0957319860357309 0.0215186938506561 0.0117707974590874 0.0962090005207106 0.02463853351291 0.00567046868267061 0.102309329297127
0.0623801916932907 0.0154991836454997 0.0319966018396983 0.0927637815468831 0.0158994005054117 0.0312126145414152 0.0935477688451663 0.0191972523998392 0.0247512436442113 0.10000913974237
0.0923878205128205 0.0203424352289803 0.0524985374638181 0.132277103561823 0.0210128061545908 0.0511863820456329 0.133589258980008 0.0234363566871683 0.04644108597605 0.138334555049591
0.0718510585715463 0.0228155958653426 0.0270702900362974 0.116631827106795 0.0232010479590188 0.0263179123748954 0.117384204768197 0.0257234460152646 0.0213900793436782 0.122312037799414
0.0386633663366337 0.0200017822696001 -0.000582514636420547 0.0779092473096879 0.0201385287626692 -0.000849659410733554 0.0781763920840009 0.0219175500737085 -0.00432699499142251 0.0816537276646898
0.049639175257732 0.016417416791879 0.0174481144881097 0.0818302360273543 0.0166805281538155 0.0169330555333202 0.0823452949821437 0.0209701187095818 0.00853201417317805 0.0907463363422859
0.0582679282701131 0.0161349072936555 0.0266367317226496 0.0898991248175766 0.0164881296557053 0.0259448916600634 0.0905909648801628 0.0192219896487367 0.0205891687929812 0.095946687747245
0.0597444089456869 0.0159986469646637 0.0283804465442633 0.0911083713471105 0.0163559685355019 0.0276805703084138 0.09180824758296 0.0186373008810724 0.0232114224749228 0.0962773954164509
0.0779383116883117 0.0195689030709188 0.0395657612629109 0.116310862113713 0.0200750535373078 0.0385750679322604 0.117301555444363 0.0233537368032253 0.0321551202936929 0.123721503082931
0.085794701986755 0.020230014046888 0.0461273507279686 0.125462053245541 0.0208323191777193 0.0449483086648665 0.126641095308643 0.0225229059822612 0.0416381177815131 0.129951286191997
0.0866400970369087 0.019682548404113 0.0480432807164483 0.125236913357369 0.0202800827391977 0.0468738290899579 0.126406364983859 0.0245937186090931 0.0384271837183152 0.134853010355502
0.0782973308098936 0.0190696637989935 0.0409077698906292 0.115686891729158 0.0195918976083164 0.0398852780215036 0.116709383598284 0.0233312402324726 0.0325614574917592 0.124033204128028
0.1019795221843 0.0200323985259333 0.0627118222307654 0.141247222137835 0.0209042075657969 0.0610036982829466 0.142955346085654 0.0222490665430126 0.0583685618804781 0.145590482488123
0.0972881355932203 0.0192350113531986 0.0595835750360007 0.13499269615044 0.0200560913062687 0.0579748337837974 0.136601437402643 0.0213979428864685 0.0553455744423149 0.139230696744126
0.0905629139072848 0.0183593435933583 0.0545742235288437 0.126551604285726 0.0190890254682887 0.0531446293730735 0.127981198441496 0.0212861040606139 0.0488396841572302 0.132286143657339
0.0464911972449661 0.015585569646583 0.0159357349752485 0.0770466595146837 0.0158317642317307 0.0154535841308217 0.0775288103591104 0.0200621381514601 0.00716623487857126 0.0858161596113609
0.081504854368932 0.0212092203521276 0.0399070508036224 0.123102657934242 0.0217212623715749 0.0389054365835983 0.124104272154266 0.0232156594218249 0.0359812750601267 0.127028433677737
0.105912162162162 0.0196511372559111 0.067393152523616 0.144431171800708 0.0205966351543068 0.0655404694302777 0.146283854894047 0.0209843940176024 0.0647806409027437 0.147043683421581
0.0798240403294427 0.017973943348955 0.0445911416016328 0.115056939057253 0.0185356328788548 0.04349065756382 0.116157423095066 0.0198105195351641 0.0409926873123548 0.118655393346531
0.0616065573770492 0.0171940950423793 0.0278954365987544 0.095317678155344 0.0175586491103711 0.0271816141984845 0.0960315005556139 0.0204853889644857 0.021449244128946 0.101763870625152
0.0937375415282392 0.0195839815027039 0.0553429875395787 0.1321320955169 0.0203222436668666 0.0538971402485721 0.133577942807906 0.0231078934339905 0.0484404171727696 0.139034665883709
0.0813993174061433 0.0205239319934085 0.0411594599642884 0.121639174847998 0.021075631254764 0.0400791968977096 0.122719437914577 0.022882711326213 0.0365401507098366 0.12625848410245
0.0947750865051903 0.019614239273694 0.0563233471794141 0.133226825830967 0.0203973249842703 0.0547894735856366 0.134760699424744 0.022578158236631 0.0505171132187862 0.139033059791594
0.0560897435897436 0.0160053596587771 0.0247099955351382 0.087469491644349 0.016322972944579 0.0240880472768564 0.0880914399026308 0.0201471134972602 0.0165972044252298 0.0955822827542574
0.06325 0.0173338738882984 0.0292646967891691 0.0972353032108309 0.017720965786883 0.0285067504037221 0.0979932495962779 0.0202687553449809 0.0235167560511531 0.102983243948847
0.0681612903225806 0.016872967213585 0.0350830247027933 0.101239555942368 0.0173165725148729 0.0342141629898863 0.102108417655275 0.0188102084017201 0.0312882884916892 0.105034292153472
0.0538064472019964 0.0171675836179502 0.0201486190930217 0.0874642753109711 0.0174582910201557 0.0195793336496326 0.0880335607543602 0.0207902965479166 0.0130525949806704 0.0945602994233224
0.0539236111111111 0.0174623135802767 0.0196854250786366 0.0881617971435856 0.0177563352360467 0.0191097730423829 0.0887374491798393 0.0204416854747197 0.0138507404363439 0.0939964817858783
0.074984520123839 0.0167166893929952 0.0422128772805198 0.107756162967158 0.017234323362749 0.0411989921613794 0.108770048086299 0.0204944309207239 0.0348120857719074 0.115156954475771
0.0829967426710098 0.0186215886184527 0.0464888270000076 0.119504658342012 0.0192208759107593 0.0453151770222374 0.120678308319782 0.0227884765571731 0.0383265450745804 0.127666940267439
0.0611538461538462 0.0182922192894834 0.0252859415956886 0.0970217507120037 0.0186389713542005 0.024607186756346 0.0977005055513463 0.0209617390603816 0.0200590858102122 0.10224860649748
0.118338709677419 0.0208908790764348 0.077385178654588 0.159292240700251 0.0219512065159073 0.0753081016473035 0.161369317707535 0.0233652387951694 0.0725378508241208 0.164139568530718
0.0465830721003135 0.014692896630886 0.0177730611560112 0.0753930830446158 0.0149285749089222 0.0173117215105179 0.0758544226901091 0.0195010900075774 0.00835630917936363 0.0848098350212633
0.0703921568627451 0.01965546758373 0.0318408142857278 0.108943499439762 0.0200737933597588 0.0310225857849391 0.109761727940551 0.0237425272010459 0.0238421557750685 0.116942157950422
0.0795724907063197 0.018826665156257 0.0426674156404053 0.116477565772234 0.0194469932388748 0.0414521037604027 0.117692877652237 0.0210290732092328 0.0383523257981264 0.120792655614513
0.0889710610932476 0.01831277022736 0.0530725375005988 0.124869584685896 0.0189997281661471 0.0517267684272735 0.126215353759222 0.0203780890714906 0.0490262749629133 0.128915847223582
0.090503355704698 0.0182143941987413 0.0548005842088296 0.126206127200566 0.0189574356710355 0.0533446131207799 0.127662098288616 0.0199441609740004 0.0514110697233489 0.129595641686047
0.0581172839506173 0.0173109661440206 0.0241718895354892 0.0920626783657453 0.0176168486045545 0.0235732173126501 0.0926613505885845 0.0199035654949815 0.0190961430627089 0.0971384248385257
0.0762776025236593 0.0197510209691905 0.0375463870283736 0.115008818018945 0.0202190836757083 0.0366303538494581 0.115924851197861 0.0236799829369935 0.0298541296719192 0.122701075375399
0.0828929765886288 0.0209786305926854 0.0417542288274499 0.124031724349808 0.0215292765502047 0.0406765830118768 0.125109370165381 0.0249388313791382 0.0340010375861074 0.13178491559115
0.0781587301587302 0.0196295570280691 0.0396622650496013 0.116655195267859 0.0201269478935085 0.0386890788476371 0.117628381469823 0.0227684432846895 0.0335185125991534 0.122798947718307
0.059728813559322 0.0148201922415287 0.0306804667723476 0.0887771603462964 0.015224806897145 0.029887537832557 0.089570089286087 0.0173877876850341 0.0256485686653838 0.0938090584532602
0.0975429553264605 0.0197044342125409 0.058916540214283 0.136169370438638 0.0205226617206958 0.0573135831611715 0.13777232749175 0.0228940582274633 0.0526673241377395 0.142418586515181
0.0634364820846905 0.0174766660052616 0.0291700956196384 0.0977028685497427 0.0178545677385476 0.0284302147920055 0.0984427493773755 0.0203584937405356 0.0235265027608241 0.103346461408557
0.0724342105263158 0.0158404224701411 0.0413859433308142 0.103482477721817 0.016378441926623 0.0403315980564332 0.104536822996198 0.0174152072603521 0.0382998202456237 0.106568600807008
0.0818661971830986 0.0195303644215483 0.0435775259816867 0.12015486838451 0.0201322527809277 0.0423987049333964 0.121333689432801 0.0231387064757408 0.036509237255787 0.12722315711041
0.0682986111111111 0.0227162796255088 0.0237302836996588 0.112866938522563 0.0230857297381093 0.0230083147621686 0.113588907460054 0.0274910324821859 0.0143916678393556 0.122205554382867
0.103310810810811 0.0215396719184189 0.0610784318126195 0.145543189809002 0.0223695163254551 0.0594536182100832 0.147168003411538 0.0247416691903719 0.0548078719420456 0.151813749679576
0.068673139158576 0.0165517539369756 0.0362251119953957 0.101121166321756 0.0170114721793334 0.0353246478943702 0.102021630422782 0.0187293458348032 0.0319593369344046 0.105386941382748
0.0714989739695261 0.0196841782531974 0.0328974767383467 0.110100471200705 0.0201065748687235 0.0320709047261525 0.1109270432129 0.0229833591337481 0.0264390923514528 0.116558855587599
0.0926221498371335 0.0184959396368663 0.0563648643151786 0.128879435359089 0.0192412205550764 0.0549048011664012 0.130339498507866 0.0225261856809547 0.0484683659429907 0.136775933731276
0.0681921824104234 0.0194935455389122 0.0299622086363021 0.106422156184545 0.0198880267738311 0.0291904013443498 0.107193963476497 0.0235680038446177 0.0219865484654225 0.114397816355424
0.0616319444444444 0.0639809174093555 -0.0644353782982945 0.187699267187183 0.0641862354378484 -0.0648313697693921 0.188095258658281 0.0655058098786566 -0.0673783144529377 0.190642203341827
0.0579487179487179 0.0194445627494537 0.0198015203047934 0.0960959155926425 0.0197314530457444 0.0192407989607026 0.0966566369367333 0.0221805631286849 0.0144509948987305 0.101446440998705
0.0809313725490196 0.0180673770715569 0.0455095610286055 0.116353184069434 0.0186565553244958 0.0443557480060331 0.117506997092006 0.0225429257438313 0.0367426951471876 0.125120049950852
0.0692281879194631 0.0200240206854329 0.0299595649629895 0.108496810875937 0.0204316047734727 0.0291620217210997 0.109294354117826 0.0229787130465943 0.024176009068085 0.114280366770841
0.0684751773049645 0.0170679695676577 0.0350168856307174 0.101933468979212 0.0175531670099018 0.0340663748108063 0.102883979799123 0.0195609351417321 0.0301326718485586 0.10681768276137
0.104633333333333 0.0192075424108437 0.0669829548627715 0.142283711803895 0.0201392665168007 0.0651573771577945 0.144109289508872 0.0217229708659321 0.0620541293062445 0.147212537360422
0.101331168831169 0.018659306268373 0.0647566969989258 0.137905640663412 0.0195354870423329 0.0630397876923679 0.13962254996997 0.0210407816253956 0.0600899696613206 0.142572368001017
0.0896278317152104 0.0172649687249832 0.0557876563264032 0.123468007104017 0.0180043545993914 0.0543386590601792 0.124917004370241 0.0187444739341662 0.0528881982306528 0.126367465199768
0.096125 0.0189409075073743 0.0589954549365078 0.133254545063492 0.0196930109141052 0.0575220263446259 0.134727973655374 0.0209243934876954 0.0551094562591624 0.137140543740838
0.0897222222222222 0.0183958426666006 0.0536636049123586 0.125780839532086 0.0191442975951814 0.0521970468186199 0.127247397625825 0.0213957486950628 0.04778514651118 0.131659297933264
0.0852076124567474 0.0189317029989865 0.0480954868808125 0.122319738032682 0.0195893519138739 0.0468071682540357 0.123608056659459 0.0225556918199127 0.0409953255662216 0.129419899347273
0.0478892733564014 0.015599156033017 0.0173047509909319 0.0784737957218709 0.0158577909503784 0.0167983529856707 0.0789801937271321 0.0199138235184504 0.00885373606421685 0.0869248106485859
0.0631335616438356 0.0178100325108663 0.0282164862122603 0.0980506370754109 0.0181956426619046 0.0274613301260306 0.0988057931616406 0.0212994891511067 0.0213814534235207 0.104885669864151
0.053798403783624 0.0151510147066033 0.0240944289388716 0.0835023786283764 0.0154488297523222 0.0235112063042301 0.0840856012630179 0.0180204358532498 0.0184739285830994 0.0891228789841486
0.0598316498316498 0.0197820712563008 0.0210340813679514 0.0986292182953483 0.0200950689360988 0.020421787606139 0.0992415120571606 0.023391780464932 0.0139692321615313 0.105694067501768
0.0585081967213115 0.0177040760271243 0.0237919279176221 0.0932244655250008 0.0180262567466231 0.0231613568170877 0.0938550366255352 0.0211764553261789 0.0169932239919239 0.100023169450699
0.0745819397993311 0.0190666555624452 0.037197856249369 0.111966023349293 0.0195560974128108 0.0362396025664524 0.11292427703221 0.0226918452851578 0.0300983624554661 0.119065517143196
0.0533447098976109 0.0177521758581717 0.0185307374900242 0.0881586823051977 0.0180328030302403 0.0179816542379956 0.0887077655572262 0.021665086010855 0.0108707313772586 0.0958186884179632
0.0848190789473684 0.0173337658683697 0.05084299717805 0.118795160716687 0.0180064706156306 0.0495247926732197 0.120113365221517 0.0192526551271739 0.0470827256155252 0.122555432279212
0.05265 0.0146132713361474 0.0240029089169186 0.0812970910830814 0.0149303108013648 0.023381872633768 0.081918127366232 0.0182267283150266 0.0169233803507191 0.088376619649281
0.0965728476821192 0.0291778504169513 0.0392522771022358 0.153893418262003 0.0297313451866831 0.0381747605553693 0.154970934808869 0.0313439710650739 0.0350325387835658 0.158113156580673
0.0852033898305085 0.0176539817232206 0.050598952020668 0.119807827640349 0.0183412733710808 0.0492522391240059 0.121154540537011 0.0200839911753651 0.0458372700354509 0.124569509625566
0.0696488294314381 0.0162583665425054 0.0377789125214274 0.101518746341449 0.0167536797314842 0.0368084699091275 0.102489188953749 0.0209692942250695 0.0285478552301933 0.110749803632683
0.0831188118811881 0.0186978143659154 0.0464620618930722 0.119775561869304 0.0193040859811627 0.0452746778218633 0.120962945940513 0.0218158824410568 0.040354357207474 0.125883266554902
0.0904753521126761 0.0210693623434583 0.0491672619899157 0.131783442235436 0.0217506753044723 0.047833088095178 0.133117616130174 0.0229937416345475 0.0453985238536339 0.135552180371718
0.0883802816901408 0.0207255674950409 0.0477445140476865 0.129016049332595 0.0213872486052142 0.0464489392065598 0.130311624173722 0.0253704481463595 0.0386472670903972 0.138113296289885
0.0681775700934579 0.0154311241538475 0.0379301615815751 0.0984249786053407 0.0158963228320454 0.0370186413734816 0.0993364988134343 0.0178593578944573 0.0331719619592759 0.10318317822764
0.0693937917009798 0.0188378302027624 0.0324495801020455 0.106338003299914 0.0192702376084462 0.0316035751689126 0.107184008233047 0.0239174856350737 0.0225052734226605 0.116282309979299
0.0621129032258065 0.0184690325363023 0.0258974379289839 0.098328368522629 0.0188109399564423 0.0252282131637669 0.098997593287846 0.0215808496261006 0.0198046705154605 0.104421135936152
0.0610891089108911 0.0171032887701756 0.0275585847487712 0.094619633073011 0.0174652875609153 0.02684960980113 0.0953286080206522 0.0184359835264008 0.0249483039142602 0.097229913907522
0.0659779179810726 0.017194359412599 0.0322668976042902 0.0996889383578549 0.0175951417440382 0.0314820932678435 0.100473742694302 0.0188312587436771 0.0290611882581051 0.10289464770404
0.0587859934593603 0.0153895306420495 0.0286155345677222 0.0889564523509984 0.0157467094682769 0.0279159781581527 0.0896560087605679 0.0194855035439472 0.0205913976467965 0.0969805892719241
0.0788558175492849 0.0181842224173904 0.0432057937496784 0.114505841348891 0.0187534679236431 0.0420909415053844 0.115620693593185 0.0214695825334837 0.036770375183149 0.120941259915421
0.0787457627118644 0.0182474653331566 0.0429723803700821 0.114519145053647 0.0188206626753803 0.0418497326380575 0.115641792785671 0.0226462200757509 0.0343552754516272 0.123136249972102
0.0688777219430486 0.0174051236314816 0.0347531456027467 0.10300229828335 0.0178601055047849 0.0338622292605766 0.103893214625521 0.020771136144345 0.0281604775269511 0.109594966359146
0.065625 0.0162760691583658 0.0337190026439773 0.0975309973560227 0.0167215099481851 0.032846381827475 0.098403618172525 0.019185105264882 0.0280195339501303 0.10323046604987
0.0893170169785806 0.0186738574881832 0.0527113551353063 0.125922678821855 0.0193751745007303 0.0513373827575265 0.127296651199635 0.0211017695913203 0.0479544461003133 0.130679587856848
0.0621180225451582 0.0184950112811483 0.0258508331628025 0.098385211927514 0.0188526940707835 0.0251507730908837 0.0990852719994327 0.0221731651350336 0.0186491866683021 0.105586858422014
0.0926507537688442 0.02122499577126 0.0510270719432245 0.134274435594464 0.0219266216548714 0.0496540921925405 0.135647415345148 0.0261720088426379 0.0413420529288368 0.143959454608852
0.0498327759197324 0.0218500800010106 0.00696456157632944 0.0927009902631354 0.0220538476739087 0.00656636242154127 0.0930991894179236 0.0252208607249521 0.000372949632073502 0.0992926022073914
0.0828379184055873 0.0184268085595841 0.0467146473195767 0.118961189491598 0.0190530091249461 0.0454880218875722 0.120187814923602 0.0217808783704422 0.040143706962877 0.125532129848297
0.0650836120401338 0.0167977321340672 0.0321524778748566 0.098014746205411 0.0172197408854759 0.0313259431845804 0.0988412808956872 0.0188086273939407 0.0282135504524082 0.101953673627859
0.110486577181208 0.0207133666899262 0.0698815654558075 0.151091588906609 0.0216854092571651 0.0679773688437481 0.152995785518668 0.0236948883121686 0.0640404002992674 0.156932754063149
0.0625333333333333 0.0173344943346949 0.0285457786032591 0.0965208880634076 0.017713383445825 0.0278039594413189 0.0972627072253478 0.0213408378585808 0.0206993245350605 0.104367342131606
0.0744791666666667 0.0190360376801223 0.0371563772451753 0.111801956088158 0.0195429766195487 0.0361637691725448 0.112794564160789 0.0221123563879933 0.0311315530479854 0.117826780285348
0.0948 0.0186284026441753 0.0582839650427144 0.131316034957286 0.0194202637554894 0.0567325372081154 0.132867462791885 0.0216078427094191 0.0524461794159962 0.137153820584004
0.0985467128027682 0.0199846062118203 0.0593717885146552 0.137721637090881 0.0208135026522286 0.0577478490019808 0.139345576603556 0.0229611557666489 0.0535398400951646 0.143553585510372
0.0570689655172414 0.0687824268278243 -0.078487624569251 0.192625555603734 0.0689579207688557 -0.0788258683235348 0.192963799358018 0.0698621361801719 -0.0805695492335038 0.194707480267987
0.04725 0.0160560652132502 0.0157664038274201 0.0787335961725799 0.0162932958418916 0.0153020556851314 0.0791979443148686 0.0195289198783144 0.00896608245631545 0.0855339175436846
0.100640138408304 0.0189666558112639 0.063463894952144 0.137816381864465 0.0198721994295264 0.0616893599458522 0.139590916870757 0.0217643062714935 0.0579813722968723 0.143298904519737
0.0485940485940486 0.0194334160182985 0.01048424284399 0.0867038543441072 0.019647230055432 0.0100658540082143 0.0871222431798829 0.0230360637619706 0.00343158261477968 0.0937565145733175
0.065 0.0155038142008973 0.0346100598466498 0.0953899401533502 0.0159230326221194 0.0337886393794577 0.0962113606205423 0.0175221315775895 0.0306551593862671 0.0993448406137329
0.0760299003322259 0.0200826228232438 0.0366467708304685 0.115413029833983 0.0205649564953777 0.0357029211230749 0.116356879541377 0.0231254948109261 0.0306904161234879 0.121369384540964
0.055436758259382 0.0174557667885521 0.021212809386452 0.089660707132312 0.0177721725137787 0.0205932573253554 0.0902802591934086 0.0189264150255429 0.0183328219036472 0.0925406946151169
0.0908540925266904 0.0180908664546866 0.0553953813163509 0.12631280373703 0.0188876432805983 0.0538338808144368 0.127874304238944 0.0204952128639019 0.0506833438227823 0.131024841230598
0.0506907894736842 0.0149849622414127 0.0213166516038598 0.0800649273435086 0.0152680404161479 0.0207620552782791 0.0806195236690894 0.0168881661104316 0.0175876920615644 0.083793886885804
0.0717799352750809 0.0174998063110062 0.03747013947941 0.106089731070752 0.0179761175800187 0.0365374232541943 0.107022447295968 0.0208083222160481 0.0309899466631326 0.112569923887029
0.0708069966557526 0.0168892371295953 0.0377002885823295 0.103913704729176 0.0174028934755322 0.0366939199175765 0.104920073393929 0.0193627330608662 0.0328538096957302 0.108760183615775
0.0750501672240803 0.0217677440515498 0.0323539811955896 0.117746353252571 0.0222086689256558 0.0314916656132339 0.118608668834927 0.0250528828995646 0.0259263098173139 0.124174024630847
0.0789341692789969 0.0192623219510183 0.0411652519111088 0.116703086646885 0.0197703681615636 0.0401706616899936 0.117697676868 0.0233627104307256 0.0331354351379824 0.124732903420011
0.100516666666667 0.0225092771473428 0.0563728406546056 0.144660492678728 0.0232566351008568 0.0549105169060047 0.146122816427329 0.0261965816668744 0.0491555329673314 0.151877800366002
0.0973948220064725 0.0189249804932803 0.0602967036786699 0.134492940334275 0.0197240385755893 0.0587312599244546 0.13605838408849 0.021661913803684 0.0549343583045046 0.13985528570844
0.080448275862069 0.0183372986352506 0.0445000221714485 0.116396529552689 0.018941764713689 0.0433160145872431 0.117580537136895 0.0214623452679632 0.0383779822689501 0.122518569455188
0.0779900332225914 0.0206703412452914 0.0374549825903291 0.118525083854854 0.0211634017056249 0.036490099895983 0.1194899665492 0.0239162775494073 0.0311008383697609 0.124879228075422
0.0601827242524917 0.0161893632408547 0.0284454192026738 0.0919200293023096 0.0165616911989933 0.0277161141042006 0.0926493344007828 0.0198930707628559 0.021189391688986 0.0991760568159974
0.11375 0.0217476025237979 0.0711111484954897 0.15638885150451 0.0227130588492393 0.0692206407843902 0.15827935921561 0.0251905905979813 0.0643681278534148 0.163131872146585
0.0597085889570552 0.0157502951868146 0.0288325950868534 0.0905845828272571 0.0160978943926716 0.0281516924848862 0.0912654854292242 0.0181531051695923 0.0241252494282034 0.095291928485907
0.086006600660066 0.0176655427999776 0.0513789205192261 0.120634280800906 0.0183472695644544 0.050043174346151 0.121970026973981 0.0204264328427602 0.0459690360966712 0.126044165223461
0.0676198630136986 0.0185923540105049 0.031162306315654 0.104077419711743 0.0190173928831695 0.0303303745718941 0.104909351455503 0.0225261687645061 0.0234597079728677 0.11178001805453
0.0889965397923875 0.019559717029955 0.0506511495021003 0.127341930082675 0.0202545519276278 0.0492901981088195 0.128702881475956 0.0221217837824044 0.045632385610008 0.132360693974767
0.0725581395348837 0.0194277487116265 0.0344662087167029 0.110650070353065 0.019880540196707 0.0335797053291478 0.11153657374062 0.0223208917419116 0.0288006055753975 0.11631567349437
0.05814696485623 0.0189021980457654 0.021072525559799 0.0952214041526611 0.0191959613990908 0.0204979732540208 0.0957959564584392 0.0227065685978036 0.0136274467698386 0.102666482942621
0.080976430976431 0.0222871531546075 0.037259595083512 0.12469326686935 0.0227902267684723 0.0362758463276518 0.12567701562521 0.0262060877629064 0.0295920334230353 0.132360828529827
0.0609427609427609 0.0152605534035504 0.0310302380406123 0.0908552838449096 0.0156677549840946 0.0302323190076708 0.0916532028778511 0.0167446757798357 0.0281219919887713 0.0937635298967506
0.0773411371237458 0.0178260290034627 0.0423963130456554 0.112285961201836 0.0183835828525612 0.0413040968841209 0.113378177363371 0.0198160667219622 0.038497665493201 0.116184608754291
0.048538961038961 0.0178127323891886 0.0136028273326847 0.0834750947452374 0.0180356416301591 0.0131668063163086 0.0839111157616134 0.0207790520547807 0.00779776646040085 0.0892801556175212
0.0756065573770492 0.017917119112641 0.040481007361902 0.110732107392196 0.0184384076243676 0.0394600132981728 0.111753101455926 0.0202254440844186 0.0359594081379084 0.11525370661619
0.0866323024054983 0.0200868917396683 0.0472479967398192 0.126016608071177 0.0207271425936824 0.0459944511999363 0.12727015361106 0.0226788579075917 0.0421723304360431 0.131092274374953
0.0696217105263158 0.0189583514498538 0.0324492458853065 0.106794175167325 0.0193820287188474 0.0316198022722855 0.107623618780346 0.0222666639178916 0.0259707313183764 0.113272689734255
0.0837285223367698 0.0214040327563489 0.0417588828259636 0.125698161847576 0.0219691429674643 0.0406526795780409 0.126804365095499 0.0242392672438084 0.0362076914682012 0.131249353205338
0.0752287581699346 0.0181185100251334 0.0397085941707626 0.110748922169107 0.0186275656457886 0.0387115446214281 0.111745971718441 0.0215440278904015 0.032998162091988 0.117459354247881
0.072156862745098 0.0166682968498288 0.0394836242760709 0.104830101214125 0.0171748175877508 0.0384912035123648 0.105822521977831 0.0202620037871781 0.0324418512107942 0.111871874279402
0.0654865771812081 0.017478661034725 0.0312219537684644 0.0997512005939517 0.0178908229143375 0.030414609397424 0.100558544964992 0.0203660033935407 0.0255654706645511 0.105407683697865
0.0712251720051646 0.016779631767927 0.0383342345304081 0.104116109479921 0.0173019912614548 0.0373107330982072 0.105139610912122 0.0186094343544328 0.0347488119592229 0.107701532051106
0.0781935483870968 0.0194547109086211 0.0400411168975816 0.116345979876612 0.0199644793570715 0.0390436252297546 0.117343471544439 0.0244883254417137 0.0301863358371199 0.126200760937074
0.0857534246575342 0.0195715172166903 0.0473818694834974 0.124124979831571 0.0202119660382207 0.0461277261715575 0.125379123143511 0.0240988413597749 0.0385140905677889 0.13299275874728
0.0824032258064516 0.0177210084142654 0.0476658992808394 0.117140552332064 0.0183327382052698 0.0464673945069477 0.118339057105955 0.0207285330779598 0.0417730558749433 0.12303339573796
0.0629611650485437 0.0175213185647288 0.0286095368162206 0.0973127932808668 0.0178898204841664 0.027887920617758 0.0980344094793294 0.0200917969264401 0.0235750206311541 0.102347309465933
0.0566607142857143 0.0168376270553929 0.0236481572231134 0.0896732713483152 0.0171816920268657 0.0229744746406351 0.0903469539307935 0.021165731552326 0.0151708974824883 0.0981505310889403
0.085 0.0185767946564333 0.0485815201156208 0.121418479884379 0.019230638346972 0.0473008610767013 0.122699138923299 0.0222102568393931 0.0414636466204391 0.128536353379561
0.0647340425531915 0.0194210919132523 0.0266529273645717 0.102815157741811 0.0198088841428544 0.025893817793475 0.103574267312908 0.023144809134982 0.0193613187333223 0.110106766373061
0.0681535947712418 0.0167710719213704 0.0352774244459729 0.101029765096511 0.0172220459654954 0.0343939504590719 0.101913239083412 0.019813547525999 0.0293164361433935 0.10699075339909
0.0410172413793103 0.0183997978751871 0.00492217072421731 0.0771123120344034 0.0185686874945701 0.00459202287704744 0.0774424598815733 0.0210752401675578 -0.000310843349492829 0.0823453261081135
0.0688474576271186 0.0199234491995502 0.0297767700170455 0.107918145237192 0.0203325287149873 0.0289762582521041 0.108718657002133 0.0227208417014747 0.02430097029381 0.113393944960427
0.0685806451612903 0.0170977549790124 0.035061121679438 0.102100168643143 0.0175412728849731 0.0341924742554071 0.102968816067174 0.018869761797498 0.0315902395705151 0.105571050752066
0.0647222222222222 0.017764671198088 0.0298907460326842 0.0995536984117602 0.0181529443841782 0.0291305840562779 0.100313860388167 0.0204190252462161 0.0246928714874634 0.104751572956981
0.0565460526315789 0.0149821263088282 0.0271770576780489 0.085915047585109 0.0153329365785983 0.0264897885948432 0.0866023166683147 0.0169711638447113 0.0232800408504215 0.0898120644127365
0.0794951140065147 0.0191378818805801 0.0419733883858451 0.117016839627184 0.0196752597203616 0.0409211174477403 0.118069110565289 0.022443498490887 0.0354991229290031 0.123491105084026
0.0739723926380368 0.0167044759060586 0.0412272862196057 0.106717499056468 0.0172034278646642 0.0402497755042023 0.107695009771871 0.0188274788841172 0.0370677653713014 0.110877019904772
0.075377358490566 0.0167574035255706 0.0425271842212846 0.108227532759847 0.0172867733939547 0.0414901967486809 0.109264520232451 0.0198552122973253 0.0364580903736152 0.114296626607517
0.0683770491803279 0.0183730395724769 0.0323491407384626 0.104404957622193 0.018793794727106 0.031525619969706 0.10522847839095 0.0219312897001226 0.0253822757290666 0.111371822631589
0.072953795379538 0.0170512718937482 0.0395293427831 0.106378247975976 0.0175628463378748 0.0385270635105149 0.107380527248561 0.0205337086261363 0.0327058471321848 0.113201743626891
0.0635596026490066 0.017816687803569 0.0286307263115935 0.0984884789864198 0.0181940424184461 0.0278916618992142 0.099227543398799 0.0199472908310714 0.0244573538897493 0.102661851408264
0.0975087108013937 0.0190183144735178 0.0602306875050823 0.134786734097705 0.0198737006344979 0.0585545091425535 0.136462912460234 0.0218062255613843 0.054767428722228 0.140249992880559
0.0734576271186441 0.017062689367059 0.0400101426289837 0.106905111608304 0.0175949880126065 0.0389673168022681 0.10794793743502 0.0197107478650386 0.0348218802004127 0.112093374036875
0.0822964169381108 0.0176438232378042 0.0477104310823106 0.116882402793911 0.018262418135832 0.0464984717695181 0.118094362106703 0.0209528149123426 0.0412268315529169 0.123366002323305
0.0867188607614877 0.0170822083941882 0.0532351912910424 0.120202530231933 0.0177619950938795 0.0519031825745656 0.12153453894841 0.0185364656321671 0.0503855856461317 0.123052135876844
0.0738704318936877 0.0194393605396575 0.0357565846784993 0.111984279108876 0.0199077025842595 0.0348395752343592 0.112901288553016 0.0221676311967682 0.0304136376005194 0.117327226186856
0.077003367003367 0.0210715155668285 0.0356837194549757 0.118323014551758 0.0215497905715407 0.0347476361177616 0.119259097888972 0.0254035803946716 0.0272017187719439 0.12680501523479
0.0751004211998504 0.0201434751654718 0.0355974603058385 0.114603382093862 0.0206011858994835 0.0347018297565255 0.115499012643175 0.0241857512275122 0.0276842391285231 0.122516603271178
0.070051724137931 0.0176983250986551 0.0353549103443593 0.104748537931503 0.0181760774203544 0.0344192039701675 0.105684244305695 0.0226953989977997 0.0255654182592131 0.114538030016649
0.0804370629370629 0.0189355864956641 0.0433145307039143 0.117559595170212 0.0195303191120898 0.0421497150321916 0.118724410841934 0.022496216670401 0.036339644834183 0.124534481039943
0.070222602739726 0.0174738143531476 0.0359685671983584 0.104476638281094 0.0179554289432603 0.0350250891384086 0.105420116341043 0.0203336093194958 0.0303656604704452 0.110079545009007
0.0796354166666667 0.0201386302966642 0.0401465315423289 0.119124301791004 0.020687318046382 0.0390725105179504 0.120198322815383 0.0236454742937024 0.0332800854847419 0.125990747848591
0.0543964232488823 0.0150781992782875 0.0248371359132037 0.0839557105845608 0.0154011000240565 0.0242046661997528 0.0845881802980118 0.0178779453448655 0.0193523593045163 0.0894404871932482
0.0845498392282958 0.0167715621006663 0.0516765836088722 0.117423094847719 0.0174456711334888 0.0503555323626065 0.118744146093985 0.0190141264887305 0.0472817395260174 0.121817938930574
0.0522007074353645 0.0186257576005648 0.0156681444590447 0.0887332704116842 0.0188993144925459 0.0151331286414986 0.0892682862292304 0.023407138375622 0.00631008775530269 0.0980913271154263
0.0888942307692308 0.0194274616356913 0.05080543352671 0.126983028011752 0.0200754230577791 0.0495365469826008 0.128251914555861 0.022231873324471 0.04531277193334 0.132475689605121
0.0734121621621622 0.0213285406993819 0.0315823168142091 0.115242007510115 0.0217625037171564 0.0307333302310683 0.116090994093256 0.0249904832871143 0.024415137599764 0.12240918672456
0.0681724032348121 0.0195971709417354 0.0297520080667539 0.10659279840287 0.020024906207062 0.0289143303046241 0.107430476165 0.0217206982682595 0.025592798792001 0.110752007677623
0.0692699609156896 0.0169736642447221 0.0359971174846896 0.10254280434669 0.0174620314286743 0.0350403492961403 0.103499572535239 0.0205734207555303 0.0289439486561986 0.10959597317518
0.061007326007326 0.0163008925006859 0.0290537463260731 0.0929609056885789 0.0167181843923129 0.0282361918976277 0.0937784601170243 0.0218321712811144 0.0182152180409295 0.103799433973723
0.0993512658227848 0.0222748475319555 0.0556698015154208 0.143032730130149 0.0229753807103281 0.0542988735544492 0.14440365809112 0.0266933480475547 0.0470195754174943 0.151682956228075
0.0937420382165605 0.0203179304267162 0.053903778452002 0.133580297981119 0.0210032633358439 0.052562052602187 0.134922023830934 0.0237235524304799 0.0472347759930191 0.140249300440102
0.0887290969899666 0.0204910058532752 0.0485519993415262 0.128906194638407 0.0211320060704866 0.0472970275967443 0.130161166383189 0.0248652179310402 0.0399855126890482 0.137472681290885
0.0659909718081935 0.016179323460989 0.0342775422927562 0.0977044013236308 0.0166322905836611 0.033389944849402 0.098591998766985 0.019382713150418 0.0280000758873458 0.103981867729041
0.0621428571428571 0.0165964067572945 0.029608948880765 0.0946767654049493 0.0169920920549877 0.0288337987010689 0.0954519155846454 0.0201803563693564 0.0225869993567409 0.101698714928973
0.0670860927152318 0.0171868829364258 0.0333915403527452 0.100780645077718 0.0176208113857915 0.032541696491838 0.101630488938626 0.0205552666134549 0.026793319871724 0.10737886555874
0.0590348101265823 0.0151931808626504 0.0292536837051464 0.0888159365480182 0.0155549107510256 0.0285449133093709 0.0895247069437936 0.0174504976100763 0.0248304576630824 0.0932391625900822
0.0772395833333333 0.0193632098985812 0.0392760934555683 0.115203073211098 0.0198984030311384 0.0382281002563595 0.116251066410307 0.0232977415963162 0.0315697909608332 0.122909375705834
0.0717100977198697 0.0178227150108241 0.0367666177319779 0.106653577707761 0.0182931348800384 0.0358454842006659 0.107574711239074 0.0219227081485032 0.0287361472059016 0.114684048233838
0.0947395833333333 0.0234837336068706 0.0486750580147174 0.140804108651949 0.0241524799185607 0.0473673517915739 0.142111814875093 0.0265020004291292 0.042770705213516 0.146708461453151
0.0532154882154882 0.0157125761527096 0.0224130306866453 0.0840179457443311 0.0160178597358089 0.0218150435020655 0.0846159329289109 0.0168177337007134 0.0202481377913453 0.0861828386396311
0.0665333333333333 0.0221503997356629 0.0230528757031363 0.11001379096353 0.0224990581104424 0.0223725662423766 0.11069410042429 0.0231255555513974 0.0211496786657513 0.111916988000915
0.0628178694158076 0.018992836056722 0.0255697595815724 0.100065979250043 0.0193565981271348 0.0248580633354796 0.100777675496136 0.0233323363810654 0.0170750177500083 0.108560721081607
0.065453074433657 0.0212734939942923 0.0237245866626471 0.107181562204667 0.0216090364109958 0.0230684600628451 0.107837688804469 0.0248580004799359 0.0167114835020398 0.114194665365274
0.0637824675324675 0.0158161493107543 0.032777041031992 0.0947878940329431 0.0162328835089249 0.031960733247607 0.095604201817328 0.0208963512693785 0.0228236214658404 0.104741313599095
0.0562698412698413 0.0157651904437022 0.025362691294282 0.0871769912454005 0.0160858182822641 0.0247347380753956 0.0878049444642869 0.0173108641686645 0.0223351706500051 0.0902045118896774
0.0763621262458472 0.0192426714101607 0.0386341857724725 0.114090066719222 0.0197469728397761 0.0376467441192689 0.115077508372425 0.0219286329132041 0.0333740141249729 0.119350238366721
0.0737542662116041 0.017381603458944 0.0396793477185884 0.10782918470462 0.0179131558724773 0.0386381811399236 0.108870351283285 0.0211173857732975 0.0323607121756354 0.115147820247573
0.0749826989619377 0.0199348585422497 0.0358958136672842 0.114069584256591 0.0204254357340538 0.0349353753332879 0.115030022590588 0.0232348588257886 0.029433563509259 0.120531834414616
0.0828846153846154 0.0182349776385315 0.0471370167233948 0.118632214045836 0.018834323601143 0.0459630322752807 0.11980619849395 0.0217424051864988 0.0402657428391974 0.125503487930033
0.102206896551724 0.0200912789896035 0.0628221333184383 0.14159165978501 0.0209740182174392 0.0610927927025785 0.14332100040087 0.0227059811160963 0.0576994330514924 0.146714360051956
0.0459628378378378 0.0136825804303709 0.0191426694042152 0.0727830062714604 0.0139438947616461 0.0186306574311145 0.0732950182445612 0.016966138682331 0.0127083466439447 0.079217329031731
0.0497173144876325 0.0163059116800195 0.0177498261605334 0.0816848028147316 0.0165774372811447 0.0172180562165224 0.0822165727587426 0.0183617464249292 0.013723008626653 0.085711620348612
0.0687943262411348 0.0203944616357973 0.0287946155678484 0.108794036914421 0.0208135944686644 0.0279747479491388 0.109613904533131 0.0232131195541169 0.0232789387674329 0.114309713714837
0.0820903010033445 0.0183604074454344 0.0460960675265649 0.118084534480124 0.0189700370900002 0.0449020086645612 0.119278593342128 0.0206879467787447 0.0415367318820062 0.122643870124683
0.105265780730897 0.0197878488997781 0.0664754798950648 0.144056081566729 0.0207024554239326 0.064683749993402 0.145847811468392 0.0232048960684103 0.0597807854919603 0.150750775969834
0.091609375 0.0182809843007592 0.0557740991468261 0.127444650853174 0.0189889451428817 0.054387082225192 0.128831667774808 0.0202590429941732 0.0518985561437338 0.131320193856266
0.0812292358803987 0.0183422186251463 0.045270624734041 0.117187847026756 0.0189361118840155 0.0441073926071259 0.118351079153671 0.0232080041300956 0.035738176507015 0.126720295253782
0.06235 0.0165693645872507 0.029867042216435 0.094832957783565 0.0169611306797733 0.0290997094876528 0.0956002905123472 0.0194107012832283 0.0243009978757761 0.100399002124224
0.073051948051948 0.0168029280929464 0.040114187048173 0.105989709055723 0.0173148174169316 0.039111300844892 0.106992595259004 0.0191843693803846 0.035448166168913 0.110655729934983
0.0498562300319489 0.0177692148197268 0.0150005054003369 0.0847119546635608 0.018001495600936 0.0145463414125999 0.0851661186512978 0.0223060827395234 0.006122608142112 0.0935898519217858
0.0667508417508418 0.0196628805780881 0.0281967558281655 0.105304927673518 0.0200490153303274 0.0274408272160184 0.106060856285665 0.0239688000898918 0.0197642748466252 0.113737408655058
0.0600171232876712 0.0176424974082764 0.0254292145636841 0.0946050320116584 0.0179948549817735 0.024739139341405 0.0952951072339375 0.0199410060194595 0.0209270649673333 0.0991071816080092
0.0698287671232877 0.017780497513793 0.0349727803208871 0.104684753925688 0.018249318494083 0.0340544228380818 0.105603111408493 0.0209874314316262 0.0286899912520824 0.110967542994493
0.0544660194174757 0.0171659055770843 0.0208004604493498 0.0881315783856017 0.0174519673349351 0.0202408064234593 0.0886912324114921 0.0213341874854784 0.0126408436784807 0.0962911951564708
0.0955272108843537 0.0197947617700616 0.0567231347512988 0.134331287017409 0.0205693870057716 0.0552056648704096 0.135848756898298 0.0236890491461555 0.0490934112539505 0.141961010514757
0.0924823943661972 0.0208509739114835 0.0516003144814177 0.133364474250977 0.0215696678667273 0.0501931432646603 0.134771645467734 0.0243221077667545 0.0448025390673069 0.140162249665088
0.0605603032834286 0.0624038237936581 -0.0624018206185417 0.183522427185399 0.0625871839570195 -0.0627554390594518 0.183876045626309 0.0636043803663532 -0.0647183550248285 0.185838961591686
0.0652604166666667 0.0191644622662222 0.0276830681703654 0.102837765162968 0.0195549322115792 0.0269186830114542 0.103602150321879 0.022540989101588 0.0210712475048788 0.109449585828455
0.0531369719886561 0.0156754808595088 0.0224017904226115 0.0838721535547008 0.0159762492552344 0.021812949680989 0.0844609942963233 0.0196441923725434 0.0146290661989269 0.0916448777783854
0.0617804814233386 0.0197227041689325 0.0230817780610246 0.100479184785653 0.0200434554909988 0.0224551472237214 0.101105815622956 0.0222406522177857 0.0181596903817851 0.105401272464892
0.0658777429467085 0.0166581274202333 0.0332187544975164 0.0985367313959005 0.0170671540724362 0.0324177551523171 0.0993377307410998 0.0199142648654154 0.0268408485661797 0.104914637327237
0.0620070422535211 0.017991721577139 0.0267302736862605 0.0972838108207817 0.0183718501425814 0.0259860651872652 0.098028019319777 0.0232320692029421 0.0164666884994429 0.107547396007599
0.0661872909698997 0.0161542615189599 0.0345208781430625 0.0978537037967368 0.0166055917141755 0.0336366555900279 0.0987379263497715 0.0188121849865036 0.0293131467529801 0.103061435186819
0.107121710526316 0.0204826435437619 0.066967498841453 0.147275922211179 0.0213903581133822 0.0651895051825119 0.14905391587012 0.023119058603561 0.0618029522785956 0.152440468774036
0.0621689204751094 0.0212161400949022 0.0205145433251344 0.103823297625084 0.0215286166730002 0.0199051757232261 0.104432665226993 0.0236933986886225 0.0156794024089666 0.108658438541252
0.0562280701754386 0.0198538936323557 0.017289145739858 0.0951669946110192 0.0201425961851433 0.0167244024113309 0.0957317379395463 0.0241300599931875 0.0089195401386483 0.103536600212229
0.0631269349845201 0.0161774447529257 0.0314095520942197 0.0948443178748206 0.0165599345078387 0.0306605750224586 0.0955932949465816 0.019397349104606 0.0251029284790482 0.101150941489992
0.0824918032786885 0.0167710340480679 0.0496195149181432 0.115364091639234 0.0174259018873542 0.0483361783656937 0.116647428191683 0.0186668518002525 0.0459042381186179 0.119079368438759
0.0717785234899329 0.0200707908680525 0.0324190618700436 0.111137985109822 0.0205067362731673 0.0315659636058598 0.111991083374006 0.0231869504999536 0.026319036986609 0.117238009993257
0.0686363636363636 0.021007654843166 0.0274380626993197 0.109834664573408 0.0214071659574572 0.0266563579996891 0.110616369273038 0.0242226734501778 0.0211451088318118 0.116127618440915
0.0691887417218543 0.017110540696416 0.0356431329701284 0.10273435047358 0.0175735506590271 0.0347363866698672 0.103641096773841 0.0199584640487649 0.0300648447192909 0.108312638724418
0.0543189368770764 0.015926199471368 0.0230963713944078 0.085541502359745 0.0162362330603178 0.0224891545405414 0.0861487192136114 0.0183701617413211 0.0183090070919598 0.090328866662193
0.0548797250859107 0.0154993244917909 0.0244973719423793 0.085262078229442 0.0158335898870741 0.0238424864676065 0.0859169637042148 0.017410470760116 0.0207528414845019 0.0890066086873194
0.0967736486486487 0.0204646258765842 0.0566525876676958 0.136894709629602 0.021230616414101 0.0551524360628721 0.138394861234425 0.0234803156472982 0.0507457068533948 0.142801590443902
0.0623116438356164 0.018170296834257 0.0266809855279993 0.0979423021432335 0.0185411740395055 0.0259551112877125 0.0986681763835204 0.0214583706875045 0.0202433687261584 0.104379918945074
0.0768354430379747 0.0192083052173592 0.0391716848943371 0.114499201181612 0.01969641277605 0.0382161849953725 0.115454701080577 0.0218770249400571 0.0339463178666466 0.119724568209303
0.0569014084507042 0.0201784479274539 0.0173033191881008 0.0964994977133076 0.0204746425485408 0.0167248900692302 0.0970779268321783 0.022977287139925 0.0118335436460574 0.101969273255351
0.0478983546495017 0.0153083836489077 0.0178850911853489 0.0779116181136545 0.0155626208376161 0.0173872480016357 0.0784094612973676 0.0185540489371878 0.0115278178814246 0.0842688914175788
0.0506312292358804 0.015944298081891 0.0193668205085199 0.0818956379632409 0.0162162108266794 0.0188345820765748 0.082427876395186 0.0191612491855185 0.0130677151002237 0.0881947433715371
0.063421926910299 0.0163133621869899 0.0314414984026745 0.0954023554179235 0.0167228294557551 0.0306394466770414 0.0962044071435566 0.0191483023907662 0.0258877232749458 0.100956130545652
0.0653605867173706 0.0185643485788093 0.028956807403496 0.101764366031245 0.0189578021041706 0.0281867707762258 0.102534402658516 0.0219951852815081 0.0222398006601276 0.108481372774614
0.0804237288135593 0.0189478507393914 0.0432746213229044 0.117572836304214 0.019524960861407 0.0421445398046967 0.118702917822422 0.023282813912176 0.03478378414396 0.126063673483159
0.059281045751634 0.0184831374149081 0.0230355045878932 0.0955265869153747 0.0187999336871501 0.0224155531401038 0.0961465383631642 0.0208927680679009 0.0183186421509931 0.100243449352275
0.0458333333333333 0.0158008151333547 0.0148538049280355 0.0768128617386311 0.0160182949275485 0.0144279744295019 0.0772386922371648 0.018600120389744 0.00937133144540266 0.082295335221264
0.0555614035087719 0.0228978380233971 0.0106356212888823 0.100487185728662 0.0231494482270727 0.0101439872458118 0.100978819771732 0.0278239435382181 0.00100138208171942 0.110121424935824
0.0655520504731861 0.019973499672929 0.0263730749357933 0.104731026010579 0.0203211737146529 0.0256932440570495 0.105410856889323 0.023580293677964 0.0193163054768085 0.111787795469564
0.0725244299674267 0.0169017790975454 0.0393923448771544 0.105656515057699 0.0174054904647214 0.038405527914347 0.106643332020506 0.0193771383261575 0.0345424815525895 0.110506378382264
0.0721246006389776 0.0171102189622683 0.0385804859394111 0.105668715338544 0.0175946159807737 0.0376317845439381 0.106617416734017 0.0207132548824613 0.031522462847661 0.112726738430294
0.0882718120805369 0.020449356538893 0.0481769621994549 0.128366661961619 0.0210871133854713 0.0469282891317479 0.129615335029326 0.0249279095256097 0.0394058121830794 0.137137811977994
0.082572347266881 0.0183215938552158 0.0466553544260596 0.118489340107702 0.0189156014954596 0.0454917899848299 0.119652904548932 0.0200975701337844 0.0431762814704424 0.12196841306332
0.0692445726751346 0.0183005593052682 0.0333649689332355 0.105124176417034 0.0187490543024586 0.032486717515822 0.106002427834447 0.0218444550034 0.0264236627802586 0.112065482570011
0.0931535947712418 0.0191635963719656 0.0555875859360006 0.130719603606483 0.0198945952490546 0.0541554972893898 0.132151692253094 0.0222517247026681 0.0495371514326512 0.136770038109832
0.106382978723404 0.0206660533361435 0.0658719274806194 0.146894029966189 0.0216207889272273 0.0640014824547628 0.148764474992046 0.0236279574983553 0.0600687971654047 0.152697160281404
0.058271186440678 0.0175676969005528 0.0238251326893206 0.0927172401920353 0.0178997766543581 0.0231750335677786 0.0933673393135773 0.0216875709384705 0.0157568887525904 0.100785484128766
0.0611705685618729 0.0163301835969441 0.0291595532315186 0.0931815838922273 0.016712953243859 0.0284096369311997 0.0939315001925461 0.0187005117760863 0.0245152801258044 0.0978258569979414
0.0771080139372822 0.0175841146968462 0.0426401193196236 0.111575908554941 0.0181675155225813 0.0414970164371064 0.112719011437458 0.0193426556438995 0.039194353506164 0.1150216743684
0.0623870967741935 0.0171104694050949 0.0288386201329566 0.0959355734154305 0.0174801482339784 0.0281148442380063 0.0966593493103808 0.0201659860103081 0.0228548118467854 0.101919381701602
0.0454934210526316 0.0176858379705552 0.0108129142190586 0.0801739278862046 0.0178853370274092 0.0104224628819856 0.0805643792232775 0.0208280855646832 0.00466077799070177 0.0863260641145614
0.0779605263157895 0.0166702918488374 0.0452846795048622 0.110636373126717 0.0172625762853094 0.0441240893848025 0.111796963246776 0.0202599172986203 0.038250327862265 0.117670724769314
0.0645681063122924 0.0162158881154886 0.0327794897406528 0.0963567228839319 0.0166420786495794 0.0319446254926991 0.0971915871318856 0.0199769219162799 0.0254108180134291 0.103725394611156
0.0556713780918728 0.0180327366564293 0.0203154100420139 0.0910273461417317 0.0183413455465596 0.0197111661136997 0.0916315900700459 0.0201885115726978 0.0160937486109883 0.0952490075727573
0.0457321328866555 0.0153904566865688 0.0155560872926123 0.0759081784806988 0.0156310469161915 0.0150850533567442 0.0763792124165668 0.0190578096283992 0.00837355980222135 0.0830907059710896
0.061786596211297 0.0158267289795382 0.030762440707297 0.0928107517152971 0.01623986013468 0.0299530411971812 0.0936201512254129 0.0180201061174668 0.0264648993182593 0.0971082931043347
0.085547703180212 0.0200932930104965 0.0461565981740739 0.12493880818635 0.0207334004613123 0.0449028166463788 0.126192589714045 0.0219899319003012 0.0424413823250517 0.128654024035372
0.0827435064935065 0.0211589757731944 0.0412505165840651 0.124236496402948 0.0216877281566035 0.0402157635371273 0.125271249449886 0.0243364105301355 0.0350304578684721 0.130456555118541
0.0740436241610738 0.0205570233946601 0.0337298348710299 0.114357413451118 0.0210099145319267 0.0328436261312741 0.115243622190874 0.0244239906022441 0.0261599129794418 0.121927335342706
0.0712354877837463 0.0172029157484884 0.0375116194590464 0.104959356108446 0.0177093672779933 0.0365195574603384 0.105951418107154 0.0193894305972464 0.0332281721305019 0.109242803436991
0.0699621111992246 0.0185917255715285 0.033506166369738 0.106418056028711 0.0190471089125287 0.0326148107367825 0.107309411661667 0.0223842909798499 0.0260800650137184 0.113844157384731
0.0934563758389262 0.0188849193920983 0.0564358677015353 0.130476883976317 0.0196508095108212 0.054935509274406 0.131977242403446 0.022089496658082 0.050157542774292 0.13675520890356
0.0766326530612245 0.0177733186582106 0.0417909652856756 0.111474340836773 0.0183317654712376 0.040697016829117 0.112568289293332 0.0217176675147186 0.034063176984563 0.119202129137886
0.0682126850468559 0.0170336104535884 0.0348205826160256 0.101604787477686 0.0174940278690012 0.0339187071154227 0.102506662978289 0.0202215905217488 0.0285750084896484 0.107850361604063
0.0780666666666667 0.0196021926723927 0.0396273154130391 0.116506017920294 0.0201228549390721 0.038608331487827 0.117525001845506 0.0244387979748288 0.0301573092973286 0.125976024036005
0.0713426784855356 0.0287656249311958 0.0147948823018069 0.127890474669264 0.0290983172058789 0.014148542641831 0.12853681432924 0.0300861203115772 0.0122280198954141 0.130457337075657
0.106555183946488 0.0204510669640474 0.0664634304359387 0.146646937457038 0.0213653090123315 0.0646725818934314 0.148437785999545 0.0231226860635678 0.0612297414973223 0.151880626395654
0.0578504672897196 0.0214164182674213 0.0158338697159569 0.0998670648634824 0.0216715640831845 0.0153352326134905 0.100365701965949 0.025248683106484 0.00833883282935977 0.107362101750079
0.0568222946073109 0.0151615696136478 0.027100605922346 0.0865439832922758 0.0155086972917092 0.0264206131964363 0.0872239760181855 0.0179890566009594 0.0215610641213465 0.0920835250932753
0.0926433121019108 0.0177360817030624 0.0578774205413293 0.127409203662492 0.0184942001413482 0.0563919853822262 0.128894638821595 0.0199653572870205 0.0535092598960753 0.131777364307746
0.0757679180887372 0.0181293411673992 0.0402258399555842 0.11130999622189 0.0186680341044196 0.039170796996992 0.112365039180482 0.0211989559324182 0.0342129603635879 0.117322875813887
0.0922945205479452 0.0196583190828442 0.053756868109505 0.130832172986385 0.0203927584151499 0.0523182330041609 0.13227080809173 0.0233326328904254 0.0465585834775633 0.138030457618327
0.0828191489361702 0.0194896725338906 0.0446155338666179 0.121022764005723 0.0201086266060463 0.0434028143794019 0.122235483492939 0.0212073195884539 0.0412500280286756 0.124388269843665
0.0797789115646259 0.0180391690878426 0.0444187046545917 0.11513911847466 0.0186336041552968 0.0432540120102821 0.11630381111897 0.0212268216865593 0.0381725983872355 0.121385224742016
0.053513986013986 0.0156012992894319 0.0229309692978422 0.0840970027301298 0.0159233232516536 0.0223001131498359 0.0847278588781361 0.0186015503763462 0.0170526487013209 0.0899753233266511
0.057319587628866 0.0170267154915704 0.0239363257982706 0.0907028494594613 0.0173618663978092 0.0232800962993348 0.0913590789583972 0.0192517745737373 0.0195788393976453 0.0950603358600867
0.0641071428571428 0.0192315338046629 0.0263977106620852 0.1018165750522 0.0196183157728356 0.0256405787105494 0.102573707003736 0.0228295121016765 0.0193523682625561 0.10886191745173
0.0753156146179402 0.0174369786739837 0.0411328848773897 0.109498344358491 0.0179743001552522 0.0400803529766128 0.110550876259268 0.0198295863802992 0.0364456621585112 0.114185567077369
0.0690066225165563 0.0175586802692032 0.0345814696900963 0.103431775343016 0.0180084544255844 0.0337007159543775 0.104312529078735 0.0215254678187665 0.0268116351621075 0.111201609871005
0.0781911262798635 0.0197232154291073 0.0395194696049846 0.116862782954742 0.020253445642695 0.0384813751762227 0.117900877383504 0.0230672746355814 0.0329708085479447 0.123411444011782
0.0565143824027073 0.0160172845298561 0.0251115438547264 0.0879172209506881 0.0163519844380468 0.0244561180640681 0.0885726467413465 0.0199583960695023 0.0173917159115531 0.0956370488938615
0.0773003194888179 0.0174832122149104 0.0430280963143775 0.111572542663258 0.0180253689334613 0.0419659927626066 0.112634646215029 0.0196382191586717 0.038806055409834 0.115794583567802
0.0807867132867133 0.0194450695809458 0.0426678024250077 0.118905624148419 0.0200290412505755 0.0415238570697443 0.120049569503682 0.0213522899844869 0.0389314998985317 0.122641926674895
0.0400940816103271 0.0154473325665296 0.00980730981611389 0.0703808534045403 0.0156405427396685 0.00942901140288326 0.0707591518177709 0.0177698625498043 0.0052588574398301 0.0749293057808241
0.0863245033112583 0.0199626977840065 0.0471832594335308 0.125465747188986 0.0205794385059803 0.0459757855701632 0.126673221052353 0.0227032771092919 0.0418166510380074 0.130832355584509
0.0960416666666667 0.0200006294278976 0.0568359887079899 0.135247344625343 0.020790751313152 0.0552879450816 0.136795388251733 0.0222473663844196 0.0524338773658163 0.139649455967517
0.0783952702702703 0.0164855089013572 0.0460829724831428 0.110707568057398 0.017105807960754 0.0448673444090251 0.111923196131515 0.0191093258974264 0.0409408488930177 0.115849691647523
0.0885365853658537 0.0181580964651655 0.0529455407241548 0.124127630007553 0.0188979805644794 0.0514956011333955 0.125577569598312 0.0202776781118051 0.0487917528927354 0.128281417838972
0.0690239726027397 0.0181838783458258 0.0333750534517167 0.104672891753763 0.0186333074335701 0.0324948366593348 0.105553108546145 0.0208220806015307 0.0282073361238566 0.109840609081623
0.0846503496503496 0.0192440138084901 0.0469254302856059 0.122375269015093 0.0198901048945874 0.0456598079850924 0.123640891315607 0.0220223446436453 0.041482446391329 0.12781825290937
0.0733818770226537 0.0169318074235844 0.0401898391770057 0.106573914868302 0.0174434886072939 0.0391875013444713 0.107576252700836 0.0197638626626528 0.0346414538664963 0.112122300178811
0.0797861842105263 0.0470297272327154 -0.0128204009281604 0.172392769349213 0.0473183855663292 -0.013378292380558 0.172950660801611 0.048719880646921 -0.0160895892131543 0.175661957634207
0.0739274447949527 0.020347429944593 0.0340249865403259 0.113829903049579 0.0207761840593706 0.0331859927967776 0.114668896793128 0.0233588620409129 0.0281302278670466 0.119724661722859
0.0591666666666667 0.0194607099688975 0.0209954905905488 0.0973378427427845 0.0197633909385044 0.0204035549590386 0.0979297783742947 0.0233287103658429 0.0134264729265881 0.104906860406745
0.0966181818181818 0.0216788887327799 0.0541136258569223 0.139122737779441 0.0224571504898387 0.0525897388748127 0.140646624761551 0.0258425447037125 0.0459590396151865 0.147277324021177
0.0614346241008966 0.0182600938848082 0.025628022791497 0.0972412254102963 0.018602953083274 0.0249569801897907 0.0979122680120025 0.0214682239715191 0.0193469275968242 0.103522320604969
0.0844203625660579 0.0193317547113486 0.0465210066414925 0.122319718490623 0.0199390794814477 0.0453315418723588 0.123509183259757 0.0218860669291697 0.0415176977611282 0.127323027370988
0.0699326599326599 0.0173512300579431 0.0359179870184004 0.103947332846919 0.0178245584064524 0.0349908148340522 0.104874505031268 0.0205479436537071 0.0296552840472152 0.110210035818105
0.0743447879126271 0.0223524166815778 0.0304959790373237 0.118193596787931 0.0227788218678976 0.0296623852173592 0.119027190607895 0.0260723400412565 0.0232194523756672 0.125470123449587
0.0688187702265372 0.0185886011135925 0.0323664113083433 0.105271129144731 0.0190050063753265 0.0315515183236377 0.106086022129437 0.0221957476568299 0.0253045292487928 0.112333011204282
0.0539905362776025 0.0137634080395003 0.0270130989320844 0.0809679736231206 0.0140956128679572 0.0263621036015147 0.0816189689536904 0.018017584599211 0.0186759824581426 0.0893050900970624
0.0645031175946623 0.0157029678225319 0.0337227079428188 0.0952835272465057 0.0161432400633735 0.0328600416597606 0.0961461935295639 0.0187293045796825 0.0277924939020664 0.101213741287258
0.0673569023569024 0.0191340475033581 0.0298357370030568 0.104878067710748 0.0195381927725619 0.0290447897477764 0.105669014966028 0.0232467385461595 0.0217834725763361 0.112930332137469
0.0908793103448276 0.0200425455030211 0.0515869702600022 0.130171650429653 0.020747506157732 0.0502062259001423 0.131552394789513 0.0237977643144988 0.0442307717759231 0.137527848913732
0.0836858974358974 0.0173444302939898 0.0496863726455993 0.117685422226196 0.0179840274926144 0.0484333067874179 0.118938488084377 0.0204768373552774 0.0435489552473654 0.12382283962443
0.0543967067939671 0.0148752990454969 0.0252383771819043 0.0835550364060298 0.0152154389819274 0.0245719302267759 0.0842214833611583 0.0172026196496385 0.0206780717073819 0.0881153418805522
0.0856930693069307 0.0196044276136754 0.04725793460656 0.124128204007301 0.02021987437896 0.0460526700355591 0.125333468578302 0.0231283981368751 0.0403554446960059 0.131030693917855
0.0889285714285714 0.0190016464516371 0.0516795029894894 0.126177639867653 0.0197019763716815 0.0503075531574994 0.127549589699643 0.0231680683505909 0.0435163919446876 0.134340750912455
0.0541156462585034 0.0175388888865588 0.019724399372815 0.0885068931441918 0.01782854233909 0.0191574402180451 0.0890738522989617 0.0207337934090353 0.013468683217625 0.0947626092993818
0.0662626262626263 0.0174719965785266 0.0320105254707298 0.100514727054523 0.0178954984651907 0.0311810052289643 0.101344247296288 0.0194156716130629 0.0282030589741822 0.10432219355107
0.0574641621354424 0.0154325381949953 0.0272124532978207 0.0877158709730642 0.015802386761398 0.0264878714073781 0.0884404528635067 0.0185316065323507 0.0211402879769925 0.0937880362938923
0.0458192602356043 0.0164708670668768 0.013520965001755 0.0781175554694535 0.0166860224927126 0.0130998790566757 0.0785386414145328 0.0195035155751175 0.00758344431978344 0.0840550761514251
0.056046511627907 0.01628675289726 0.0241157397644931 0.0879772834913208 0.0166097982596917 0.0234831161258994 0.0886099071299146 0.0194559786525259 0.0179080262250526 0.0941849970307614
0.0712042682926829 0.0169469918317954 0.0379789676215633 0.104429568963803 0.017402556368917 0.0370868280010842 0.105321708584282 0.0189833978388044 0.0339905155616073 0.108418021023758
0.0670557491289199 0.0172248847850947 0.033288694975933 0.100822803281907 0.0176791237437478 0.0323989214363343 0.101712576821505 0.019441555033394 0.0289462028798748 0.105165295377965
0.0329721362229102 0.0210458212455797 -0.0083355799337077 0.0742798523795281 0.021141155608052 -0.00852164034689925 0.0744659127927197 0.024138459600254 -0.0143772339285513 0.0803215063743717
0.05375 0.0201197904976027 0.0142874266665479 0.0932125733334521 0.0203723575501508 0.0137934525071311 0.0937065474928689 0.0244929866615871 0.00572883206643773 0.101771167933562
0.0736666666666667 0.018455653501021 0.0374799708409838 0.10985336249235 0.018923839357973 0.0365633777666773 0.110769955566656 0.0215031554088006 0.0315122299512973 0.115821103382036
0.082724358974359 0.0202176597222726 0.0430817857566498 0.122366932192068 0.0207612311969881 0.042017682667713 0.123431035281005 0.0238820482820401 0.0359062816128242 0.129542436335894
0.0603301886792453 0.0178344917137006 0.0253613957030535 0.0952989816554371 0.0181594967874796 0.0247251272461832 0.0959352501123074 0.0208697644911822 0.019417571705587 0.101242805652904
0.0918537414965986 0.0180866649249584 0.0564029116882202 0.127304571304977 0.0188658560967339 0.0548759173712179 0.128831565621979 0.0203707824224692 0.0519266091815296 0.131780873811668
0.049525347748698 0.0161230528219961 0.0179119464645262 0.0811387490328698 0.0163746834411158 0.0174193408078177 0.0816313546895784 0.0197282644468769 0.0108516754409741 0.0881990200564219
0.0748397435897436 0.0177531786699951 0.0400361460374523 0.109643341142035 0.0182571011969782 0.0390491210723437 0.110630366107143 0.0197057029716318 0.0362114211720055 0.113468066007482
0.0630401975579641 0.0177265568775587 0.0282830889978651 0.097797306118063 0.018108621467926 0.027535105270806 0.0985452898451221 0.0202770642037093 0.0232887331634627 0.102791661952465
0.0564528327255004 0.0190139205576556 0.0191640796586286 0.0937415857923722 0.019301838172912 0.0186007488768529 0.0943049165741479 0.0218352198928071 0.0136419637365206 0.0992637017144802
0.0662459546925566 0.0176200389716386 0.0317026800965344 0.100789229288579 0.0180241439224981 0.0309112168454728 0.10158069253964 0.0192095031877817 0.0285893584623111 0.103902550922802
0.1059726443769 0.0189873036271249 0.0687517521726441 0.143193536581155 0.0198704637065448 0.0670216141473629 0.144923674606437 0.0211642077542452 0.0644868944040512 0.147458394349748
0.0733940397350993 0.0181885093345313 0.0377337522078225 0.109054327262376 0.0186790770440511 0.0367731372474716 0.110014942222727 0.0217911162686084 0.0306775712113765 0.116110508258822
0.077098976109215 0.0194771343978945 0.0389131312695411 0.115284820948889 0.0199982460840674 0.0378926367736433 0.116305315444787 0.0219414814050111 0.0340865155122106 0.120111436706219
0.08745 0.017454596960487 0.0532373254426303 0.12166267455737 0.0181730618574654 0.051829421505947 0.123070578494053 0.0203059376341303 0.047649637167602 0.127250362832398
0.0722972972972973 0.0206175491360249 0.0318608088126697 0.112733785781925 0.021052587091839 0.0310097808319929 0.113584813762602 0.0241317000856342 0.0249833036182943 0.1196112909763
0.103229508196721 0.020858235941406 0.0623369778706012 0.144122038522841 0.0216864858760397 0.0607148663614824 0.14574415003196 0.0239240678495474 0.0563318156194775 0.150127200773965
0.0465082159624413 0.0162989263986886 0.014545902422848 0.0784705295020346 0.0165390288745764 0.0140760405950085 0.0789403913298741 0.0191535147657981 0.00895754084811916 0.0840588910767635
0.0869182389937107 0.0199114654034346 0.0478794204513403 0.125957057536081 0.0205064173072289 0.0467144409449633 0.127122037042458 0.0232248956504238 0.0413900491884504 0.132446428798971
0.0588135593220339 0.0172517043986797 0.0249875494780518 0.092639569166016 0.0175954743706667 0.0243145369496725 0.0933125816943953 0.0210785723905135 0.0174930317022327 0.100134086941835
0.0837966101694915 0.0173441237064193 0.0498003535916668 0.117792866747316 0.0180202753060968 0.0484753808422983 0.119117839496685 0.0200386993364213 0.0445199258383794 0.123073294500604
0.0768421052631579 0.0172074493335833 0.0431110982089084 0.110573112317407 0.0177671222079184 0.042014619780858 0.111669590745458 0.0206886396798441 0.036290224915219 0.117393985611097
0.0878125 0.0181110523932106 0.0523105874315337 0.123314412568466 0.0188025642427148 0.0509557704139966 0.124669229586003 0.0208420138096316 0.0469596871402253 0.128665312859775
0.0967517006802721 0.0188963833974641 0.0597122958517707 0.133791105508774 0.0197244974239182 0.058089605436452 0.135413795924092 0.0208099444481985 0.0559625826984539 0.13754081866209
0.063506711409396 0.016464851804677 0.0312326357080584 0.0957807871107336 0.0168744339374671 0.0304301224399634 0.0965833003788285 0.0179066920755975 0.028407473167977 0.0986059496508149
0.0891419141914191 0.0184620417399859 0.0529522508413597 0.125331577541479 0.0191633904605101 0.0515781328649235 0.126705695517915 0.0203710388246737 0.0492118935929188 0.12907193478992
0.0626195493597017 0.0163406360064227 0.0305843586960551 0.0946547400233484 0.0167283955697144 0.0298249166137806 0.0954141821056229 0.0201538122831351 0.0231144689883702 0.102124629731033
0.0627076411960133 0.0181732236321416 0.0270742140341422 0.0983410683578844 0.0185367634943622 0.0263625295653122 0.0990527528267144 0.0196140392653061 0.0242532479268857 0.101162034465141
0.0952435064935065 0.0202336831934051 0.0555760504342337 0.134910962552779 0.0209552958495592 0.0541627303648173 0.136324282622196 0.0247269524126902 0.0467740011394216 0.143713011847591
0.0603333333333333 0.018675662265756 0.023709889226241 0.0969567774404257 0.0190067724272592 0.0230619437372619 0.0976047229294048 0.0221841365984827 0.0168414034112971 0.10382526325537
0.0928047699621304 0.0220456409366406 0.04956543718537 0.136044102738891 0.0226686986722111 0.0483467286389463 0.137262811285314 0.025254197346229 0.0432870559218426 0.142322484002418
0.0816290322580645 0.0203541904876844 0.0417070199960443 0.121551044520085 0.0208863865226654 0.0406660626819872 0.122592001834142 0.0237144762573711 0.0351314780075712 0.128126586508558
0.0762544169611307 0.0184625268252957 0.0400614888356638 0.112447345086598 0.0190164383744172 0.0389764397663176 0.113532394155944 0.0227841999737109 0.031594459944697 0.120914373977564
0.0713522012578616 0.0170377752694731 0.0379507290850724 0.104753673430651 0.0175064420066032 0.0370327884168932 0.10567161409883 0.0199222249066369 0.0323003255878272 0.110404076927896
0.0629967948717949 0.016154465704346 0.0313284688486082 0.0946651208949815 0.0165479501820238 0.0305576822593161 0.0954359074842736 0.018846603130793 0.0260542556081015 0.0999393341354882
0.059 0.0203820283382878 0.019022155866612 0.098977844133388 0.0206812763249939 0.018436916835639 0.099563083164361 0.023527301084813 0.0128679666754373 0.105132033324563
0.0732542372881356 0.0184046948547433 0.0371707854774624 0.109337689098809 0.0188991201557609 0.0362025642594892 0.110305910316782 0.0209362047462817 0.0322126173513726 0.114295857224899
0.0558333333333333 0.0205339561997227 0.0155595324504332 0.0961071342162334 0.020807630012373 0.0150242323959553 0.0966424342707114 0.0246015807827075 0.00759885352323712 0.10406781314343
0.0558904399323181 0.0169419257024646 0.0226742803891677 0.0891065994754685 0.0172655550772057 0.0220405634051146 0.0897403164595216 0.0210779611551156 0.0145728942473223 0.0972079856173139
0.0911708860759494 0.0181572132288909 0.0555785215234 0.126763250628499 0.0188717698207856 0.0541785500857218 0.128163222066177 0.0201077974465216 0.0517567338811718 0.130585038270727
0.0805854430379747 0.0178229692300856 0.045646359175136 0.115524526900813 0.0183952631490182 0.0445252904686443 0.116645595607305 0.0206367732003357 0.0401337911756515 0.121037094900298
0.113301282051282 0.023455530137473 0.0673069062738517 0.159295657828712 0.0243269502388315 0.0656012756269033 0.161001288475661 0.0254321026877941 0.063437720953001 0.163164843149563
0.0834455128205128 0.0193882468064383 0.0454289982427604 0.121462027398265 0.0199634197007447 0.0443030451753947 0.122587980465631 0.0225388279671023 0.0392598806035994 0.127631145037426
0.0902054794520548 0.0190250779700547 0.0529109024865999 0.12750005641751 0.0197489628306126 0.0514927618307198 0.12891819707339 0.0214119336667534 0.048234575341033 0.132176383563077
0.0308673469387755 0.0433115957170652 -0.0544246096972435 0.116159303574795 0.0434131513824877 -0.0546208176832592 0.11635551156081 0.0443172581972847 -0.056368715344021 0.118103409221572
0.0828947368421053 0.0183418373309359 0.0469409077256798 0.118848565958531 0.0189521425843031 0.0457451512824624 0.120044322401748 0.0211800846464463 0.0413796188233242 0.124409854860886
0.0520341614906832 0.0175060143796249 0.0176971205156225 0.0863712024657439 0.0177538957639429 0.0172123520227848 0.0868559709585817 0.0201850871735975 0.0124552384993936 0.0916130844819728
0.0547269624573379 0.0177504072221158 0.0199214853121173 0.0895324396025585 0.018043983128166 0.0193468230973589 0.0901071018173168 0.0222021950407013 0.0112036338681554 0.0982502910465204
0.0911952861952862 0.0192013976633056 0.0535535830236645 0.128836989366908 0.0199228604022517 0.0521403441335142 0.130250228257058 0.0224623824843229 0.0471650441446991 0.135225528245873
0.0860641891891892 0.0194508322444809 0.0479308886668535 0.124197489711525 0.0200904516958075 0.0466782171207396 0.125450161257639 0.0223178439287237 0.0423151548115364 0.129813223566842
0.106077738515901 0.0216035045852502 0.0637230621069144 0.148432414924888 0.0225129681607969 0.0619420112201549 0.150213465811647 0.0247060434639771 0.0576463695585539 0.154509107473248
0.0486816720257235 0.0191938703618782 0.0110236813307259 0.086339662720721 0.0194037880544904 0.0106134941743212 0.0867498498771257 0.022076070339657 0.00538794774723479 0.0919753963042122
0.0881893687707641 0.0190498009016428 0.0508460829560377 0.125532654585491 0.0197213870708038 0.0495304264565284 0.126848311085 0.0217638292864681 0.0455287810330078 0.13084995650852
0.0833549189245195 0.0205479388103598 0.0430644158832633 0.123645421965776 0.0211299486888489 0.041925087361567 0.124784750487472 0.0244388758876668 0.0354453319225195 0.13126450592652
0.0759215658713146 0.0183151331783569 0.0400171926132694 0.11182593912936 0.0188629543694227 0.038944106771727 0.112899024970902 0.0211005023997073 0.0345605206262382 0.117282611116391
0.0703476821192053 0.0190923786580907 0.0329105660731751 0.107784798165236 0.0195251042639409 0.0320635286752722 0.108631835563138 0.0229330343884202 0.0253901025855926 0.115305261652818
0.057296875 0.0194095495957638 0.0192280617399748 0.0953656882600252 0.0196821311263905 0.0186949106463288 0.0958988393536712 0.0224282770756188 0.0133208984073511 0.101272851592649
0.0762040133779264 0.0192872143735051 0.0383851168837368 0.114022909872116 0.019792665852075 0.0373956942080509 0.115012332547802 0.0227877843922127 0.0315306829914084 0.120877343764444
0.0447839506172839 0.0176052014515871 0.0102599345752509 0.079307966659317 0.017788030440806 0.00990215995350583 0.0796657412810621 0.0197749355543873 0.00601276907419651 0.0835551321603714
0.0700657894736842 0.0183359967989131 0.0341183434583609 0.106013235489007 0.0187772836799349 0.033254095066464 0.106877483880904 0.021746078598421 0.0274385327742599 0.112693046173109
0.0434290658590968 0.01432151819723 0.0153508183691901 0.0715073133490036 0.0145430942007416 0.0149169240977239 0.0719412076204697 0.01800713505421 0.00813141024492878 0.0787267214732648
0.0990863787375415 0.0189388343894271 0.0619618261804449 0.136210931294638 0.0197857371395665 0.0603025570209869 0.137870200454096 0.0225406400179632 0.0549044998650065 0.143268257610076
0.0933014354066986 0.0205260938801575 0.0530625021206508 0.133540368692746 0.0212635076317383 0.0516180548239582 0.134984815989439 0.0231404455775805 0.0479410437493857 0.138661827064011
0.0844372990353698 0.020296104967578 0.0446377204446971 0.124236877626042 0.0208622440587548 0.0435296891442483 0.125344908926491 0.0244303641166268 0.0365432326443404 0.132331365426399
0.0831893687707641 0.0218533104552898 0.0403245468625293 0.126054190678999 0.0223856796845816 0.0392834317275055 0.127095305814023 0.0269697380768785 0.0303120405894902 0.136066696952038
0.061028880866426 0.0173058841803835 0.0271009914763222 0.0949567702565298 0.0176964081676649 0.0263361601800023 0.0957216015528497 0.0203667965706965 0.0211051847796882 0.100952576953164
0.0735121107266436 0.0200497613337027 0.0341993145668841 0.112824906886403 0.0205194561239859 0.0332798030573716 0.113744418395916 0.0234049433549768 0.0276292170105325 0.119395004442755
0.0838245033112583 0.0197995121401961 0.0450055774830606 0.122643429139456 0.0203858829658906 0.0438573680690759 0.123791638553441 0.0226617570116932 0.0393998767474033 0.128249129875113
0.0683993399339934 0.0175248508318758 0.0340420258035948 0.102756654064392 0.0179658532157673 0.0331783409295383 0.103620338938449 0.0204572181154034 0.0282981224620262 0.108500557405961
0.0674187725631769 0.0179405450259248 0.0322477082963052 0.102589836830049 0.0183983140361174 0.0313510977313145 0.103486447395039 0.0215161085423041 0.0252431971887278 0.109594347937626
0.0891126279863481 0.0191941596574177 0.0514855305803425 0.126739725392354 0.0198932077607129 0.0501161579426516 0.128109098030045 0.0215535352660025 0.0468633653044248 0.131361890668271
0.0711340206185567 0.017872474959472 0.0360927809500309 0.106175260287082 0.0183594637839343 0.0351392175817564 0.107128823655357 0.0223398711134376 0.0273426202104724 0.114925421026641
0.096383276928862 0.0188861135298353 0.0593633031425126 0.133403250715211 0.0197088843613088 0.0577511668970843 0.13501538696064 0.0218759444894288 0.0535047225527581 0.139261831304966
0.0863103448275862 0.0219658068058428 0.043234782764033 0.129385906891139 0.0225538578474549 0.0420840059402484 0.130536683714924 0.0261453304395833 0.0350525828750962 0.137568106780076
0.0714666666666667 0.0196810769207025 0.0328729309397812 0.110060402393552 0.0201181135413416 0.032017601243237 0.110915732090096 0.0240841343938151 0.0242519740203205 0.118681359313013
0.0766548042704626 0.0186842851092219 0.0400286229266439 0.113280985614281 0.0192408257534233 0.0389383000887454 0.11437130845218 0.0223319398635635 0.0328816944821794 0.120427914058746
0.0736624203821656 0.0191458120376292 0.036111703774007 0.111213136990324 0.0196017835854628 0.0352197636598977 0.112105077104433 0.0238918198968597 0.0268221376826641 0.120502703081667
0.0877317880794702 0.0213733383168791 0.0458231140752295 0.129640462083711 0.0219704472005935 0.044654207204136 0.130809368954804 0.0246079018811831 0.0394895907319352 0.135973985427005
0.0961575562700965 0.0191985332686795 0.058521368465136 0.133793744075057 0.0199632268039506 0.0570234542408265 0.135291658299366 0.0218250967207952 0.0533758752351576 0.138939237305035
0.0639560839299592 0.0476795520140866 -0.0299343048100584 0.157846472669977 0.0478858080589861 -0.0303328613867736 0.158245029246692 0.0486617399129285 -0.0318330882861397 0.159745256146058
0.0565017064846416 0.0183799276558603 0.0204594059984462 0.0925440069708371 0.0186828076128713 0.0198666486160288 0.0931367643532545 0.0223638420022383 0.0126592231884976 0.100344189780786
0.0606034482758621 0.0180485409130288 0.0252175139282099 0.0959893826235142 0.0184030166839615 0.0245234030923041 0.09668349345942 0.0202810550324396 0.0208452461470721 0.100361650404652
0.0822025723472669 0.0168413741009261 0.0491907594232599 0.115214385271274 0.0174778611414903 0.0479436181070493 0.116461526587484 0.0199587344389881 0.0430821733480598 0.121322971346474
0.0904832713754647 0.0216858845690596 0.0479607907266778 0.133005752024252 0.0223870856408055 0.0465881862167835 0.134378356534146 0.0266801770894878 0.0381809236022165 0.142785619148713
0.0854113924050633 0.0183023038373343 0.0495312064168111 0.121291578393315 0.0189278932533964 0.0483058728246289 0.122516911985498 0.020499867884437 0.045226462405912 0.125596322404215
0.067948275862069 0.0177736176418859 0.0331048506843419 0.102791701039796 0.018221652821972 0.0322272775282941 0.103669274195844 0.0208809932693382 0.0270174869186892 0.108879064805449
0.0832638888888889 0.0187104145865387 0.0465849082424603 0.119942869535317 0.0193486156353328 0.0453347505641662 0.121193027213612 0.020898633564301 0.0422981231658084 0.124229654611969
0.0555666666666667 0.0169405068513436 0.0223509457041847 0.0887823876291487 0.0172485542649891 0.0217478650614691 0.0893854682718642 0.0204205604942406 0.0155357186606716 0.0955976146726618
0.0961551724137931 0.0200102385774374 0.0569283490356257 0.135381995791961 0.0207974460272348 0.0553862682110901 0.136924076616496 0.0236523962477839 0.0497928008672704 0.142517543960316
0.0866115087220615 0.019536715115545 0.0483073684390685 0.124915649005055 0.0201801738189167 0.0470474064313388 0.126175611012784 0.0228421398968576 0.0418336783965667 0.131389339047556
0.0503189347410453 0.0402277411201783 -0.0288790427924157 0.129516912274506 0.0403906306370909 -0.0291940215749016 0.129831891056992 0.0413132463158743 -0.0309793446447737 0.131617214126864
0.068871473354232 0.0554681693728757 -0.0403682177019323 0.178111164410396 0.0556782548018868 -0.040774030821193 0.178516977529657 0.0570186740278741 -0.0433653113995338 0.181108258107998
0.0673498233215548 0.0178533086600075 0.0323484191394613 0.102351227503648 0.0183031478512361 0.0314674386009503 0.103232208042159 0.0206035092433867 0.0269614665436954 0.107738180099414
0.0617685744157027 0.0174824572881131 0.0274921370249916 0.0960450118064138 0.0178515234526085 0.0267694765414488 0.0967676722899566 0.0210161448382036 0.0205710971012749 0.10296605173013
0.0445892857142857 0.017947370579185 0.00938822465669641 0.079790346771875 0.0181548051488389 0.00898250360040178 0.0801960678281697 0.0209651388396703 0.00348277707978886 0.0856957943487826
0.0531904761904762 0.020235804636847 0.0134889674345657 0.0928919849463867 0.0204693351673368 0.0130326132707266 0.0933483391102258 0.0230792373049987 0.0079290101708096 0.0984519422101428
0.0424104234527687 0.0178011209938005 0.0074963861534405 0.077324460752097 0.0179745837618841 0.00715710794676123 0.0776637389587762 0.0229873993360687 -0.00265541491122803 0.0874762618167655
0.0836229508196721 0.0208429941654606 0.0427493681896031 0.124496533449741 0.0213957410344315 0.0416676716012408 0.125578230038103 0.0232922890965945 0.0379550956952377 0.129290805944107
0.0526360616642535 0.0180489884151489 0.017236029950356 0.088036093378151 0.0183173901711073 0.0167110415061411 0.0885610818223658 0.0227634072885169 0.00800831359137896 0.097263809737128
0.0852483443708609 0.0205604135361443 0.0449301242234598 0.125566564518262 0.0211470004412033 0.0437820991162953 0.126714589625427 0.0248014532271495 0.0366266844964636 0.133870004245258
0.0678470232783857 0.0159159728427213 0.0366467769453816 0.0990472696113898 0.0163643289124518 0.0357684561115233 0.0999255904452481 0.0177552859225085 0.033043331693574 0.102650714863197
0.0605229537518099 0.0169739813226199 0.0272458750032182 0.0938000325004016 0.0173416519583766 0.0265257948537626 0.0945201126498572 0.0200596459044135 0.0212015078713629 0.0998443996322569
