estimate std_1 lowerCI_1 upperCI_1 std_2 lowerCI_2 upperCI_2 std_3 lowerCI_3 upperCI_3
0.0877036724615761 0.0202023230878559 0.0480919419250633 0.127315402998089 0.0208265562974793 0.0468698556838346 0.128537489239318 0.0327957263382101 0.0234215134773628 0.151985831445789
0.070067650053452 0.0191239053679196 0.0325629009640387 0.107572399142865 0.0195377139105333 0.0317532569191704 0.108382043187734 0.0320382321426524 0.00726906841382541 0.132866231693079
0.0667531445036087 0.0195826875532062 0.0283485904849975 0.10515769852222 0.0199621413543878 0.0276061732112026 0.105900115796015 0.0340377683523169 3.59303763732277e-05 0.133470358630844
0.0856954266812046 0.0214979957174766 0.0435318172797614 0.127859036082648 0.02206633361402 0.0424200289306496 0.12897082443176 0.0350078173440004 0.0170748127495608 0.154316040612848
0.0709476694183016 0.01829233093664 0.0350817522151517 0.106813586621452 0.0187383917676998 0.0342084382926691 0.107686900543934 0.0337412441326858 0.0048138786690997 0.137081460167504
0.0894930309066155 0.0215558657867694 0.0472216347709893 0.131764427042242 0.02219212578407 0.0459764842710202 0.133009577542211 0.0348324768451873 0.02121725917517 0.157768802638061
0.101179257508176 0.0204139064303176 0.0611524768458676 0.141206038170484 0.021214503451714 0.0595851085358362 0.142773406480515 0.0333657970085717 0.0357797746314372 0.166578740384914
0.0490841913270323 0.0159303905835102 0.017844542949558 0.0803238397045066 0.0161791052133638 0.0173578281490194 0.0808105545050451 0.0321089548207259 -0.0138502368676149 0.112018619521679
0.0650177444240943 0.0190742179100377 0.0276141217873213 0.102421367060867 0.0194680540882471 0.0268433383174106 0.103192150530778 0.0349632337386954 -0.00351199256029885 0.133547481408488
0.104013788922276 0.0217916467615391 0.0612859407177519 0.146741637126801 0.0226353579364845 0.0596341296180308 0.148393448226522 0.0338704357869717 0.0376244271904837 0.170403150654069
0.0972022466075066 0.0205198025685453 0.0569701360863324 0.137434357128681 0.0212583058461457 0.0555241094655365 0.138880383749477 0.0339813095712615 0.0305970139072273 0.163807479307786
0.0809554718164423 0.0211603818066936 0.0394581912532219 0.122452752379663 0.0217043385523407 0.0383937940277099 0.123517149605175 0.0351685808198809 0.0120211613440526 0.149889782288832
0.0745674849579182 0.0210470108411329 0.0332954807479914 0.115839489167845 0.0215198266438751 0.0323701091658055 0.116764860750031 0.0351885114172284 0.00559485936980531 0.143540110546031
0.0585802904624895 0.0183174929081944 0.0226581976234266 0.0945023833015524 0.018640663809867 0.0220258411554779 0.0951347397695012 0.0340359326918515 -0.008132100428882 0.125292681353861
0.0863599463483074 0.0205306506433061 0.0461070186115455 0.126612874085069 0.0211591565924832 0.0448763456250149 0.1278435470716 0.0352714497017631 0.0172264955226891 0.155493397173926
0.0782845421309519 0.0187474372408273 0.0415241374205777 0.115044946841326 0.0192749837051673 0.0404914523491152 0.116077631912789 0.0335636526820826 0.0124981865494495 0.144070897712454
0.0832438145684492 0.0209662315368698 0.0421222534311908 0.124365375705708 0.0215378096902055 0.0410041921989891 0.125483436937909 0.0350230320701413 0.0145938219182308 0.151893807218668
0.0454500048464789 0.021974556330427 0.00234525059277119 0.0885547591001865 0.0221396890552223 0.00202238378187566 0.0888776259110821 0.0352007962139997 -0.0235508978159046 0.114450907508862
0.103867942373569 0.0213997140132115 0.0619047222266244 0.145831162520514 0.0222187771200597 0.06030157930894 0.147434305438198 0.0347033611441991 0.0358457874415398 0.171890097305598
0.0787113239022817 0.0202544503037595 0.0389904987988226 0.118432149005741 0.020738688894195 0.0380429719802885 0.119379675824275 0.0330962307870476 0.0138386728530425 0.143583974951521
0.0823731103885631 0.0206102589275626 0.0419624651411644 0.122783755635962 0.0212014328069518 0.040805029068524 0.123941191708602 0.0357404696023775 0.0123201479680392 0.152426072809087
0.0797852522022432 0.0198659173217683 0.0408311767708645 0.118739327633622 0.0204163667554657 0.0397537014115774 0.119816802992909 0.0349490425365843 0.0112831576573359 0.14828734674715
0.0784082791309394 0.0193973474901553 0.0403721622750844 0.116444395986794 0.0199087239420724 0.0393712364175189 0.11744532184436 0.0334977595918451 0.0127503803804747 0.144066177881404
0.0841211656343356 0.0191749697827375 0.0465224861742892 0.121719845094382 0.0197638074090782 0.0453698115207229 0.122872519747948 0.033462314695949 0.0185331437791899 0.149709187489481
0.0771470553221315 0.0206625521238455 0.036631208714594 0.117662901929669 0.02116814552143 0.0356415229510557 0.118652587693207 0.035012748673127 0.00851963315722871 0.145774477487034
0.0697966699952883 0.0187596678693838 0.0330068448529516 0.106586495137625 0.0191855375266907 0.0321735602184676 0.107419779772109 0.0322540701534975 0.00657561592427001 0.133017724066307
0.0833012284185149 0.0203415111484812 0.0434144965128354 0.123187960324194 0.0209127372109896 0.0422963580416771 0.124306098795353 0.0335994957108618 0.0174434115516906 0.149159045285339
0.0823041485147216 0.0202267751652526 0.0426386239594315 0.121969673070012 0.0208025427079871 0.0415118998230105 0.123096397206433 0.0344941091638519 0.0146925488319091 0.149915748197534
0.0891147292275893 0.0196520551655992 0.0505811374174384 0.12764832103774 0.0202983357067118 0.0493159568236471 0.128913501631531 0.0336144590560039 0.0232283498967741 0.155001108558404
0.095426838567993 0.0206461740684099 0.0549443232986968 0.135909353837289 0.0213735580260918 0.0535203310588279 0.137333346077158 0.0344905699660049 0.0278229704614001 0.163030706674586
0.0827029733203333 0.0198806693137674 0.0437129685648167 0.12169297807585 0.0204485529410962 0.0426019324586729 0.122804014181994 0.0339369992371377 0.0161827325157292 0.149223214124937
0.120584447020687 0.0223804169116447 0.0767025198508395 0.164466374190535 0.0234653559593012 0.0745783454204135 0.166590548620961 0.0352425588345141 0.0515059190395778 0.189662975001797
0.0977836660402835 0.0212053012980377 0.0562016585798337 0.139365673500733 0.0219533339757417 0.0547375557723256 0.140829776308242 0.0336231720937887 0.0318783492440744 0.163688982836493
0.0838406531685727 0.0207688291313106 0.0431109604934211 0.124570345843724 0.0213850121995848 0.041905241613468 0.125776064723677 0.0357656317139459 0.0137366969067233 0.153944609430422
0.058926704262309 0.0159902092987429 0.0275744448563279 0.0902789636682901 0.0163147993058355 0.0269389640097986 0.0909144445148193 0.0297950798257338 0.000527562798808286 0.11732584572581
0.0910646730758217 0.0225959312149356 0.0467431026988123 0.135386243452831 0.0232219755849367 0.0455187854036827 0.136610560747961 0.0349871445243416 0.0224818800872896 0.159647466064354
0.0528927880737835 0.0181512802118747 0.0172863489157767 0.0884992272317903 0.0183998014883583 0.016800480071265 0.0889850960763021 0.0311354947622991 -0.00813771537776145 0.113923291525329
0.0799921420288073 0.0196132782263149 0.0415371739319795 0.118447110125635 0.0201765783443108 0.0404342380299066 0.119550046027708 0.0357420663730062 0.00993672455254817 0.150047559505066
0.0700998622485788 0.0195410036974503 0.0317657135935439 0.108434010903614 0.0199477421052073 0.0309705899907369 0.109229134506421 0.0337257261740583 0.00399195091640556 0.136207773580752
0.097886307887208 0.0202093883144882 0.058261992242126 0.13751062353229 0.0209582235729778 0.0567958168548491 0.138976798919567 0.0331496531980656 0.0329108648754685 0.162861750898948
0.0815447597049503 0.0212978155384077 0.0397811650990898 0.123308354310811 0.0218376604970203 0.0387245827260039 0.124364936683897 0.0356801836148343 0.0116084963517458 0.151481023058155
0.0688518501859739 0.0201227412753196 0.0293926623026534 0.108311038069294 0.0205200127476822 0.0286151268415539 0.109088573530394 0.0349336574347135 0.00037944494755017 0.137324255424398
0.0650971826689835 0.0194015271199639 0.0270482195873397 0.103146145750627 0.0197712389029171 0.0263248467665273 0.10386951857144 0.0339948002229794 -0.00153561324312038 0.131729978581087
0.0888811733528655 0.0196565999748389 0.0503385650782915 0.12742378162744 0.0203128795327133 0.0490538184693503 0.128708528236381 0.0336638773704985 0.0228979263086618 0.154864420397069
0.0863817652627716 0.0214023197642748 0.0444006212741264 0.128362909251417 0.0219959628665076 0.0432397340906223 0.129523796434921 0.0329604222871095 0.0217713949713405 0.150992135554203
0.0825882947326357 0.02227931924738 0.0388897986871539 0.126286790778118 0.0227936073336476 0.0378839208753869 0.127292668589885 0.034807236168713 0.0143590226366154 0.150817566828656
0.0717148541153468 0.0202990929953733 0.0319038624378154 0.111525845792878 0.0207227995459512 0.0310749464712574 0.112354761759436 0.0341490088038118 0.00477867365997092 0.138651034570723
0.0826788167140274 0.0192279849735252 0.0449761293451151 0.12038150408294 0.019815139133544 0.0438267553371437 0.121530878090911 0.0339761737200225 0.0160837451093556 0.149273888318699
0.0797818839168666 0.0202587963194465 0.0400549260723147 0.119508841761418 0.0207993374850092 0.038997038870682 0.120566728963051 0.0350881608927088 0.0110064187147329 0.148557349119
0.110643568720339 0.0217109483097633 0.0680755375150767 0.153211599925601 0.0226417297920868 0.0662530569191574 0.15503408052152 0.0337983284687014 0.0443959934702942 0.176891143970383
0.102781912583937 0.0211350242301231 0.0613411987882236 0.14422262637965 0.0219589559199429 0.0597281471921434 0.14583567797573 0.0346773105500715 0.0348118244301764 0.170752000737697
0.0825044872195613 0.0199228801392718 0.0434374282763665 0.121571546162756 0.0204876370094868 0.0423320488427865 0.122676925596336 0.0349111473168439 0.0140763789050313 0.150932595534091
0.0624250628877541 0.0162416108042045 0.0305809245958035 0.0942692011797048 0.0166364711405497 0.0298077892314045 0.0950423365441038 0.0331256757596538 -0.00250138425038503 0.127351510025893
0.0697508153479119 0.0218563115692329 0.0268456440213815 0.112655986674442 0.0222469662213168 0.0260834801183518 0.113418150577472 0.0358631519320263 -0.000554949062123444 0.140056579757947
0.06964301880237 0.0764580977288752 -0.0810410845939962 0.220327122198736 0.076683746062363 -0.0814759984136159 0.220762036018356 0.0811086678774181 -0.0900206668707588 0.229306704475499
0.0838649825932899 0.0194405863123555 0.0457470050306896 0.12198296015589 0.020052606497893 0.0445488114925087 0.123181153694071 0.0338395704413406 0.0175377757991232 0.150192189387456
0.0405778580509594 0.0171808437731361 0.00687499433908478 0.0742807217628339 0.0173486379707253 0.00654695883271575 0.074608757269203 0.0330592691281949 -0.0242211901623171 0.105376906264236
0.0704065038258433 0.0191006129177667 0.0329464858329507 0.107866521818736 0.0195516154078789 0.0320641277292637 0.108748879922423 0.0343943262788539 0.00299083966021624 0.13782216799147
0.0938135267008405 0.0204292724962608 0.0537583615115143 0.133868691890167 0.0211368027323972 0.052373038849601 0.13525401455208 0.0338065739316721 0.027550654612852 0.160076398788829
0.0851462395072661 0.0188691882036027 0.0481532634452703 0.122139215569262 0.0194901187031738 0.0469371922896742 0.123355286724858 0.0326172133693514 0.0212157313730986 0.149076747641434
0.0629627712445712 0.0196217273542028 0.0244738150312497 0.101451727457893 0.0199730034501732 0.0237869391874057 0.102138603301737 0.0336834463693106 -0.00306170954977253 0.128987252038915
0.091871066009471 0.0204908389220071 0.0516845222564775 0.132057609762464 0.0211439692762487 0.0504066791894213 0.133335452829521 0.0329651257925466 0.0272545486665346 0.156487583352407
0.0723408081924999 0.0191046407472094 0.0348718197853155 0.109809796599684 0.019555127163621 0.0339905438872105 0.110691072497789 0.0331423572357918 0.00737827610376859 0.137303340281231
0.0908587445892722 0.0203823552245121 0.0508884537364433 0.130829035442101 0.0210387080487088 0.0496039870504288 0.132113502128116 0.0329338800521118 0.0263044058635742 0.15541308331497
0.102227825780664 0.022144659507653 0.05880051880572 0.145655132755607 0.0229375733149396 0.0572488990705707 0.147206752490757 0.0340545711997719 0.0354753393440509 0.168980312217277
0.0550512977429697 0.0191421150544673 0.0174922977791379 0.0926102977068016 0.0194177275730685 0.0169538367507036 0.0931487587352359 0.0328197300220471 -0.00928234668802052 0.11938494217396
0.0566189457006214 0.0214964467778373 0.0144347016963103 0.0988031897049324 0.0217570354962371 0.0139258055888153 0.0993120858124275 0.035047407893119 -0.0120846937583513 0.125322585159594
0.065505039649264 0.0187136727837388 0.0288027247810322 0.102207354517496 0.0191060632973846 0.0280351146972359 0.102974964601292 0.0338609755350281 -0.000865333845752769 0.131875413144281
0.0889885413464912 0.0209301128169192 0.0479471346268051 0.130029948066177 0.0216005394256211 0.0466348509428276 0.131342231750155 0.0362030433228521 0.0180281834595487 0.159948899233434
0.100791772222658 0.0220239055005058 0.0576019573527881 0.143981587092528 0.022795931541426 0.056091148145189 0.145492396300127 0.0345227143416593 0.033122330990277 0.168461213455039
0.0830088698005998 0.0210780224543413 0.0416707883919843 0.124346951209215 0.0216463278910159 0.0405589198186527 0.125458819782547 0.0343762580318332 0.0156266709458553 0.150391068655344
0.0769287833507059 0.0192587430196516 0.0391620958096163 0.114695470891796 0.0197541570850743 0.0381925883184935 0.115664978382918 0.0342620938314202 0.00977271963582146 0.14408484706559
0.0752316241535152 0.0192492599977768 0.0374835268817015 0.112979721425329 0.0197432080484155 0.0365168889564784 0.113946359350552 0.0339660628627579 0.00865568183721863 0.141807566469812
0.0734772257026473 0.0198684219398292 0.034513256983663 0.112441194421632 0.0203323590895452 0.0336054684251381 0.113348982980156 0.0347822966750606 0.00530097095114863 0.141653480454146
0.0561513694838317 0.0170537083348267 0.0227125752697429 0.0895901636979206 0.017377436498692 0.0220788557558572 0.0902238832118062 0.0356012493537766 -0.0136273506621954 0.125930089629859
0.0653021903352053 0.0181135238884213 0.0297832349983555 0.100821145672055 0.018493517165722 0.0290394950901398 0.101564885580271 0.0341368342294845 -0.00160732899190102 0.132211709662312
0.0782517053406389 0.0199473128978318 0.039131113200201 0.117372297481077 0.0204714361741997 0.0381056916515754 0.118397719029702 0.0335723925922558 0.0124458726370912 0.144057538044187
0.0906649709773859 0.0202060278743747 0.0510460164719905 0.130283925482781 0.020885536803328 0.0497157030557815 0.13161423889899 0.0339371637709606 0.0241460043065211 0.157183937648251
0.110489482197063 0.020610324513437 0.070079385910175 0.150899578483951 0.0215161159403919 0.0683058357315655 0.15267312866256 0.0324433033896293 0.0468980333720984 0.174080931022027
0.0636412255359199 0.0213310426081872 0.0217894137573988 0.105493037314441 0.0216669400291671 0.0211330722473873 0.106149378824452 0.0349600667824188 -0.00488917236796831 0.132171623439808
0.0747459087610732 0.021858877662107 0.0318787213588195 0.117613096163327 0.0222958323944051 0.0310237235163975 0.118468094005749 0.0347150576599776 0.00669951395392684 0.14279230356822
0.0624052587249756 0.0209501421417003 0.0213136719215037 0.103496845528448 0.021273035935909 0.0206821611927714 0.10412835625718 0.035297772203716 -0.00678338518100463 0.131593902630956
0.0755615626971341 0.01781970258656 0.0406212633219003 0.110501862072368 0.0183316435772654 0.0396190448546323 0.111504080539636 0.0328460728582535 0.0111821564299747 0.139940968964294
0.0888368532397575 0.0205607124156188 0.0485194978054775 0.129154208674037 0.0211757367741774 0.0473156894291058 0.130358017050409 0.034197058353274 0.0218077009809131 0.155866005498602
0.0836235023846601 0.0240567696963452 0.0364171717946744 0.130829832974646 0.0245456059107628 0.0354623505716495 0.131784654197671 0.0356810701246617 0.0136727650614454 0.153574239707875
0.0567387880584619 0.0215724232227701 0.0144153952789039 0.0990621808380199 0.0218307816140207 0.0139105053025108 0.099567070814413 0.0352286434832222 -0.0123177708119649 0.125795346928889
0.0655730064502137 0.0203487820013034 0.0256534795135528 0.105492533386875 0.0207214186634693 0.024925069020476 0.106220943879951 0.0359759033360927 -0.00494509464758951 0.136091107548017
0.0773004005378506 0.0216490000408725 0.0348214368794809 0.11977936419622 0.0221209720020989 0.0338993816163033 0.120701419459398 0.0351753193781516 0.00834693082972988 0.146253870245971
0.0708822557903232 0.0187190313710461 0.0341700604926192 0.107594451088027 0.0191521172300908 0.0333227919644474 0.108441719616199 0.0328558618705878 0.00648159383420506 0.135282917746441
0.0789530102195739 0.019063323033971 0.0415739925460526 0.116332027893095 0.0195942404715386 0.0405346474230012 0.117371373016147 0.0331569285920553 0.0139636622999332 0.143942358139215
0.0948580626682389 0.0208277953094186 0.0540192591756273 0.13569686616085 0.0215387971895755 0.0526273576240242 0.137088767712454 0.0345821506911185 0.0270745639573115 0.162641561379166
0.108148581603966 0.0221007642432812 0.0648051199260525 0.15149204328188 0.0229239320535347 0.0631945230886819 0.153102640119251 0.0332559980610024 0.0429601729213704 0.173336990286563
0.0895797052725416 0.0212794531956715 0.0478453496312811 0.131314060913802 0.0218922443623142 0.0466465393254916 0.132512871219592 0.034923863093483 0.0211239980718297 0.158035412473253
0.0976510421349147 0.0222205700994315 0.0540737786695118 0.141228305600318 0.0229521744277073 0.0526422465493114 0.142659837720518 0.0355288966958252 0.0280093888127194 0.16729269545711
0.12104320002591 0.0227129000039242 0.0765083265432918 0.165578073508529 0.0237907355837813 0.0743981989387636 0.167688201113057 0.0350444245305114 0.0523523804045401 0.189734019647281
0.0974058422948089 0.0205148053410304 0.0571796375794706 0.137632047010147 0.0212747586897485 0.0556920104415661 0.139119674148052 0.0337646354938892 0.0312243538202543 0.163587330769363
0.0480160024381101 0.0183070653332225 0.0120995066053569 0.0839324982708633 0.0185382666247534 0.0116476666093093 0.084384338266911 0.0353315698402182 -0.0212375092378444 0.117269514114065
0.0792862831818498 0.0206858412055374 0.0387193732257234 0.119853193137976 0.0211821665161226 0.0377482016727304 0.120824364690969 0.0331066588095469 0.0143927174271472 0.144179848936552
0.110145580290134 0.0231877866128752 0.0646642618738081 0.15562689870646 0.0240702113061176 0.0629383580553096 0.157352802524959 0.0354032353610285 0.0407469412801914 0.179544219300077
0.0873996457552711 0.0194226150433387 0.0493164258410316 0.125482865669511 0.0200486060440291 0.0480909222718139 0.126708369238728 0.03270055595388 0.0233044674772428 0.151494824033299
0.0687329923167292 0.0180899364230485 0.0332627894058217 0.104203195227637 0.0185199426280537 0.0324209853395211 0.105044999293937 0.0333716110190997 0.00332351522291073 0.134142469410548
0.0952336437424311 0.0200334474624968 0.0559574243677578 0.134509863117104 0.0207779634508592 0.0544993806345427 0.13596790685032 0.0346526019630481 0.0273135928533995 0.163153694631463
0.0985833805187336 0.0232176072920019 0.0530485727615246 0.144118188275943 0.0239337351011275 0.0516475276419615 0.145519233395506 0.0360072653905371 0.0280026307678111 0.169164130269656
0.105274723239025 0.0218497109508523 0.0624301171434092 0.148119329334642 0.0227204522710039 0.0607257046676179 0.149823741810433 0.0348887241628203 0.0368891796417603 0.173660266836291
0.0606651557656131 0.0196226565420035 0.0221720057209282 0.0991583058102981 0.0199320695103703 0.0215671028122898 0.0997632087189364 0.033473881981248 -0.00494918056757357 0.1262794920988
0.0806131253432846 0.0199898028102941 0.0414144028913188 0.11981184779525 0.0205346146717018 0.0403480979153548 0.120878152771214 0.0344804453113869 0.0130289102228765 0.148197340463693
0.0760975784005838 0.0187104086824441 0.0394116110735871 0.112783545727581 0.0192100680308534 0.0384333797701363 0.113761777031031 0.0327431378448929 0.0119195513120423 0.140275605489125
0.0757777370971966 0.022467475116746 0.0316896107973107 0.119865863397083 0.0229125254042052 0.0308203434214687 0.120735130772925 0.0364845779636403 0.00425698753950668 0.147298486654887
0.0619465872499525 0.0193571025416235 0.0239790194626864 0.0999141550372186 0.0197095559233903 0.0232897184421788 0.100603456057726 0.0345199124718716 -0.00571619236685839 0.129609366866763
0.0936825193731354 0.0189094118461237 0.056609763095174 0.130755275651097 0.0196196615380277 0.0552188505398864 0.132146188206384 0.0313021376836427 0.0323290347095767 0.155036004036694
0.091719906176966 0.0212030143075542 0.0501343589078187 0.133305453446113 0.0218503178462183 0.0488681194762029 0.134571692877729 0.0332306794083581 0.026581597510439 0.156858214843493
0.070276213020761 0.0199455486125446 0.0311595375236504 0.109392888517872 0.0203651934892885 0.030338510225354 0.110213915816168 0.033472476783598 0.00466626375078208 0.13588616229074
0.118664987813016 0.0215934682194077 0.0763282334634691 0.161001742162562 0.0226291829262777 0.0743001501441096 0.163029825481922 0.0329960590389211 0.0539898840313684 0.183340091594663
0.0637427200965623 0.0185141737699868 0.0274265976596214 0.100058842533503 0.0188651985427839 0.0267401926544441 0.10074524753868 0.0320030439857428 0.00101229389407873 0.126473146299046
0.0718651300320048 0.0190624055280552 0.0344846363752997 0.10924562368871 0.0195087692148622 0.0336110459226056 0.110119214141404 0.0338535769545079 0.00550997185915178 0.138220288204858
0.0927486282092806 0.0222025789332506 0.049209825386235 0.136287431032326 0.0229216596060922 0.0478025105912335 0.137694745827328 0.035940196946181 0.0223018230666864 0.163195433351875
0.102158187923146 0.0208871597250843 0.0612025990488774 0.143113776797414 0.0216845750632144 0.0596415559574421 0.144674819888849 0.0322267492920648 0.038990154820388 0.165326221025904
0.0915696785278563 0.0217947605717649 0.0488173443754835 0.134322012680229 0.0224436318929484 0.0475485643495032 0.135590792706209 0.035446205542607 0.0220881716516549 0.161051185404058
0.0601658915554088 0.0176329048316845 0.0255875819390907 0.0947442011717269 0.0179544244913613 0.024958389227617 0.0953733938832006 0.0320145671773357 -0.00258458848168674 0.122916371592504
0.0834996256050686 0.0217543452088578 0.0408247701106741 0.126174481099463 0.0222662423275168 0.0398239747266579 0.127175276483479 0.0327540091206706 0.0192920785878914 0.147707172622246
0.0950935426487051 0.0219752833857707 0.0520042589631846 0.138182826334226 0.0226625783230624 0.0506588208404154 0.139528264456995 0.035169950084013 0.0261571910143556 0.164029894283055
0.0891538620867633 0.020980971645125 0.0480071900339491 0.130300534139577 0.0215834978758918 0.0468282750241002 0.131479449149426 0.0334792239394112 0.0235297070316448 0.154778017141882
0.0712097814292782 0.0186337297866832 0.0346678111338913 0.107751751724665 0.0190979612732262 0.0337593962266269 0.108660166631929 0.0343147079367057 0.00395090386725067 0.138468658991306
0.0955737028185844 0.0206417912220512 0.0551017674860856 0.136045638151083 0.0213957199615964 0.053625601732843 0.137521803904326 0.035340849081167 0.0263039697655917 0.164843435871577
0.0751624226127213 0.0204900463254184 0.034975730967583 0.11534911425786 0.0209450587326389 0.0340856422344921 0.11623920299095 0.0333530059007004 0.00978548979701982 0.140539355428423
0.085160084441667 0.0185973604735148 0.0486989851633095 0.121621183720024 0.0192346415863644 0.0474509895075025 0.122869179375831 0.031392429495885 0.0236297787472131 0.146690390136121
0.0960234010595734 0.021674587801223 0.0535225122036252 0.138524289915522 0.0224206892551408 0.0520620617082054 0.139984740410941 0.0349223833338524 0.0275721326289294 0.164474669490217
0.0743504559825752 0.0220096948150142 0.0311865269539863 0.117514385011164 0.0224520365186402 0.0303210446496395 0.118379867315511 0.0369948924049607 0.00183638594378836 0.146864526021362
0.116452386896444 0.0215727231133047 0.074163615942105 0.158741157850784 0.0226157647490549 0.0721202180135691 0.16078455577932 0.0342532058530288 0.0493155859853201 0.183589187807569
0.0766862910798872 0.0175376309777438 0.0423065567830263 0.111066025376748 0.0180763065160333 0.0412513456905261 0.112121236469248 0.0332533634716963 0.0115099269627411 0.141862655197033
0.0720132330161184 0.019806422544266 0.0331720347719357 0.110854431260301 0.0202329974885748 0.0323372845835568 0.11168918144868 0.0336965957592151 0.005964790700185 0.138061675332052
0.118137795346465 0.0207426978465605 0.0774742624428277 0.158801328250101 0.0218172893287426 0.0753693102150534 0.160906280477876 0.0340216053629243 0.0514547271788231 0.184820863514106
0.0755619970588082 0.0198703098736276 0.0365961973836885 0.114527796733928 0.0203416722352335 0.0356737514844477 0.115450242633169 0.0344909070039405 0.0079571039041552 0.143166890213461
0.0620635460829365 0.0570697487224906 -0.0503561218810993 0.174483214046972 0.0572762024097235 -0.0507546361195663 0.174881728285439 0.064163447345879 -0.0640913357039425 0.188218427869815
0.0609332017464162 0.0185283433221943 0.0245971494230227 0.0972692540698098 0.0188553529803768 0.0239573053461277 0.0979090981467048 0.0334010037666747 -0.00453517395053728 0.12640157744337
0.0972607097608226 0.0196243377167177 0.0587868067851162 0.135734612736529 0.0204022141224566 0.0572633981208521 0.137258021400793 0.0318284982914323 0.03487544336547 0.159645976156175
0.0859192617478093 0.0214297208158896 0.0438958126129297 0.127942710882689 0.0220110682580885 0.0427580886940435 0.129080434801575 0.0357300756945692 0.0158848627498054 0.155953660745813
0.0901258360071703 0.0204600474320138 0.0500083031765191 0.130243368837822 0.0211621721850494 0.0486337605427444 0.131617911471596 0.0348365953452277 0.0218440067463374 0.158407665268003
0.104488639403966 0.0206440139349509 0.0640114517893497 0.144965827018583 0.0215171416895652 0.0623019841399229 0.14667529466801 0.0342682436058221 0.0373206926988854 0.171656586109047
0.108913498927386 0.0211296415027606 0.0674849966515799 0.150342001203191 0.0220294971222409 0.0657230963870721 0.152103901467699 0.0329679269654928 0.0442935578906698 0.173533439964101
0.0832570703866059 0.019485497644231 0.0450448575538605 0.121469283219351 0.0200617108774525 0.0439172879630234 0.122596852810188 0.0331746776584688 0.018231574994489 0.148282565778723
0.106453386737155 0.0208499952377148 0.065573480493802 0.147333292980509 0.0216902271840222 0.0639282960825184 0.148978477391792 0.0325495852457049 0.0426535182200401 0.17025325525427
0.101961520023756 0.0212779667840142 0.0602396720126305 0.143683368034881 0.0221204375523374 0.0585904178425612 0.145332622204951 0.0358849346765265 0.0316246310942438 0.172298408953268
0.09488799505048 0.0216496125218923 0.0524308768343181 0.137345113266642 0.0223684185850489 0.0510243459189963 0.138751644181964 0.035561568885805 0.0251830399540683 0.164592950146892
0.0815606571995437 0.0201409014634845 0.0420643307952803 0.121056983603807 0.0207135302488518 0.0409436847160653 0.122177629683022 0.0345942901845409 0.0137529747541824 0.149368339644905
0.0813851599635511 0.021391142036935 0.0394270892492267 0.123343230677875 0.0219268025729459 0.0383795189188302 0.124390801008272 0.0355664388905294 0.0116692192190201 0.151101100708082
0.059826583198124 0.0169391081251107 0.026608345000365 0.093044821395883 0.0172706352877818 0.0259595922959784 0.0936935741002696 0.0319326175748365 -0.00276291197406241 0.12241607837031
0.0687782754167673 0.0208396667769659 0.0279077174287153 0.109648833404819 0.0212295275444631 0.0271449879740382 0.110411562859496 0.0342288031983403 0.00168528816443762 0.135871262669097
0.0707545630274903 0.0199515610055446 0.0316242439033985 0.109884882151582 0.020368436148262 0.0308087475408301 0.110700378514151 0.034296137877876 0.00353025643920221 0.137978869615778
0.0788764589313693 0.0218894156077842 0.035928081207116 0.121824836655623 0.0223751119659165 0.0349790630068162 0.122773854855922 0.0358761218091815 0.00855013356504625 0.149202784297692
0.0658591512909592 0.0204341338595294 0.0257803117624075 0.105937990819511 0.0208047937344693 0.0250553384688054 0.106662964113113 0.034807103688257 -0.00236731624284764 0.134085618824766
0.0990410842946373 0.0210339126443695 0.0577948959030265 0.140287272686248 0.0217952889565657 0.0563046988399915 0.141777469749283 0.0338168485523133 0.0327563535633003 0.165325815025974
0.0690623267641071 0.0185816518126282 0.0326185266834716 0.105506126844743 0.0190143707752475 0.0317720447664493 0.106352608761765 0.0343121041599482 0.00180796041149547 0.136316693116719
0.0984620807304958 0.0284661099386425 0.0425465908236809 0.154377570637311 0.0290511966930306 0.0414071407797784 0.155517020681213 0.0398718713859593 0.0202699823947802 0.176654179066211
0.0907885449917973 0.0208782649153444 0.0498449370127546 0.13173215297084 0.0215467147133601 0.0485368721852086 0.133040217798386 0.0346875870044292 0.0227971195167063 0.158779970466888
0.084427380856139 0.0191662396033564 0.046847752010915 0.122007009701363 0.0197854473197784 0.0456354460488107 0.123219315663467 0.0343242116317474 0.0171506404411703 0.151704121271108
0.0947245895788715 0.020470309410796 0.0545865663027112 0.134862612855032 0.0211896407935654 0.0531783722034788 0.136270806954264 0.0339052691046663 0.0282677534141209 0.161181425743622
0.0956941607325108 0.0219766023252633 0.0526018011210393 0.138786520343982 0.022708283441782 0.0511695124393744 0.140218809025647 0.0356071865015635 0.0259008897098422 0.165487431755179
0.0934398167160502 0.0213898650020664 0.0515003808675847 0.135379252564516 0.0221054052395884 0.0500994590887582 0.136780174343342 0.0358422126918142 0.0231869561549571 0.163692677277143
0.0830249109991425 0.0183472633580349 0.04705136075167 0.118998461246615 0.0189309847561192 0.0459085057616746 0.12014131623661 0.0327281172777804 0.0188765890670228 0.147173232931262
0.0819207077894185 0.0198096285389565 0.0430725845782502 0.120768831000587 0.0203784678517273 0.041959469700924 0.121881945877913 0.0345618765662329 0.0141765407000271 0.14966487487881
0.0759262821563407 0.0206703820559051 0.0353896585867619 0.116462905725919 0.0211251112589461 0.0344998867764447 0.117352677536237 0.0339965557234908 0.00928899595935738 0.142563568353324
0.0664056478373802 0.0203715122745037 0.0264463613456937 0.106364934329067 0.0207372287087437 0.0257312278028277 0.107080067871933 0.0347170682148561 -0.00164498732746969 0.13445628300223
0.0722131458127906 0.0198683692516927 0.0332417274994089 0.111184564126172 0.0202876077026208 0.0324218665214835 0.112004425104098 0.0328027167456117 0.00791431167727226 0.136511979948309
0.057643694093213 0.0164853497881324 0.0253173309864854 0.0899700571999407 0.016809234335941 0.024683417995438 0.0906039701909881 0.0318860420859325 -0.00485396473645128 0.120141352922877
0.0987344819407448 0.0215249256072324 0.0565187344692904 0.140950229412199 0.0222802008597011 0.0550411437406412 0.142427820140848 0.0351402921223519 0.0298544194090555 0.167614544472434
0.0868890552950075 0.0206736606138224 0.0463487409165226 0.127429369673492 0.0212928816950873 0.0451368435416052 0.12864126704841 0.0336670818599928 0.0208980001309931 0.152880110459022
0.0749468394488943 0.0196010914957034 0.0365039344193644 0.113389744478424 0.0200826650425173 0.0355618578469317 0.114331821050857 0.0344196323997516 0.00748089819911904 0.142412780698669
0.0699835769343819 0.0177269224805371 0.0352275585713829 0.104739595297381 0.0181940188628182 0.0343129592053368 0.105654194663427 0.0336563597583647 0.00401658735725917 0.135950566511505
0.0967598974812852 0.0217522318272621 0.0540977071874879 0.139422087775082 0.0224657124827916 0.0527019520787311 0.140817842883839 0.0344636390193727 0.0292052193024299 0.16431457566014
0.0739420618010395 0.0202220064250675 0.0342839060650222 0.113600217537057 0.0206829294058759 0.0333820675422279 0.114502056059851 0.0354106116288325 0.00453411720064138 0.143350006401438
0.0983193955580065 0.0226034980878414 0.0539835074946031 0.14265528362141 0.0233493200189364 0.0525248669902473 0.144113924125766 0.0355426189448107 0.0286484426567556 0.167990348459257
0.0467043565800834 0.0204466824260437 0.00659940996089769 0.0868093031992691 0.0206360351904439 0.00622910947791273 0.0871796036822541 0.034274193323423 -0.0204782324141342 0.113886945574301
0.0902564722252896 0.0201349488910141 0.0507763118263652 0.129736632624214 0.020816771875671 0.0494415220005758 0.131071422450003 0.0361718057989873 0.0193582104181649 0.161154734032414
0.0751776299392945 0.0198437328266952 0.0362590633590897 0.114096196519499 0.0203251972651738 0.0353171858594256 0.115038074019163 0.0338499262186427 0.00882784619897774 0.141527413679611
0.121330316814397 0.0223768368717757 0.0774594283305784 0.165201205298215 0.0234627050600469 0.0753329015367822 0.167327732092011 0.03474799408059 0.0532220038292145 0.189438629799579
0.0694988692147499 0.0195516082641986 0.031153960718791 0.107843777710709 0.0199698935424504 0.0303356428687604 0.108662095560739 0.033691440764382 0.00346008110703012 0.13553765732247
0.0789354415131652 0.0201324972913616 0.0394592010409787 0.118411681985352 0.020670890989676 0.0384052841360608 0.11946559889027 0.0357697314602905 0.00882497794945873 0.149045905076872
0.106482520105604 0.0206297326454846 0.0660350571660258 0.146929983045183 0.0215346172302297 0.0642631998786907 0.148701840332518 0.0341437276880745 0.0395589719018719 0.173406068309336
0.0968419532385435 0.0218345656832557 0.054024280212972 0.139659626264115 0.0225754285981747 0.0525743802509805 0.141109526226106 0.0345960085841335 0.0290293155731862 0.164654590903901
0.0766632120310367 0.0607227259280946 -0.0429752694610529 0.196301693523126 0.0609602990484502 -0.0434335864788825 0.196760010540956 0.0662810134758799 -0.0537243671341741 0.207050791196248
0.0637058805459951 0.0196283400874705 0.025203592013747 0.102208169078243 0.0199818892894373 0.0245122899201924 0.102899471171798 0.0348419563792414 -0.00458871779358025 0.13200047888557
0.111834996607703 0.0226890813321457 0.0673399111191767 0.15633008209623 0.023634201402068 0.0654904275244769 0.15817956569093 0.0350734512897717 0.0430854484135294 0.180584544801877
0.0542970246594764 0.0200833393492063 0.0149034717085787 0.0936905776103741 0.0203418599820478 0.0143979460942674 0.0941961032246854 0.0349481968244956 -0.0142060482867782 0.122800097605731
0.0827010238590053 0.0186046713134513 0.0462207684703563 0.119181279247654 0.0191724930259209 0.0451092190976766 0.120292828620334 0.0320350325314463 0.0199104260511762 0.145491621666834
0.0820579993504164 0.0215121785055713 0.039866615750848 0.124249382949985 0.0220365165770449 0.038840905236537 0.125275093464296 0.0348138661936258 0.0138174048963828 0.15029859380445
0.0574263384138925 0.0196101664105914 0.0189688400265014 0.0958838368012836 0.0199162647423747 0.0183699105536713 0.0964827662741137 0.0346056113053391 -0.0104034653960372 0.125256142223822
0.104767388566318 0.023374155349516 0.0589189576802206 0.150615819452416 0.0242088688796964 0.057286542199506 0.15224823493313 0.035689098589764 0.0348079536476207 0.174726823485016
0.0605089128222744 0.0197580532019234 0.0217424170395233 0.0992754086050255 0.0200739994784373 0.0211251015308823 0.0998927241136665 0.0329719148554764 -0.00412375802468486 0.125141583669234
0.0935497843751871 0.0203128464552356 0.0537157066391293 0.133383862111245 0.0210057546502168 0.0523597035368507 0.134739865213524 0.0349812911072459 0.0249834805471553 0.162116088203219
0.0817233607729813 0.0196952487027508 0.0431017202927235 0.120345001253239 0.0202854903667933 0.0419465357687314 0.121500185777231 0.0360651833329346 0.0110336995522786 0.152413021993684
0.0718779374723054 0.0209261048317298 0.0308371466097269 0.112918728334884 0.0213458452869856 0.0300159973725975 0.113739877572013 0.0354696162731868 0.00235335308736281 0.141402521857248
0.0796932085796188 0.0201346486589264 0.0402060912679638 0.119180325891274 0.0206324315271013 0.0392321466565205 0.120154270502717 0.0333580757998132 0.0143073216405516 0.145079095518686
0.105601093468989 0.0233063932848245 0.0598928729863805 0.151309313951597 0.024099342953314 0.0583414466396113 0.152860740298366 0.0349770654971755 0.0370388685835999 0.174163318354378
0.105606069449515 0.0205329448489457 0.0653488706473556 0.145863268251675 0.0214006343923109 0.0636497917762072 0.147562347122823 0.034293461458226 0.0383892518776794 0.172822887021351
0.0852468187839978 0.0198122292672908 0.046398040796328 0.124095596771668 0.0204415321594052 0.0451661996022428 0.125327437965753 0.0347950196376017 0.0170466000164108 0.153447037551585
0.0865598957281506 0.0210903708114728 0.0452057247450779 0.127914066711223 0.0216822501356117 0.0440470818902209 0.12907270956608 0.0346238170800798 0.0186944388803041 0.154425352575997
0.0712378726362504 0.0198776421463305 0.0322492175739063 0.110226527698594 0.0203077799661727 0.0314079805449042 0.111067764727597 0.0335384822644135 0.00549758160244586 0.136978163670055
0.116441514137369 0.0229776794284026 0.0713816946952088 0.161501333579529 0.0239382072151026 0.0695019169141835 0.163381111360554 0.0349682696821024 0.0478980464194307 0.184984981855307
0.0707370783900884 0.0185936681955226 0.0342717400073337 0.107202416772843 0.0190109193487646 0.033455387804765 0.108018768975412 0.0317165367125187 0.00856929420877103 0.132904862571406
0.0976579428176893 0.0212890559208915 0.0559036018289572 0.139412283806421 0.0220259455773672 0.0544620983059228 0.140853787329456 0.0347824584257979 0.0294790326533284 0.16583685298205
0.0842375209415621 0.0211898906464849 0.0426814077138557 0.125793634169269 0.0217662987566468 0.0415535800009371 0.126921461882187 0.0341831780175305 0.0172338446513479 0.151241197231776
0.0897499291414995 0.0205342890268759 0.0494877774157772 0.130012080867222 0.021209788531779 0.0481652747644884 0.131334583518511 0.0348650543703341 0.021412474937372 0.158087383345627
0.0865522339524357 0.0206507958760795 0.0460625032712214 0.12704196463365 0.0212523389991094 0.0448847319006998 0.128219736004172 0.0339079257160406 0.0200905526961627 0.153013915208709
0.0603878634756194 0.0201216308668603 0.0209254241967203 0.0998503027545186 0.0204179811652862 0.0203456519777737 0.100430074973465 0.0329565445704215 -0.00421141091870646 0.124987137869945
0.0844169333535985 0.0226197052275279 0.0400503042015641 0.128783562505633 0.0231569783563409 0.038999502133469 0.129834364573728 0.0360156767507249 0.0138193780094859 0.155014488697711
0.065163791613565 0.0198029532633152 0.0263079174838857 0.104019665743244 0.020173694714848 0.0255835972382598 0.10474398598887 0.0349092477158674 -0.00326488176101368 0.133592464988144
0.0795435935821647 0.0186193303130306 0.0430369360213228 0.116050251143007 0.0191861935372182 0.0419270615028537 0.117160125661476 0.0345321898176041 0.011859639036309 0.14722754812802
0.0607809742741459 0.0190156952079089 0.0234904274099916 0.0980715211383002 0.0193376328567826 0.0228604472943074 0.0987015012539844 0.0338595233949553 -0.00558609606303286 0.127148044611325
0.079601295583119 0.0190145727625594 0.0423186815994048 0.116883909566833 0.0195611021300121 0.0412487052671782 0.11795388589906 0.0337949887050744 0.0133617110308056 0.145840880135432
0.0995950533525849 0.0233166283807135 0.0538642710742609 0.145325835630909 0.0240474620208038 0.0524346097055122 0.146755496999658 0.0346576543829086 0.0316578549534122 0.167532251751758
0.0798601025691922 0.0198929016519708 0.0408553721292528 0.118864833009132 0.0204202039227108 0.0398230386321694 0.119897166506215 0.0336903321892678 0.0138251039400499 0.145895101198335
0.0872296725060348 0.0226783529129499 0.0427496277778963 0.131709717234173 0.0232593593593813 0.0416131647214823 0.132846180290587 0.0361286252406367 0.0164111337790043 0.158048211233065
0.0808878741854782 0.0213355589803589 0.0390433326674565 0.1227324157035 0.0218411320977294 0.0380543026420385 0.123721445728918 0.0344644336409538 0.0133322777425489 0.148443470628408
0.0816875334237189 0.0195102474327601 0.0434324373873836 0.119942629460054 0.0200692456961494 0.0423380983600642 0.121036968487373 0.0337710536589165 0.015494455679376 0.147880611168062
0.076223871547023 0.0207908188553269 0.0354453001539208 0.117002442940125 0.0212662787223871 0.0345153402219732 0.117932402872073 0.0337071685367522 0.0101521600992609 0.142295582994785
0.0846096482862482 0.022125013590029 0.0412037458970971 0.128015550675399 0.0226960472096708 0.0400876110781833 0.129131685494313 0.0365291037637174 0.0130046686560103 0.156214627916486
0.105352428091743 0.0229787843322339 0.060280984280675 0.15042387190281 0.0237577696429945 0.0587574260481123 0.151947430135373 0.0352092806212726 0.0363341011577024 0.174370755025783
0.100338917754823 0.0211110384480916 0.0589476971809229 0.141730138328724 0.0219183243239597 0.0573669739880455 0.143310861521601 0.03474604654789 0.0322347012816419 0.168443134228005
0.105157873417052 0.0212727902092856 0.0634466176667678 0.146869129167337 0.022102034958299 0.0618232095643298 0.148492537269775 0.0337775178720393 0.0389508216153039 0.171364925218801
0.0724009060484065 0.0203173341727076 0.0325540279375581 0.112247784159255 0.0207411267379106 0.0317249504446107 0.113076861652202 0.0328959325070535 0.0079200268085641 0.136881785288249
0.060750873220447 0.0198181800066144 0.0218724376735385 0.0996293087673556 0.0201605990410345 0.0212030898396504 0.100298656601244 0.0354684384426055 -0.00877217946288433 0.130273925903778
0.0959554307877303 0.0204625088511823 0.0558332954112268 0.136077566164234 0.0212204812077924 0.054349388380526 0.137561473194935 0.0353143789344371 0.0267373392749776 0.165173522300483
0.0682655041341555 0.0195992848444775 0.0298355058863061 0.106695502382005 0.0200253307808981 0.0290014779641751 0.107529530304136 0.0355532908788104 -0.00142036265063494 0.137951370918946
0.0793145187011191 0.0194224816163405 0.0412291182508988 0.117399919151339 0.0199528905955005 0.0401909370047386 0.1184381003975 0.0342941709831084 0.0120959036903568 0.146533133711881
0.0456731459944677 0.0184501736244421 0.00948452259844515 0.0818617693904903 0.0186547435720228 0.00908445053673271 0.0822618414522028 0.0355395268283863 -0.0239868144476938 0.115333106436629
0.0805860570917802 0.0203324238108487 0.0407184945337305 0.12045361964983 0.0208766555122264 0.0396530963063944 0.121519017877166 0.0335906203065393 0.0147459389546073 0.146426175228953
0.0778341770789755 0.0193824571815019 0.0398272421554166 0.115841112002534 0.0198878498980978 0.0388380303292107 0.11683032382874 0.0327688546997858 0.0136046751716922 0.142063678986259
0.0764882537446989 0.0199907965697323 0.0372818598719931 0.115694647617405 0.0204729106354152 0.0363386704379485 0.116637837051449 0.0336966299115075 0.0104388237570371 0.142537683732361
0.0770796489296945 0.019169949223663 0.0394840679433035 0.114675229916086 0.0196816318405546 0.0384829503554444 0.115676347503945 0.0335173030355007 0.0113826093673912 0.142776688491998
0.0785719551362877 0.0196166404215362 0.0401055696705214 0.117038340602054 0.0201320649714863 0.0390967400226064 0.118047170249969 0.0344687611226385 0.0110110203590446 0.146132889913531
0.087788422506946 0.0189783941191893 0.0505755803282821 0.12500126468561 0.019597831817478 0.0493629635420835 0.126213881471808 0.0310645278126295 0.0268994485987375 0.148677396415155
0.0916312894455382 0.0194225866456152 0.0535477179291129 0.129714860961963 0.0200969206824196 0.0522276055410655 0.131034973350011 0.032280736177842 0.02835872506588 0.154903853825196
0.0746973551599619 0.018724084360106 0.037984732112598 0.111409978207326 0.0192134406350939 0.0370266614811734 0.11236804883875 0.0335367356980628 0.00896410934098162 0.140430600978942
0.0937270807541841 0.0211233738243019 0.0523011808950269 0.135152980613341 0.0218089966646727 0.0509596569958007 0.136494504512568 0.0332466271768742 0.028558519122049 0.158895642386319
0.0595715445621814 0.0192769360163816 0.0217667399917243 0.0973763491326386 0.0195883892953304 0.0211573694327298 0.0979857196916331 0.033966139251371 -0.00700501319778265 0.126148102322146
0.100800368209398 0.0208259063671827 0.0599682861771298 0.141632450241667 0.0216648529444989 0.0583255521653455 0.143275184253451 0.0345681053717877 0.0330450540599822 0.168555682358814
0.0815541946224736 0.0193200827667435 0.0436674520126843 0.119440937232263 0.0199023737448939 0.0425278948168692 0.120580494428078 0.0342041599487918 0.0145116566665393 0.148596732578408
0.0821433522759742 0.01875188042352 0.0453778565729154 0.118908847979033 0.0193356327592954 0.0442348204851382 0.12005188406681 0.0328616189761006 0.0177334433914645 0.146553261160484
0.0885829566497811 0.018446015850596 0.0524199510071781 0.124745962292384 0.019105190487497 0.0511289404209322 0.12603697287863 0.0320150619955938 0.0258327755678057 0.151333137731756
0.0754930806192089 0.0196695810855561 0.0369254886452188 0.114060672593199 0.0201525523515107 0.0359800004087391 0.115006160829679 0.0340968905931003 0.00866134767930316 0.142324813559115
0.0861345967333981 0.0226698029621962 0.041672510149182 0.130596683317614 0.0232264151165708 0.0405836838993545 0.131685509567442 0.0352007085234262 0.0171344431072551 0.155134750359541
0.0713051301496414 0.0198386657799184 0.0324033922415565 0.110206868057726 0.0202579442974899 0.0315827573694165 0.111027502929866 0.03446852009005 0.00374451444494482 0.138865745854338
0.0830858728367825 0.0210963064727954 0.041709750045191 0.124461995628374 0.0216635186622605 0.0406001879310093 0.125571557742556 0.035854249393383 0.012807110186974 0.153364635486591
0.0905366096648846 0.020821560345322 0.0497071928902198 0.131366026439549 0.0215063870429761 0.0483668001877127 0.132706419142056 0.0361118492834517 0.019754871118207 0.161318348211562
0.0895852071568132 0.0206259810854743 0.0491391755924421 0.130031238721184 0.0212915306666576 0.0478365274435708 0.131333886870056 0.0345842484526076 0.0217971163699074 0.157373297943719
0.0797596424464494 0.0199839870506927 0.0405732848263681 0.118946000066531 0.0205358258464871 0.0394931502290837 0.120026134663815 0.035565845149625 0.0100485929999409 0.149470691892958
0.0614025507400976 0.0168074300774517 0.0284445457065273 0.0943605557736678 0.0171794772017133 0.0277163675213042 0.0950887339588909 0.0334585184879216 -0.00417697373777164 0.126982075217967
0.0879027685475738 0.0193306073822015 0.0500000488149618 0.125805488280186 0.0199695839630107 0.0487491122666898 0.127056424828458 0.0321535367675993 0.0248796437929795 0.150925893302168
0.0562080057606564 0.0203654095896665 0.0162619508087838 0.0961540607125291 0.0206563270961827 0.0156930383525213 0.0967229731687915 0.0359823425140744 -0.0143216312455882 0.126737642766901
0.101884209886271 0.0215120552064525 0.0597005327492356 0.144067887023307 0.0222801067298053 0.0581972607678602 0.145571159004682 0.0342327001402651 0.0347841851385367 0.168984234634006
0.0812125479292597 0.0223894818646044 0.0372988897013143 0.125126206157205 0.0228943582037932 0.0363113631541315 0.126113732704388 0.0344087041490635 0.0137641692427119 0.148660926615807
0.0713765590583224 0.0234613650992847 0.0253374277849914 0.117415690331653 0.0238660582586859 0.0245470336779106 0.118206084438734 0.0370852028326331 -0.00132319198355337 0.144076310100198
0.0871972216860971 0.0198452796185963 0.048286239272956 0.126108204099238 0.0205065937789125 0.0469914880996921 0.127402955272502 0.0349927130511455 0.0186100385045059 0.155784404867688
0.0758510634567217 0.0200611149723886 0.0365090388256324 0.115193088087811 0.0205896696154918 0.0354748153063819 0.116227311607062 0.0360064017676896 0.00527584354536363 0.14642628336808
0.114521180189546 0.0227943727353897 0.0698264411137105 0.159215919265381 0.0236948252410632 0.0680636274008099 0.160978732978281 0.0342185330304856 0.0474485946760842 0.181593765703007
0.0967509971606369 0.0209844310252926 0.055604426523115 0.137897567798159 0.0216912790276739 0.0542207187280718 0.139281275593202 0.0338452434564305 0.030411288100686 0.163090706220588
0.116851037153095 0.0227543692979539 0.0722350885099625 0.161466985796227 0.0237426564115443 0.07030026231795 0.16340181198824 0.0347439584473496 0.0487490179375309 0.184953056368659
0.0847896045171946 0.0217465933383141 0.0421265427522237 0.127452666282165 0.0223144186759944 0.0410166443632899 0.128562564671099 0.0347581396722339 0.0166549862382734 0.152924222796116
0.0614454093848878 0.0192777773168389 0.0236390376037825 0.0992517811659932 0.0196178129014804 0.0229737370352166 0.0999170817345591 0.0345819946824664 -0.00633797150507511 0.129228790274851
0.078714663141952 0.0203078225005894 0.0388823794042699 0.118546946879634 0.0208173752604917 0.0378858030147735 0.119543523269131 0.0348336857918239 0.0104360156898148 0.146993310594089
0.0679543603464339 0.0176959635595757 0.0332518691360018 0.102656851556866 0.0181115081065722 0.0324386983408008 0.103470022352067 0.0331575486051027 0.00296386641280383 0.132944854280064
0.104224298118984 0.0225305677052988 0.0600452843076571 0.148403311930312 0.0233618133712255 0.0584181246241298 0.150030471613839 0.035893825028566 0.0338687708883253 0.174579825349644
0.0835510610688603 0.0201549923456201 0.0440253940797623 0.123076728057958 0.0207205836803266 0.0429186579077477 0.124183464229973 0.0335268825028396 0.017834669590195 0.149267452547526
0.0978422963642805 0.0250937141173266 0.0486080260751537 0.147076566653407 0.0257643451433744 0.0472975356650613 0.1483870570635 0.0378530867826719 0.0236366199549096 0.172047972773651
0.0615545863284074 0.0197301927796779 0.0228453989029875 0.100263773753827 0.0200637965216877 0.0221934494153455 0.100915723241469 0.0344476838136512 -0.00596890221841263 0.129078074875227
0.0806008055733057 0.0235048354299464 0.034463861863574 0.126737749283037 0.0239797908672329 0.0335369527624702 0.127664658384141 0.0350655058842856 0.0118531261421241 0.149348485004487
0.0678520779321244 0.0197086376293495 0.0292006606016152 0.106503495262633 0.0201161407968756 0.0284033514811908 0.107300804383058 0.0347038031843801 -0.000170373102396898 0.135874528966646
0.0681427988620706 0.0225959037767654 0.0238168336870048 0.112468764037136 0.0229391097511359 0.0231458801466742 0.113139717577467 0.0342953789130482 0.000913999725231318 0.13537159799891
0.0853107993908419 0.0198914634046018 0.0463017129493918 0.124319885832292 0.0204846965669007 0.0451409002578931 0.125480698523791 0.0344709747037225 0.0177446026369207 0.152876996144763
0.063131957711933 0.0179960007084255 0.0278392524293387 0.0984246629945273 0.01835243578182 0.0271418643412174 0.0991220510826487 0.0324849779557645 -0.000541030098689249 0.126804945522555
0.083019253283636 0.0203941859928619 0.0430280799350998 0.123010426632172 0.0209569202379379 0.0419266555665349 0.124111851000737 0.0341612561968658 0.0160603159389095 0.149978190628363
0.0734938740389061 0.0193825668496716 0.0354822839019553 0.111505464175857 0.0198621669438799 0.0345438739360789 0.112443874141733 0.0351266144076539 0.00464320394559899 0.142344544132213
0.0784917485841202 0.0209904637859174 0.0373290324932377 0.119654464675003 0.0215035019198686 0.0363250460084861 0.120658451159754 0.0349192884751767 0.0100463890950218 0.146937108073219
0.0968126692031108 0.0201329402043345 0.0573379073807072 0.136287431025514 0.0208736443180551 0.0558876877073126 0.137737650698909 0.0332106240027449 0.0317177184176205 0.161907619988601
0.11632586042757 0.021959293250367 0.0732745045618735 0.159377216293266 0.0230034106914678 0.0712296245942578 0.161422096260881 0.0335310843511616 0.0506027920962265 0.182048928758913
0.056228394220019 0.0183328463286204 0.020264659611431 0.092192128828607 0.0186329702549912 0.0196779514811102 0.0927788369589278 0.0344369834406089 -0.0112716795652015 0.12372846800524
0.0452977492500988 0.0177779492301837 0.010431486536858 0.0801640119633395 0.0179902618932057 0.0100161360128653 0.0805793624873322 0.0349673025641431 -0.0232398100402832 0.113835308540481
0.0839738667323668 0.024453636696987 0.0359827466501701 0.131964986814564 0.0249795506112574 0.0349558686343851 0.132991864830348 0.0380920073397168 0.00929828820712324 0.15864944525761
0.0928865868243705 0.0201395033245419 0.0533999395749364 0.132373234073805 0.0208507385615308 0.0520073236985679 0.133765849950173 0.0351052369759604 0.0240789543073576 0.161694219341384
0.107237241313328 0.021377144297136 0.0653201401607417 0.149154342465915 0.022260024209958 0.0635918627416519 0.150882619885005 0.0351674412000112 0.0383061316674381 0.176168350959218
0.106220637973922 0.0205415281302904 0.0659453339199678 0.146495942027876 0.0213897525002345 0.064284519916924 0.14815675603092 0.0315146008295664 0.044449099943404 0.16799217600444
0.0901064571114527 0.0204201519435462 0.0500645434000565 0.130148370822849 0.0210788700456375 0.0487752205446389 0.131437693678267 0.0350151793114098 0.0214741698722111 0.158738744350694
0.0757505396403121 0.0188657930445212 0.0387567274563289 0.112744351824295 0.0193727760103399 0.0377644009893713 0.113736678291253 0.0350310043070901 0.00708829478827404 0.14441278449235
0.0840386111460139 0.0193912116676153 0.0460139917686513 0.122063230523377 0.0199813293425498 0.0448589781613245 0.123218244130703 0.0327276884584935 0.0198896651205423 0.148187557171486
0.0515194276083558 0.0186278569299927 0.0149737799899654 0.0880650752267461 0.0188657854551996 0.0145087847365964 0.0885300704801151 0.0342649606699805 -0.0156443952068993 0.118683250423611
0.0663907518439562 0.0204820990094171 0.0262276161769714 0.106553887510941 0.0208503309002972 0.0255068823746533 0.107274621313259 0.0338578443617634 2.64007134015976e-05 0.132755102974511
0.0717635643884808 0.021131650850713 0.0303127567273433 0.113214372049618 0.0215570576720906 0.0294809229090569 0.114046205867905 0.0346855128330888 0.00377363085787109 0.13975349791909
0.0855628888566423 0.0209442864739451 0.0444892352089454 0.126636542504339 0.021544827495615 0.0433141172553509 0.127811660457934 0.034013792944429 0.0188915709642368 0.152234206749048
0.0691909363860435 0.0189669817032869 0.0319933764399682 0.106388496332119 0.0193792038424119 0.0311868711287114 0.107195001643376 0.0333120724635889 0.00389623860222497 0.134485634169862
0.104102024809952 0.0215446109980642 0.061858220965131 0.146345828654774 0.0223931111326578 0.0601970678445895 0.148006981775315 0.0344980167448934 0.0364829804375237 0.171721069182381
0.110391745631571 0.0229282968117897 0.0654333272071705 0.155350164055972 0.0238540200413296 0.0636211590493009 0.157162332213842 0.0359441031274429 0.0399374652296024 0.18084602603354
0.0677430159347587 0.0621028759182109 -0.0546138988808122 0.19009993075033 0.0623087899798334 -0.0550111407983744 0.190497172667892 0.0672044442857955 -0.0644776489547045 0.199963680824222
0.073427063442214 0.0207535500747988 0.0327256206134831 0.114128506270945 0.0212114683501311 0.0318297176175674 0.115024409266861 0.0356302322286328 0.00358810793916181 0.143266018945266
0.0644584068442345 0.0201164255700908 0.0249853202399586 0.10393149344851 0.0204676275206402 0.0242992885079218 0.104617525180547 0.0350297161154467 -0.00420720549946045 0.133124019187929
0.0637887176919705 0.0192629889970316 0.0260071386053397 0.101570296778601 0.0196085368817267 0.0253312711763741 0.102246164207567 0.033452955225257 -0.00178298614609899 0.12936042153004
0.0698350657339171 0.0185519890895566 0.0334526759115684 0.106217455556266 0.0189669547619571 0.0326407177307257 0.107029413737109 0.0329438092425247 0.00526260925899316 0.134407522208841
0.0855332474884146 0.0208889866867225 0.0445698428704761 0.126496652106353 0.0215070379908332 0.0433603068664669 0.127706188110362 0.0349348882825268 0.0170574784645414 0.154009016512288
0.0782150811355639 0.0202880642928187 0.0384217300631024 0.118008432208025 0.0207968606515663 0.0374266202861581 0.11900354198497 0.0330219672215284 0.013486383332712 0.142943778938416
0.0995518236720474 0.021328774832528 0.05773157614458 0.141372071199515 0.0220877724532407 0.0562456237385431 0.142858023605552 0.0352092829288115 0.0305392046076006 0.168564442736494
0.06733970942639 0.0231754471390915 0.0218320576607807 0.112847361191999 0.0235114202187156 0.0211771464109273 0.113502272441853 0.0361400661278053 -0.00351579675625154 0.138195215609031
0.0662240367596232 0.0201545130930491 0.0266976794696326 0.105750394049614 0.0205435302490175 0.0259365718629566 0.10651150165629 0.0354690394192792 -0.00329844755877283 0.135746521078019
0.0680132309739745 0.0174535782705821 0.0337888640857714 0.102237597862178 0.0178657280274988 0.0329821467811349 0.103044315166814 0.031813541523731 0.00565719740037979 0.130369264547569
0.0886181047095679 0.0198430931183649 0.0497066747829975 0.127529534636138 0.0204902001319663 0.0484401758976084 0.128796033521527 0.03287449115325 0.0241809595609106 0.153055249858225
0.0763812482063163 0.0208129412017007 0.035564448062577 0.117198048350056 0.0212894297038023 0.0346321367104653 0.118130359702167 0.0349567217743538 0.0078622306017184 0.144900265810914
0.0715090161217719 0.0225677697636557 0.0272417366506351 0.115776295592909 0.0229739691556354 0.0264474398661755 0.116570592377368 0.0357879092292426 0.00135716612517094 0.141660866118373
0.0848056593591915 0.0208067779407095 0.0439939261849554 0.125617392533428 0.0213823765663218 0.0428682280968498 0.126743090621533 0.0349058957219708 0.0163847576639254 0.153226561054458
0.063040230089891 0.0181814555986606 0.0273835459106513 0.0986969142691307 0.0185501307486663 0.0266622243077209 0.099418235872061 0.0339146198207616 -0.0034345426947013 0.129515002874483
0.073664318816225 0.0206506143356718 0.0331508806776604 0.11417775695479 0.0211106217746415 0.032251778474096 0.115076859158354 0.0354231249180577 0.00422855376009615 0.143100083872354
0.108819671807691 0.0234570510081886 0.0628116934552689 0.154827650160114 0.0243072720195932 0.0611486371108847 0.156490706504498 0.0352741608700232 0.0396738871861224 0.17796545642926
0.07783234236057 0.0196192242840808 0.0393656278961351 0.116299056825005 0.0201489176011746 0.0383285040260625 0.117336180695077 0.035048545869946 0.00913604522289457 0.146528639498245
0.0852715267672803 0.0202793555789972 0.0455081998721787 0.125034853662382 0.0208474703118184 0.0443960302234496 0.126147023311111 0.0323850579238437 0.0217939245416364 0.148749128992924
0.0627976888072952 0.0221679425291023 0.0192938898943474 0.106301487720243 0.0224962042523211 0.0186529037802227 0.106942473834368 0.0372812365400317 -0.0102838326615203 0.135879210276111
0.0559325588562474 0.0192393449788132 0.0181941878575041 0.0936709298549906 0.0195203906496923 0.017644624713715 0.0942204929987797 0.0346238468457062 -0.0119340685200317 0.123799186232526
0.0626272579490736 0.0187028613544339 0.0259385335641862 0.099315982333961 0.0190585598036416 0.0252431261774248 0.100011389720723 0.0344257689245767 -0.00485110285205775 0.130105618750205
0.0840763717492731 0.0198045941991349 0.0452396019922399 0.122913141506306 0.0203964154871354 0.0440813860391218 0.124071357459424 0.0329770964907903 0.0194380166695496 0.148714726828997
0.0780556837342406 0.0204841139014588 0.037883793404739 0.118227574063742 0.0209908511407619 0.036892287757879 0.119219079710602 0.0354370609792942 0.00859573286324333 0.147515634605238
0.0879840955642257 0.0215885275824947 0.0456408884243404 0.130327302704111 0.0221996682082281 0.0444455247616213 0.13152266636683 0.0355023098191783 0.0183939997198505 0.157574191408601
0.0578588952153168 0.0195999408173682 0.0194181535907141 0.0962996368399195 0.0198878281503729 0.0188549998391593 0.0968627905914743 0.0326485705698043 -0.00613665496013584 0.121854445390769
0.0576495848641542 0.0185331885622943 0.0212938428769437 0.0940053268513647 0.0188286656075616 0.0207161734037592 0.0945829963245492 0.0334859200629816 -0.00798692501555647 0.123286094743865
0.0620169557199623 0.0223110474909878 0.0182564329063877 0.105777478533537 0.0226245883918607 0.0176432038659015 0.106390707574023 0.0370596414616797 -0.0106255136862171 0.134659425126142
0.066960804057257 0.0201524572648185 0.0274342271907056 0.106487380923808 0.0205105826320324 0.0267337819326964 0.107187826181818 0.0325766087975916 0.00310508435752688 0.130816523756987
0.0838525547699976 0.0196426619486135 0.0453340498715858 0.122371059668409 0.0202262440854128 0.0441918985270855 0.12351321101291 0.0334729608971604 0.0182427990024937 0.149462310537501
0.0837402004928886 0.018997667336375 0.0464892422994705 0.120991158686307 0.0195858313878514 0.0453378800022475 0.12214252098353 0.0333414228189753 0.0183892142148188 0.149091186770959
0.0977635517456619 0.0216521850556422 0.0553099300570224 0.140217173434301 0.0223891992954848 0.053866949357606 0.141660154133718 0.0351678836801697 0.0288320056936408 0.166695097797683
0.0841753805774957 0.0188955901976325 0.0471279078023234 0.121222853352668 0.0194960803225858 0.0459521156243448 0.122398645530647 0.0330519628024043 0.019392333580702 0.148958427574289
0.0790273524110341 0.022955112523292 0.0339769534850746 0.124077751336994 0.0234328730092836 0.0330441138044292 0.125010591017639 0.035651452151023 0.00913600314592385 0.148918701676144
0.112999243879537 0.022804179263664 0.0682731071455415 0.157725380613532 0.023715030634028 0.0664912846080561 0.159507203151018 0.0340919856121055 0.0461709768604002 0.179827510898674
0.120231122687304 0.0223015299919588 0.0765090040930973 0.163953241281512 0.0234296035879065 0.0742996615634352 0.166162583811174 0.0361950770027418 0.0492872870300451 0.191174958344564
0.0654310183584458 0.0189053849664893 0.0283584511429257 0.102503585573966 0.019293754645817 0.0275983675341218 0.10326366918277 0.034534341374357 -0.0022581124506096 0.133120149167501
0.0741432238513762 0.0207779281465841 0.0333838837609492 0.114902563941803 0.0212280814783034 0.0325038032178142 0.115782644484938 0.0355472674307564 0.00446480584589237 0.14382164185686
0.0953093217492249 0.020951023203911 0.0542289866159775 0.136389656882472 0.0217003407720503 0.0527620613518859 0.137856582146564 0.0351406963363434 0.0264312032389642 0.164187440259486
0.0747940172826057 0.0191304747590147 0.0372800905024338 0.112307944062778 0.0196048260310205 0.0363517178251437 0.113236316740068 0.0335523790459581 0.00902906380730022 0.140558970757911
0.0502780743944111 0.0192551564811786 0.0125159945299748 0.0880401542588473 0.0194801277439333 0.0120758358242264 0.0884803129645957 0.0344225453351197 -0.0171928399473681 0.11774898873619
0.0960698534847862 0.0192961484660876 0.0582398003727503 0.133899906596822 0.0200733355855839 0.0567176922853627 0.13542201468421 0.0328001106183242 0.0317807219530052 0.160358985016567
0.0764134110553801 0.0195256181381575 0.0381167501786168 0.114710071932143 0.0200256358142929 0.037138718774276 0.115688103336484 0.0344436996549741 0.0089000568557267 0.143926765255033
0.075863079284317 0.0214746811033867 0.0337468462889601 0.117979312279674 0.0219539102905666 0.032809281862701 0.118916876705933 0.0360186329118984 0.00526221498676378 0.14646394358187
0.0633806467605711 0.0180481832007035 0.0279883937723363 0.0987728997488059 0.0184392711676221 0.0272230262635546 0.0995382672575876 0.0358760604757435 -0.00693748932192542 0.133698782843068
0.0679599136977481 0.0189342847619898 0.0308294181629321 0.105090409232564 0.0193582611716605 0.0299997247033234 0.105920102692173 0.0348335522424914 -0.000315801340524946 0.136235628736021
0.0949088498522022 0.0223107096288064 0.0511558214961044 0.1386618782083 0.0230227403511081 0.0497625026635338 0.140055197040871 0.0354837966014653 0.0253557146380808 0.164461985066324
0.0843738481295931 0.0214827860695801 0.0422450525850706 0.126502643674116 0.0220240415920741 0.0411858889531186 0.127561807306068 0.0339598575579307 0.017807852579134 0.150939843680052
0.073629862167109 0.0209221661546556 0.0326028414627535 0.114656882871464 0.0213618600168936 0.0317422876871729 0.115517436647045 0.034632091783131 0.00574772926325884 0.141511995070959
0.0803030452411994 0.0197176199141148 0.0416393574809789 0.11896673300142 0.0202825788418282 0.0405335106128749 0.120072579869524 0.0336844528142475 0.014279149492676 0.146326940989723
0.0747292243811496 0.0200428817390035 0.0354205133369718 0.114037935425327 0.0205267865718212 0.0344738319481559 0.114984616814143 0.0357520373801105 0.00465204880470606 0.144806399957593
0.101934231231583 0.0214716054657936 0.0598277112655237 0.144040751197642 0.0222791392082452 0.0582473815530842 0.145621080910082 0.0336238670922153 0.0360266899614946 0.167841772501671
0.0983714750294571 0.0204560887888162 0.0582644123509413 0.138478537707973 0.0212521262479481 0.056705708625274 0.14003724143364 0.0354361045376334 0.0289153199502153 0.167827630108699
0.089183064197085 0.0193654376294343 0.0512163482370035 0.127149780157166 0.0200532173540429 0.0498694340487598 0.12849669434541 0.0338748640955271 0.0227874669013776 0.155578661492792
0.0875453556901106 0.0207520718784166 0.0468537210451566 0.128236990335065 0.021366925001115 0.045650168436839 0.129440542943382 0.0346942177208092 0.0195420192768115 0.15554869210341
0.0786436025502633 0.0304984020924556 0.0186860414075231 0.138601163693004 0.030876854816886 0.0179509158382778 0.139336289262249 0.0412212126254805 -0.0022219638087366 0.159509168909263
0.107675803626046 0.0210594627992535 0.0663869052391182 0.148964702012974 0.0219696341902153 0.0646045654426075 0.150747041809484 0.0343813611273922 0.0402865621033803 0.175065045148712
0.068505958671397 0.0207503837467367 0.0278119942276264 0.109199923115168 0.0211094813705072 0.0271093787560057 0.109902538586788 0.0330104792971423 0.00380065986277357 0.13321125748002
0.0720233751646269 0.0194077573328362 0.0339529124259605 0.110093837903293 0.0198503129229462 0.0330876116678602 0.110959138661394 0.0328718455910999 0.0075891695184709 0.136457580810783
0.0962808933988092 0.019046849513655 0.0589394675775358 0.133622319220083 0.019813224369542 0.0574385489207301 0.135123237876888 0.0320912387092717 0.0333810710769236 0.159180715720695
0.0825826368012694 0.0212716732563094 0.0408610971462083 0.124304176456331 0.0218235907918106 0.0397815667066425 0.125383706895896 0.0361732451790579 0.0116783176672679 0.153486955935271
0.11333618109486 0.0227259118824592 0.0687714016521276 0.157900960537592 0.0236830760276694 0.0668980513835722 0.159774310806147 0.0360195149934022 0.0427335022745646 0.183938859915155
0.0839051706912052 0.0224523925681116 0.0398680750252404 0.12794226635717 0.0230146734361181 0.0387682591063903 0.12904208227602 0.0361766177592663 0.012992845052632 0.154817496329778
0.0926087799205755 0.0212971172672539 0.0508448199040378 0.134372739937113 0.0219816274062892 0.0495052320214049 0.135712327819746 0.0345049989763048 0.0249749653573968 0.160242594483754
0.0585110153839884 0.0186551902255998 0.0219193998972555 0.0951026308707213 0.0189838264110749 0.0212767211423645 0.0957453096256123 0.0363216715841987 -0.0126819592893912 0.129703990057368
0.0592099161544386 0.0190134569280606 0.0219259320742855 0.0964939002345917 0.0193367132825081 0.0212932639964076 0.0971265683124696 0.0332184988725376 -0.00590057410087064 0.124320406409748
0.0712546325038085 0.020107609758894 0.0318283007029695 0.110680964304647 0.0205616792570609 0.0309393872484715 0.111569877759145 0.0346288237487711 0.00338022620054311 0.139129038807074
0.077336056649048 0.0195102558399724 0.0390702737353846 0.115601839562711 0.0200223785391224 0.0380685065001439 0.116603606797952 0.0344298122701031 0.00985006656605066 0.144822046732045
0.0808369152508648 0.019623438102291 0.0423560492748077 0.119317781226922 0.0201758749446836 0.0412748629580478 0.120398967543682 0.0357023954734567 0.0108582472565158 0.150815583245214
0.0855199073376707 0.0220215720104004 0.0423279468952535 0.128711867780088 0.0225930093089868 0.0412102064745651 0.129829608200776 0.0359060092934465 0.0151383965577833 0.155901418117558
0.0682382289431349 0.0188200828646813 0.0313270167820609 0.105149441104209 0.0192381182745401 0.0305092481222496 0.10596720976402 0.0348653144153427 -0.000100387101339056 0.136576844987609
0.0811107379436842 0.0194877437934938 0.0428966387519839 0.119324837135384 0.0200278440030152 0.0418395448085278 0.120381931078841 0.0336579220774447 0.0151387708844131 0.147082705002955
0.0849625363925801 0.0212539478919683 0.0432857650201831 0.126639307764977 0.0218484443837174 0.042122146810333 0.127802925974827 0.0358032212773305 0.0147853719941379 0.155139700791022
0.0591242594855345 0.0208588016963084 0.0182002925755312 0.100048226395538 0.0211732604368059 0.0175857873188559 0.100662731652213 0.0357990017080081 -0.0110486900032983 0.129297208974367
0.0926435573186705 0.0205975139627752 0.0522576614754791 0.133029453161862 0.0212838120023033 0.0509139952199953 0.134373119417346 0.0328640263028769 0.0282274320122759 0.157059682625065
0.110495078104636 0.0216527270038693 0.0680460719454064 0.152944084263866 0.0226171690405977 0.0661570801805076 0.154833076028764 0.035489507410329 0.0409345509661354 0.180055605243137
0.0849328658808737 0.0198790610663571 0.0459482244782681 0.123917507283479 0.0204937977187081 0.0447453197867147 0.125120411975033 0.0338291826134087 0.0186243437813673 0.15124138798038
0.108505327298097 0.0218120451771312 0.0657374557465112 0.151273198849682 0.0227403930035324 0.0639199322283642 0.153090722367829 0.034808264436846 0.0402781890453904 0.176732465550803
0.0730368840823095 0.0189572956505551 0.0358693828817565 0.110204385282863 0.0194395722955548 0.0349250011222804 0.111148767042339 0.0341578707911661 0.0060866565266282 0.139987111637991
0.0905836878064277 0.020776264808784 0.0498467715235133 0.131320604089342 0.0214642004130519 0.0484999501264867 0.132667425486369 0.0357071186569896 0.0205958340084384 0.160571541604417
0.0922820770466977 0.0201579812874171 0.0527548286657408 0.131809325427655 0.0208396017311203 0.0514206186096731 0.133143535483722 0.0340957803984658 0.0254517888107852 0.15911236528261
0.0966689680976414 0.0417495618303263 0.0145066637678155 0.178831272427467 0.0421712130585097 0.0136902323940022 0.179647703801281 0.04880862795373 0.000796756020804146 0.192541180174479
0.0925831521041169 0.0223495192492098 0.0487487825973352 0.136417521610899 0.0229581344085934 0.0475582529450951 0.137608051263139 0.0328603694271482 0.0281685412000994 0.156997763008134
0.0625753551610064 0.0195562946826362 0.0242194942600899 0.100931216061923 0.0198909546791635 0.0235648754913178 0.101585834830695 0.0345940545654964 -0.00523248122186973 0.130383191543882
0.105975847136778 0.0232501330278572 0.060384187158448 0.151567507115109 0.0241236514998609 0.0586744528765267 0.15327724139703 0.0365360359608147 0.034360804469848 0.177590889803709
0.0685382288210443 0.0231398751649156 0.0231083903695637 0.113968067272525 0.0234875564158345 0.0224303025822347 0.114646155059854 0.0352843277089652 -0.000639335639439312 0.137715793281528
0.0955441997566139 0.0241999023033637 0.0480559543211965 0.143032445192031 0.0248352420665004 0.0468150041369335 0.144273395376294 0.0356483996147458 0.025656708830897 0.165431690682331
0.0783884177267526 0.018783843566483 0.0415607505316427 0.115216084921862 0.0193347121669794 0.0404820658934647 0.11629476956004 0.0339013993938276 0.0119408535460563 0.144835981907449
0.0750063995590148 0.02205399703587 0.0317589878693396 0.11825381124869 0.0224904298164132 0.0309048734282101 0.11910792568982 0.0344614137972951 0.00745740855558441 0.142555390562445
0.0876593304027682 0.0207325890580247 0.0470030833379815 0.128315577467555 0.0213323562998067 0.0458292939225046 0.129489366883032 0.0347479144710033 0.0195501855775394 0.155768475227997
0.0794117419968281 0.0181927910033743 0.0437392932499043 0.115084190743752 0.0187395809687659 0.0426689002081247 0.116154583785532 0.032569554078818 0.0155739350118928 0.143249548981764
0.0709777347379038 0.0213279071376561 0.0291223148881739 0.112833154587634 0.0217352774086416 0.0283268400272563 0.113628629448551 0.0351182503289976 0.00213526018923124 0.139820209286576
0.0740183431194277 0.0197889798805356 0.0352135425677316 0.112823143671124 0.0202578776687058 0.0342958172523341 0.113740868986521 0.0361449137839096 0.00317247872257047 0.144864207516285
0.0996032500728451 0.0217618958433043 0.0569308644555326 0.142275635690158 0.0225433636816375 0.0554012106408988 0.143805289504791 0.0346017604182954 0.0317801088215555 0.167426391324135
0.0936177420160738 0.0193943410889528 0.0555914384548903 0.131644045577257 0.0201134551579655 0.05418345965333 0.133052024378818 0.0323824214764458 0.0301463354243018 0.157089148607846
0.072062243798598 0.0191294537206388 0.0345417182899094 0.109582769307287 0.0195980425944347 0.0336252274194348 0.110499260177761 0.0352545347524456 0.00296023730211234 0.141164250295084
0.0955685428579322 0.020895788219684 0.0545981616863848 0.13653892402948 0.0216134531050886 0.0531930476072974 0.137944038108567 0.0348715662311765 0.0272182189611272 0.163918866754737
0.0972154999287569 0.0205353568259905 0.0569539072727391 0.137477092584775 0.0213106073209012 0.0554358159724092 0.138995183885105 0.0347507682991554 0.0291025569904365 0.165328442867077
0.0562791164290988 0.0182068554026991 0.0205756914601776 0.09198254139802 0.0185087670196279 0.0199848537011425 0.0925733791570551 0.033888032526811 -0.010143096864586 0.122701329722784
0.0718174012622027 0.0191630621334364 0.0342384424858936 0.109396360038512 0.0196191453152046 0.0333459026056154 0.11028889991879 0.0331450185209619 0.0068504862026432 0.136784316321762
0.0786471098184128 0.0194218540061193 0.0405597764261608 0.116734443210665 0.0199734487221641 0.0394803800445674 0.117813839592258 0.0345049221455506 0.0110149265227791 0.146279293114047
0.0494622852464304 0.0162236584662662 0.0176547162189649 0.0812698542738958 0.0164748272008926 0.0171628753579634 0.0817616951348973 0.0336691945767851 -0.0165292176812925 0.115453788174153
0.060824862915469 0.0182591418883334 0.0250161867092699 0.0966335391216681 0.0186016577893324 0.0243460300786002 0.0973036957523378 0.0338083502599519 -0.00544165781980344 0.127091383650741
0.0883760867338859 0.0197898215455883 0.0495683077552865 0.127183865712485 0.0203917689963178 0.0483902708585715 0.1283619026092 0.0323213272834883 0.0250227592775974 0.151729414190174
0.0827367754727516 0.0205284990100431 0.0424799229198772 0.122993628025626 0.021111431482487 0.0413391484935203 0.124134402451983 0.0344298019345105 0.0152509989683905 0.150222551977113
0.0313030003193463 0.0199240148898614 -0.00779191084587619 0.0703979114845689 0.0200132695532913 -0.00796625237646639 0.0705722530151591 0.0333940762590181 -0.0341576409335563 0.096763641572249
0.0686274397741558 0.0217865128422368 0.0258934787147426 0.111361400833569 0.0221603583195282 0.0251624077255142 0.112092471822797 0.036024561671495 -0.00198673803899732 0.139241617587309
0.0730556325958835 0.0185463911553433 0.0366921537724288 0.109419111419338 0.0190047597331626 0.0357947019444419 0.110316563247325 0.0334843260024445 0.00742531390276102 0.138685951289006
0.0964659623809461 0.0207515954757659 0.0557816131819302 0.137150311579962 0.0214653597365951 0.0543838160903914 0.138548108671501 0.0328415813849825 0.0320946267572322 0.16083729800466
0.0574545571817554 0.0177755150727629 0.0225977728279473 0.0923113415355635 0.0180726719689887 0.022016201518765 0.0928929128447458 0.031658412309494 -0.00459787202898507 0.119506986392496
0.0947261532428221 0.0206309874365299 0.0542725383101223 0.135179768175522 0.021364735328871 0.0528361737947644 0.13661613269088 0.0342712087724224 0.0275519752572948 0.161900331228349
0.0650436816631764 0.0192201492044109 0.0273468359648737 0.102740527361479 0.0195838363585388 0.0266354477239168 0.103451915602436 0.0338138529440729 -0.0012350325777645 0.131322395904117
0.0773937356284558 0.0193095768035118 0.0395304533273485 0.115257017929563 0.0198081983133749 0.0385544408253552 0.116233030431556 0.0332020307305966 0.0123155677082097 0.142471903548702
0.06691231710897 0.0201181522875754 0.0274398491514407 0.106384785066499 0.0205043380663984 0.0266852492302843 0.107139384987656 0.0348614287314422 -0.00142281805036727 0.135247452268307
0.0699504614811738 0.0201239208309869 0.0304920543354283 0.109408868626919 0.0205347378558305 0.0296878239807574 0.11021309898159 0.0329954718875778 0.00527684025642212 0.134624082705925
0.080977744484675 0.0195141899235678 0.0427135356676555 0.119241953301694 0.0200581030061663 0.041648840000845 0.120306648968505 0.0334176322657108 0.0154769852127425 0.146478503756607
0.112245748068081 0.0204800053592357 0.0720925851763304 0.152398910959831 0.0213998774258061 0.0702912861444367 0.154200209991725 0.0318746317632953 0.0497691466019636 0.174722349534198
0.0863695540420851 0.0201746494043103 0.0468077267578826 0.125931381326288 0.0207864948167553 0.0456102681105808 0.127128839973589 0.0344494499242834 0.0188458092989446 0.153893298785226
0.0806539629565812 0.0207186245000438 0.0400296373267936 0.121278288586369 0.0212564771764105 0.0389766921429523 0.12233123377021 0.0350716152247484 0.0119114457342816 0.149396480178881
0.0977538344716928 0.021500860669676 0.0555828969151241 0.139924772028261 0.0222390961937952 0.0541388761924513 0.141368792750934 0.034784004701642 0.0295713511841518 0.165936317759234
0.0782731261369656 0.0203816734502358 0.0383045785485297 0.118241673725402 0.0208921227727112 0.0373056336057432 0.119240618668188 0.034299617622121 0.0110426643584984 0.145503587915433
0.0997969555969712 0.0210582539664374 0.0585076399528656 0.141086271241077 0.0218275092394759 0.0570015501835521 0.14259236101039 0.0345085280540402 0.0321578723306102 0.167436038863332
0.0621398250079948 0.0222244908267398 0.0185093422171528 0.105770307798837 0.0225468874234373 0.0178804768639001 0.10639917315209 0.0380554501621767 -0.0124616643411568 0.136741314357146
0.0930255748461975 0.0215335196308314 0.0507985050473043 0.135252644645091 0.0221646145478329 0.0495634212970186 0.136487728395376 0.0335447410243152 0.0272732346089125 0.158777915083483
0.0753101362915445 0.0199400257455609 0.0362076308618237 0.114412641721265 0.0204249234974878 0.0352586943032408 0.115361578279848 0.0344100550762625 0.00786362726296784 0.142756645320121
0.093519904339357 0.0205192915401166 0.0532825879150401 0.133757220763674 0.0212384894009127 0.0518749748836352 0.135164833795079 0.0341907718401679 0.0265028490161921 0.160536959662522
0.0756371529539211 0.0193188643879676 0.0377534801098407 0.113520825798002 0.0198081652411992 0.0367958709534655 0.114478434954377 0.0330357688315935 0.0108843590251609 0.140389946882681
0.0984929299730759 0.0213183754517541 0.0566868460066683 0.140299013939483 0.0220661760765667 0.0552234290038753 0.141762430942277 0.0338841752323496 0.0320754823691522 0.164910377577
0.110975112687864 0.0218076355201418 0.0682149608106397 0.153735264565089 0.0227584188209629 0.0663536204386813 0.155596604937047 0.0356512296213596 0.0410958747845207 0.180854350591208
0.0709055213565454 0.0203271000168542 0.0310333560437637 0.110777686669327 0.0207503758866544 0.0302056579075015 0.111605384805589 0.0339069202376476 0.00444233600739206 0.137368706705699
0.0952958879331869 0.0207807143258893 0.0545476086468257 0.136044167219548 0.0214970576642142 0.053145422631592 0.137446353234782 0.0331291464894438 0.0303593090397436 0.16023246682663
0.077652071001209 0.0193782355056646 0.0396484972027382 0.11565564479968 0.019882520842619 0.0386618182033479 0.11664232379907 0.0329508374195521 0.0130649549284065 0.142239187074012
0.0698974433666631 0.0194186921354159 0.0318231816019733 0.107971705131353 0.0198394463185047 0.0309994111567023 0.108795475576624 0.0343553831288432 0.00255954385525711 0.137235342878069
0.100274544868197 0.021116753643149 0.0588707689706501 0.141678320765744 0.021883761751273 0.057369054962824 0.14318003477357 0.034754544298133 0.032153369387387 0.168395720349007
0.0681483656087967 0.0199356537051374 0.0290509651540634 0.10724576606353 0.0203292804901772 0.0282808526772739 0.10801587854032 0.0348796470544775 -0.000219009352356872 0.13651574056995
0.0947303709634218 0.0236576128882059 0.048312480515269 0.141148261411575 0.0242676321967467 0.0471205327990242 0.142340209127819 0.0352524533138521 0.0256217870478662 0.163838954878977
0.0885440477542547 0.0205393326362356 0.0482678237421235 0.128820271766386 0.0211550200486437 0.0470627845870178 0.130025310921492 0.0339758908671867 0.021948136968178 0.155139958540331
0.0906590676648785 0.0207965261047372 0.049883165974718 0.131434969355039 0.0214925774639861 0.048520384905693 0.132797750424064 0.0359054422740046 0.0202826910376844 0.161035444292073
0.0853691494573027 0.0194417967941505 0.0472471895215929 0.123491109393013 0.0200302151064835 0.0460953438047147 0.124642955109891 0.0328176114436749 0.0210443340967601 0.149693964817845
0.0688611521128845 0.0174624678169017 0.034622736975302 0.103099567250467 0.0178989485968377 0.0337681507633259 0.103954153462443 0.0324903440681251 0.00517929118504111 0.132543013040728
0.0751785188722043 0.0215635972512965 0.0328847401863593 0.117472297558049 0.0220145347811181 0.0320027207059853 0.118354317038423 0.0362495468781163 0.00412442136885965 0.146232616375549
0.0838203791148424 0.0216074531953624 0.0414382496177365 0.126202508611948 0.0221625284909908 0.0403526908011461 0.127288067428539 0.035193722999926 0.0148344793765347 0.15280627885315
0.0665069837465546 0.0219844515031833 0.0233908135693152 0.109623153923794 0.0223425929671029 0.0226901685938261 0.110323798899283 0.0362727343377342 -0.00459237448682925 0.137606341979939
0.0716144649256114 0.019349450111199 0.0336667190401591 0.109562210811064 0.019814192916295 0.0327574576004607 0.110471472250762 0.0349583673066427 0.00309333783732842 0.140135592013894
0.0904497179918363 0.0198234315288847 0.0515789414853832 0.12932049449829 0.0204741752735952 0.0503051301798623 0.13059430580381 0.0314879970459932 0.0287299967833432 0.152169439200329
0.086402008030084 0.019191755214766 0.0487698418838698 0.124034174176298 0.0198051627094469 0.0475691188023548 0.125234897257813 0.0329147612486857 0.0218868894242554 0.150917126635913
0.113913016151279 0.0231783440624583 0.0684641807739796 0.159361851528579 0.0240676479260798 0.066723326791115 0.161102705511443 0.033615293662073 0.0480216590891128 0.179804373213446
0.094077675632115 0.0232672818544037 0.0484271695151058 0.139728181749124 0.0238834781216471 0.0472230318193897 0.14093231944484 0.0342710438535138 0.0268928203520554 0.161262530912175
0.116252001641464 0.0225979071093589 0.0719405204595476 0.160563482823381 0.023607621201769 0.0699640253556884 0.16253997792724 0.0341120720056852 0.0493876413130768 0.183116361969851
0.0414933373059605 0.0427291338749985 -0.0426398810284034 0.125626555640324 0.0428595302703338 -0.0428919230915811 0.125878597703502 0.0514591374057179 -0.0595849885446581 0.142571663156579
0.081922614295464 0.0203038468021293 0.0421082304830578 0.12173699810787 0.0208511814789731 0.0410369765328878 0.12280825205804 0.0330483093781603 0.0171445806671337 0.146700647923794
0.0615402208304113 0.0176840997342971 0.0268626398949069 0.0962178017659157 0.0180202663906638 0.0262047207079604 0.0968757209528622 0.0328923891606668 -0.00293037736067799 0.126010819021501
0.0621921377876179 0.0190849025361547 0.0247643016864114 0.0996199738888243 0.0194375509405886 0.02407430631307 0.100309969262166 0.0348172150273891 -0.0060519899898798 0.130436265565116
0.0985698398243141 0.020869435184521 0.0576524929228641 0.139487186725764 0.0216472880514829 0.0561293860792296 0.141010293569399 0.033263215105485 0.033371678275477 0.163768001373151
0.0887948103658924 0.0210726986168899 0.0474744776688345 0.13011514306295 0.021704786510709 0.0462371873477114 0.131352433384073 0.0333765912991674 0.0233732135485706 0.154216407183214
0.113289095490537 0.0230924714429501 0.0680097319465033 0.15856845903457 0.024064694782063 0.0661064156269463 0.160471775354127 0.0356117767465946 0.0434861300512883 0.183092060929785
0.0669865582178252 0.0208683907458337 0.026051348585568 0.107921767850082 0.0212235611140116 0.0253569035271557 0.108616212908495 0.0343323911015165 -0.00031130291219332 0.134284419347844
0.102658339832924 0.0205926380448744 0.0622866152053361 0.143030064460513 0.0214337880177843 0.0606392250270027 0.144677454638846 0.0338417347684344 0.0363273041746669 0.168989375491182
0.0789473853524892 0.0209432384539394 0.0378738223138281 0.12002094839115 0.0214587099764556 0.036865316823009 0.121029453881969 0.0352991151927925 0.00975705339890912 0.148137717306069
0.0904395691882435 0.0206954547299467 0.049859577915952 0.131019560460535 0.0213850853474548 0.0485095802176214 0.132369558158866 0.0361985280970413 0.0194884615997849 0.161390676776702
0.0709079038571879 0.0203285561593431 0.0310338444023467 0.110781963312029 0.0207451443706454 0.0302191679958423 0.111596639718533 0.0342775104510536 0.00371879313697011 0.138097014577406
0.0695105979339054 0.0201132256614082 0.0300663602797194 0.108954835588091 0.0204945933550302 0.0293201566407346 0.109701039227076 0.0325984836090721 0.0056133351044577 0.133407860763353
0.0909847408574049 0.0224192035685877 0.0470077683300127 0.134961713384797 0.0230416375594485 0.0457906733862076 0.136178808328602 0.035677837756742 0.0210485025586044 0.160920979156205
0.0540327304691346 0.0205699485835569 0.0136708157918571 0.094394645146412 0.0208013524246279 0.0132187782545626 0.0948466826837065 0.0324961686146638 -0.00967013339946851 0.117735594337738
0.0836574864507467 0.0209572804103416 0.0425555240014083 0.124759448900085 0.0215105108977074 0.0414732022956222 0.125841770605871 0.0339471984257952 0.0171159808117238 0.15019899208977
0.0573890298893798 0.0168747629602641 0.0242953821316875 0.0904826776470722 0.0172030275875125 0.023653103574718 0.0911249562040417 0.0330997969955954 -0.00748799173220249 0.122266051510962
0.117555511996804 0.0214643790967993 0.0754750143243912 0.159636009669216 0.0225155980149668 0.073416145161477 0.161694878832131 0.0336373867605038 0.0516245651265219 0.183486458867086
0.115341530905447 0.02332259229869 0.0696070173928276 0.161076044418067 0.0243128989256801 0.0676687596990867 0.163014302111807 0.0362565333769925 0.044273892400256 0.186409169410638
0.0945989208139023 0.0212078458312144 0.0530149090519982 0.136182932575806 0.0218855634961885 0.0516881743121028 0.137509667315702 0.0341143509726516 0.0277318430622517 0.161465998565553
0.090895789777834 0.0211432571759161 0.0494371749096142 0.132354404646054 0.021792679661603 0.0481659441921602 0.133625635363508 0.0349195459153724 0.0224506119233235 0.159340967632344
0.070136380874028 0.0203027194748611 0.0303191254652169 0.109953636282839 0.0207469937609436 0.0294499153283272 0.110822846419729 0.036341777054566 -0.00109648999721564 0.141369251745272
0.0950789986132285 0.0222434634056642 0.0514608066442015 0.138697190582255 0.0229452284197983 0.0500873137241254 0.140070683502332 0.0359110050506881 0.0246895424836564 0.165468454742801
0.0925525669429246 0.0212997420197818 0.0507885663455714 0.134316567540278 0.021963556485318 0.0494890339637359 0.135616099922113 0.0339507514814836 0.0260060529363155 0.159099080949534
0.0746355326305798 0.0193979546104177 0.0365978468901907 0.112673218370969 0.0198750789788162 0.0356639941792819 0.113607071081878 0.0336586198590286 0.00866233064328391 0.140608734617876
0.0868058022417682 0.0207462544618244 0.0461256937057026 0.127485910777834 0.0214012419718618 0.0448435627776616 0.128768041705875 0.0360358546424611 0.0161733540764243 0.157438250407112
0.0969490540635122 0.0209994868424732 0.0557704575731496 0.138127650553875 0.0217604162756691 0.0542811263853218 0.139616981741703 0.0345652761634946 0.0291977944494462 0.164700313677578
0.0754482509288613 0.0185669151257262 0.0390435514718522 0.11185295038587 0.0190932268586157 0.0380131433407561 0.112883358516966 0.0350539331744051 0.00674169290947921 0.144154808948243
0.111520103274648 0.0222450233273087 0.0678963054610555 0.15514390108824 0.0231876683039608 0.0660516080439651 0.15698859850533 0.0361552656889814 0.0406514152771457 0.182388791272149
0.104862821312831 0.0229836028896261 0.0597971210010467 0.149928521624616 0.0238037862545518 0.0581914558309377 0.151534186794724 0.0360209147524208 0.0342582783682578 0.175467364257404
0.0745640008912581 0.0205541484331019 0.0342573452080623 0.114870656574454 0.0210093528810962 0.0333665142506185 0.115761487531898 0.0339635053863428 0.00799204234338684 0.141135959439129
0.0791541977024223 0.0215563879752272 0.0368828908538061 0.121425504551038 0.0220784223572934 0.0358612168318632 0.122447178572981 0.0355978297662019 0.00937894742232082 0.148929447982524
0.087418993284785 0.0208506116405547 0.0465245317666995 0.128313454802871 0.0214356648006193 0.0453800821953091 0.129457904374261 0.0342773624664109 0.0202302957573548 0.154607690812215
0.0850307224132162 0.0220425774898963 0.0418024755171092 0.128258969309323 0.0225897992319432 0.0407317568375347 0.129329687988898 0.0342197374921285 0.0179544334115003 0.152107011414932
0.116515804085689 0.0219579592724532 0.0734613231742757 0.159570284997103 0.0229379293362961 0.0715427876899809 0.161488820481398 0.0333959891524614 0.0510558467112383 0.181975761460141
0.086394920726252 0.0486463489484098 -0.00937421224882726 0.182164053701331 0.0489611260676892 -0.00998299168684948 0.182772833139353 0.0556009114892365 -0.0228643474804447 0.195654188932949
0.064942140060402 0.0192287085969325 0.0272379059060372 0.102646374214767 0.0196072804154483 0.0264968656528715 0.103387414467932 0.0352727968914481 -0.00419396907892283 0.134078249199727
0.0569982826114153 0.0190353284554461 0.0196659842693223 0.0943305809535082 0.0193369546711451 0.0190759023010505 0.0949206629217801 0.0344858131159903 -0.010596659291136 0.124593224513966
0.089071869808169 0.0188546227700711 0.0521029499690332 0.126040789647305 0.0195270387982881 0.0507864901902771 0.127357249426061 0.0324715582461987 0.0254259399551997 0.152717799661138
0.105760071835099 0.0238481106712893 0.0589930827577414 0.152527060912456 0.0247167656543619 0.0572931522800079 0.15422699139019 0.0383832887313107 0.030524082753085 0.180996060917112
0.090388450644683 0.0201424345886917 0.0508899982632291 0.129886903026137 0.0207829456761233 0.0496364139486808 0.131140487340685 0.0331347649132816 0.0254410125863924 0.155335888702974
0.0723700432660135 0.01972869273792 0.0336816493829147 0.111058437149112 0.0201910369912544 0.0327768730829183 0.111963213449109 0.0348083736901726 0.00414308704064252 0.140596999491384
0.0854770007555166 0.0193692986357739 0.0475021898677421 0.123451811643291 0.0200201125804883 0.0462277211221655 0.124726280388868 0.0352323160842754 0.0164209894361066 0.154533012074927
0.0724332341001405 0.020442763687996 0.0323373302941915 0.112529137906089 0.0208777034322251 0.0314866297379984 0.113379838462282 0.034665621462736 0.00448395715412475 0.140382511046156
0.106770145000871 0.0215332611798699 0.0645524193737019 0.14898787062804 0.0224356284640447 0.0627853547288894 0.150754935272852 0.034521845395796 0.0391053422072241 0.174434947794517
0.0918030591982099 0.0197197913547014 0.0531420706987438 0.130464047697676 0.0204340769768042 0.0517432012992137 0.131862917097206 0.0350269315643832 0.0231495889276229 0.160456529468797
0.060461345758881 0.0393108414423751 -0.0169003265936962 0.137823018111458 0.0395198958659835 -0.0173050856378759 0.138227777155638 0.0473088732772566 -0.0324420255648343 0.153364717082596
0.0785464610144743 0.0541674797487463 -0.0281104477743407 0.185203369803289 0.0544177851902732 -0.0285942586165655 0.185687180645514 0.0596813691171076 -0.0387931368416377 0.195886058870586
0.0743416011665731 0.0204025656003854 0.0343279929550887 0.114355209378058 0.0208870372003052 0.0333801683348408 0.115303033998305 0.0346731619008582 0.00637829789617893 0.142304904436967
0.069380215185072 0.01962363367261 0.0308893651538211 0.107871065216323 0.0200410528370201 0.0300730292215217 0.108687401148622 0.0341329014149064 0.00247540597645403 0.13628502439369
0.0693458451655576 0.021965699912152 0.0262478725127987 0.112443817818316 0.0223693126067984 0.0254592542462624 0.113232436084853 0.0365413940072445 -0.00228395183033189 0.140975642161447
0.0613625607522173 0.0206267956071694 0.0208981404059687 0.101826981098466 0.0209255999851319 0.0203140437785479 0.102411077725887 0.0346796739823269 -0.00661605554434985 0.129341177048784
0.0476033196137331 0.0216345762944641 0.00514242196861481 0.0900642172588514 0.0218210686977718 0.00477837818020089 0.0904282610472653 0.0349619400968542 -0.0209345293022469 0.116141168529713
0.0836339306402871 0.0203646665042334 0.0437008592362828 0.123567002044291 0.0209289295886457 0.0425964250830879 0.124671436197486 0.0336993642955762 0.017580186162675 0.149687675117899
0.0705895358902296 0.0206907755171324 0.0300042983082928 0.111174773472166 0.0211075607599149 0.0291892780978777 0.111989793682582 0.0357016887727773 0.000609274854136643 0.140569796926323
0.0916450924969339 0.0214965795676909 0.0494879183173862 0.133802266676482 0.022143874381855 0.0482213445369132 0.135068840456955 0.0345703821125651 0.023882464242874 0.159407720750994
0.0708895856043171 0.0172013993521364 0.0371608248821472 0.104618346326487 0.0176571534544062 0.0362686682649363 0.105510502943698 0.0322869758700195 0.00760606311352306 0.134173108095111
0.0803128283872116 0.0207496336868468 0.0396189604838349 0.121006696290588 0.0212812226271924 0.0385789180751073 0.122046738699316 0.0332289567797067 0.0151791046778356 0.145446552096588
