estimate std_1 lowerCI_1 upperCI_1 std_2 lowerCI_2 upperCI_2 std_3 lowerCI_3 upperCI_3
0.14926 0.0243444533403856 0.10148056541411 0.19703943458589 0.025254015293458 0.0997046597946405 0.19881534020536 0.0319495265761828 0.0866112678991253 0.211908732100875
0.145326633165829 0.0392706022441773 0.0680600619062158 0.222593204425443 0.0398352075231111 0.0669659917569369 0.223687274574721 0.0437547272922524 0.0593540665104091 0.231299199821249
0.1226 0.0278715092151403 0.0678445725870195 0.17735542741298 0.0284224767733153 0.0667720330428967 0.178427966957103 0.0350154432490815 0.0539063913371481 0.191293608662852
0.15208 0.0464789687739676 0.0605916706225102 0.24356832937749 0.0470121054441455 0.0595599725462831 0.244600027453717 0.0508426936569204 0.0521316419911768 0.252028358008823
0.13209 0.0218391345499186 0.0892392485412766 0.174940751458723 0.0226328009289493 0.0876884533099844 0.176491546690016 0.0311910095682946 0.0709406815807796 0.19323931841922
0.1458 0.0381077302489091 0.0708348924367597 0.22076510756324 0.0386904244577857 0.0697051421068291 0.221894857893171 0.0436548579739256 0.060055183959036 0.231544816040964
0.16056 0.022643816252398 0.116130225744568 0.204989774255432 0.0237641009607425 0.113941085229428 0.207178914770572 0.0312451355329492 0.0993021337316678 0.221817866268332
0.0779 0.0320626738133347 0.0148270458730327 0.140972954126967 0.032275879725583 0.0144137442640581 0.141386255735942 0.0385937229619054 0.00212533678063684 0.153674663219363
0.13469 0.0392172280891316 0.0575238484741896 0.21185615152581 0.0397078820764212 0.0565732885377319 0.212806711462268 0.0447256116670859 0.0468262731946784 0.222553726805322
0.16667 0.026406625240324 0.11482713169065 0.21851286830935 0.0274516341331971 0.11278851408915 0.22055148591085 0.0335426012196865 0.100885384652638 0.232454615347362
0.1694 0.022601136112325 0.12506479838703 0.21373520161297 0.0238449725008824 0.122632539543211 0.216167460456789 0.0311640586825246 0.108305161853255 0.230494838146745
0.11757 0.0300213772562454 0.0585693985582411 0.176570601441759 0.0304978584881268 0.0576429099975069 0.177497090002493 0.0374101469171375 0.0441650118846467 0.190974988115353
0.14805 0.0276782690969108 0.0936986849358085 0.202401315064192 0.0284740327351256 0.0921474244790321 0.203952575520968 0.0347697768212712 0.0798506381826651 0.216249361817335
0.0747 0.0393056350455206 -0.00264933323458687 0.152049333234587 0.0394788964680075 -0.0029848121341256 0.152384812134126 0.0445918600905104 -0.0129115759993323 0.162311575999332
0.15567 0.0226611416128133 0.111212484319221 0.200127515680779 0.0237149054224549 0.109152567674595 0.202187432325405 0.0317574844595094 0.0934110453151656 0.217928954684834
0.16147 0.0227143433510491 0.11690287185499 0.20603712814501 0.0238435667187052 0.114696121743129 0.208243878256871 0.0313309679689177 0.100044218359172 0.222895781640828
0.11637 0.0345882620066868 0.0483364759556948 0.184403524044305 0.0350034659518628 0.047531231274913 0.185208768725087 0.0408778652652412 0.0361046404051396 0.19663535959486
0.09239 0.0351477279378907 0.023272749939575 0.161507250060425 0.0354152500936529 0.0227535876725632 0.162026412327437 0.0412208003221187 0.0114569891763152 0.173323010823685
0.16696 0.0341143375037034 0.0998917996695288 0.234028200330471 0.0349453038807303 0.0982774902715006 0.235642509728499 0.0400318945756578 0.0883720402788179 0.245547959721182
0.12997 0.0257189284790512 0.0794696182474394 0.180470381752561 0.0263811546773554 0.0781784646392039 0.181761535360796 0.0329592463826246 0.0653273012837389 0.194612698716261
0.17465 0.0251974032900776 0.125202035562581 0.224097964437419 0.0263910024925696 0.12287066793658 0.22642933206342 0.0330057015159929 0.109932467088687 0.239367532911313
0.13824 0.0282007096172166 0.0828440840705371 0.193635915929463 0.0288869206201453 0.0815077550184143 0.194972244981586 0.0354882575356212 0.0686223829901638 0.207857617009836
0.13376 0.0223755440797385 0.0898512381885881 0.177668761811412 0.0231709337935337 0.088297633182408 0.179222366817592 0.0313926617677495 0.072212157606543 0.195307842393457
0.14475 0.0225862266318953 0.100426283212788 0.189073716787212 0.023505343934249 0.0986311175932347 0.190868882406765 0.0314279536951952 0.0831317511899295 0.20636824881007
0.16945 0.0229745226009969 0.124381221475427 0.214518778524573 0.0242002530718941 0.121984548493149 0.216915451506851 0.0313094051164138 0.108069079962298 0.230830920037702
0.14271 0.0258837201061336 0.0918810420398527 0.193538957960147 0.026672933969338 0.0903426572893225 0.195077342710678 0.0328767785303345 0.0782250287731789 0.207194971226821
0.17979 0.0323865255885606 0.116133586718795 0.243446413281205 0.0333908975575454 0.114180864580104 0.245399135419896 0.0379246906341831 0.10534702627226 0.25423297372774
0.14993 0.0281284519793352 0.0946764013135068 0.205183598686493 0.0289329405825569 0.0931096239710077 0.206750376028992 0.0350777087443546 0.0811156915737228 0.218744308426277
0.14248 0.0236728001073938 0.0960140373664883 0.188945962633512 0.0245264629517716 0.0943477695279211 0.190612230472079 0.0320531125621931 0.0796296369285067 0.205330363071493
0.15693 0.0252457889916129 0.107377975770756 0.206482024229244 0.0262148290440553 0.10548631087191 0.20837368912809 0.0329939318937444 0.0922312205672857 0.221628779432714
0.14338 0.0254555312171587 0.0933958789795917 0.193364121020408 0.026264163979608 0.0918192620744626 0.194940737925537 0.0332555882454023 0.0781589447437881 0.208601055256212
0.18601 0.0243456714405138 0.138235322516438 0.233784677483562 0.0257378258190051 0.135515679393283 0.236504320606717 0.032537371096778 0.122213631775211 0.249806368224789
0.17094 0.0256928228916307 0.120498215933448 0.221381784066552 0.0268188222735582 0.118301553209949 0.223578446790051 0.0330951456884647 0.106035082133958 0.235844917866042
0.16714 0.0299373480260722 0.108306587311057 0.225973412688943 0.0308754427795646 0.106481904803473 0.227798095196527 0.03712724615204 0.0942895967636899 0.23999040323631
0.09372 0.0263484514701409 0.0419289384015702 0.14551106159843 0.0266974413544514 0.0412507205255889 0.146189279474411 0.033765070929503 0.027470978930424 0.159969021069576
0.13113 0.0295613607118427 0.0730379464503982 0.189222053549602 0.0301562982996202 0.0718807880307665 0.190379211969233 0.0365111890676773 0.0594883773073479 0.202771622692652
0.10051 0.0288099561395678 0.04388570907076 0.15713429092924 0.029177571056615 0.0431711078689382 0.157848892131062 0.0348732397801498 0.0320708551727433 0.168949144827257
0.11681 0.0275521884054543 0.0626741104790817 0.170945889520918 0.0280601725926561 0.0616856799484243 0.171934320051576 0.0362622211940974 0.0456784114149085 0.187941588585092
0.14056 0.0223744596947762 0.0966522567684025 0.184467743231597 0.0232503532582446 0.0949414874542133 0.186178512545787 0.0312519869229648 0.0792872099967161 0.201832790003284
0.1753 0.0249510056836015 0.12633052448361 0.22426947551639 0.0261647649449238 0.123960432397573 0.226639567602427 0.0323889704162253 0.111788453593104 0.238811546406896
0.15451 0.0249003910869168 0.105631484819045 0.203388515180955 0.0258532658726399 0.10377185169382 0.20524814830618 0.0334469352300238 0.0889244434386327 0.220095556561367
0.1232 0.0256239768997867 0.0728887760079085 0.173511223992092 0.0262230134073261 0.0717206700761836 0.174679329923816 0.0341600145222569 0.0562100180962472 0.190189981903753
0.12652 0.0251731366588717 0.077098693249135 0.175941306750865 0.0258139545449013 0.0758487447457994 0.177191255254201 0.0331497621295573 0.0615114135906116 0.191528586409388
0.1232 0.0307027396417248 0.062849615434748 0.183550384565252 0.0312137838383548 0.0618564303415844 0.184543569658416 0.0373795877653505 0.0498410143007984 0.196558985699202
0.185 0.0251929824240221 0.135554040823915 0.234445959176085 0.0265280358002074 0.132947246895532 0.237052753104468 0.0314242117389933 0.123374345867244 0.246625654132756
0.15471 0.0277483598338233 0.100213552493233 0.209206447506767 0.0286133324425404 0.0985279961116981 0.210892003888302 0.0345346462768527 0.086965999690021 0.222454000309979
0.13854 0.0244414983708664 0.0905647570501735 0.186515242949827 0.0252261000278098 0.0890333788131644 0.188046621186836 0.0324649934947331 0.0748796061310001 0.202200393869
0.16 0.0219183587123492 0.11700096700541 0.20299903299459 0.0230648158163731 0.114759608466624 0.205240391533376 0.0309739976212825 0.099277972779904 0.220722027220096
0.13173 0.0344248279705799 0.0640241061517461 0.199435893848254 0.0349506088760127 0.063004062884363 0.200455937115637 0.0412662348755495 0.0507137856680903 0.21274621433191
0.17434 0.0255907948667006 0.12410986053555 0.22457013946445 0.0267640053413077 0.121819623539419 0.226860376460581 0.0330531375501562 0.109523144602514 0.239156855397486
0.16454 0.0232201777355461 0.118979852833325 0.210100147166675 0.0243674868230261 0.116737835484562 0.212342164515438 0.0318591753513858 0.102078038985918 0.227001961014082
0.14049 0.0257931224774295 0.0898429836995309 0.191137016300469 0.0265609775259812 0.0883459031959814 0.192634096804019 0.0339729558198235 0.0738633935437022 0.207116606456298
0.14421 0.0223580565785546 0.100334554656463 0.188085445343537 0.0232792374009513 0.0985352948105929 0.189884705189407 0.0310267196778817 0.0833783866505792 0.205041613349421
0.14649 0.0259732733002532 0.0954861236538364 0.197493876346164 0.026800695623988 0.093873152440864 0.199106847559136 0.0336290428934522 0.0805335609947465 0.212446439005254
0.12029 0.0271561386917068 0.0669589891083073 0.173621010891693 0.0276989138531318 0.0659012917946137 0.174678708205386 0.034653097244593 0.0523202467945357 0.188259753205464
0.13876 0.0246878285393825 0.0902846636569306 0.187235336343069 0.0254687494390665 0.0887619599733226 0.188758040026677 0.0331224817607309 0.0738047012543688 0.203715298745631
0.11011 0.0238749669136028 0.0632257661935544 0.156994233806446 0.0243905130148102 0.0622209246001165 0.157999075399884 0.0322215748393158 0.0469202451359845 0.173299754864015
0.11813 0.0361801526826616 0.046952756927826 0.189307243072174 0.0365915636197841 0.0461553012100905 0.190104698789909 0.042020151453091 0.0356028564996909 0.200657143500309
0.18429 0.0236093377936628 0.137971802599899 0.230608197400101 0.0250153215261223 0.135223261165287 0.233356738834713 0.0312534918217993 0.123015005139527 0.245564994860473
0.13799 0.0292359201881219 0.0805387756031424 0.195441224396858 0.0298986613286654 0.0792496048226987 0.196730395177301 0.0359340327439912 0.0674799906166678 0.208500009383332
0.10252 0.0309579394935846 0.0416743494561014 0.163365650543899 0.0313160971017852 0.0409781329091229 0.164061867090877 0.0369677591650947 0.0299652910102691 0.175074708989731
0.1657 0.0328655932809457 0.101091827257755 0.230308172742245 0.0337128809464356 0.0994453986011809 0.231954601398819 0.0384505680284251 0.0902180411457234 0.241181958854277
0.124552763819095 0.028744691650915 0.0680560699244859 0.181049457713705 0.029298312703156 0.0669798187811876 0.182125708857003 0.0358085137909301 0.0542877009745169 0.194817826663674
0.16883 0.0245287932723358 0.120690690762057 0.216969309237943 0.0256753730137847 0.11845161375407 0.21920838624593 0.0316561719005471 0.106755406804808 0.230904593195192
0.17017 0.0287478650061541 0.113704560666244 0.226635439333756 0.0297544178637738 0.111743618407446 0.228596381592554 0.0351016544113246 0.101305816288795 0.239034183711205
0.10101 0.0288115503865792 0.044375942417622 0.157644057582378 0.0291829956597741 0.043654145742429 0.158365854257571 0.0353110350411651 0.0317124505192833 0.170307549480717
0.11571 0.0299410049226624 0.0568648153820038 0.174555184617996 0.0304045268961531 0.0559636459244005 0.175456354075599 0.0367747752648319 0.0435455243076282 0.187874475692372
0.13437 0.0250299740090651 0.0852216771002975 0.183518322899702 0.0257544691052732 0.0838091316933986 0.184930868306601 0.0328757405832093 0.069894851820715 0.198845148179285
0.16361 0.0242731188269645 0.115974666557821 0.211245333442179 0.0253624844521971 0.113847074399719 0.213372925600281 0.0330330848936023 0.0988422041375425 0.228377795862457
0.17625 0.0248333700945171 0.127513319860618 0.224986680139382 0.0260651597012421 0.125107743619373 0.227392256380627 0.0325285245630855 0.112466735553875 0.240033264446125
0.15253 0.0282318001551442 0.0970730401502088 0.207986959849791 0.0290606417685501 0.095458848505914 0.209601151494086 0.0351543667273356 0.0835647471294158 0.221495252870584
0.13007 0.0225870709248637 0.0857414681942949 0.174398531805705 0.0233341700723386 0.0842826476212451 0.175857352378755 0.0319246790581334 0.0674780147367914 0.192661985263209
0.14818 0.0231838946264481 0.102677643908619 0.193682356091381 0.0241229021896258 0.100844281129153 0.195515718870848 0.0319998289065778 0.0854376451128179 0.210922354887182
0.13915 0.0240273369791901 0.0919843016706239 0.186315698329376 0.0248317329703659 0.0904145922680654 0.187885407731935 0.0327689029769316 0.074895390518996 0.203404609481004
0.10215 0.0228307291928529 0.0573306698427573 0.146969330157243 0.0232946688209424 0.0564255854229389 0.147874414577061 0.0332133436359152 0.0370297103359327 0.167270289664067
0.11492 0.027608028524235 0.0606786184642081 0.169161381535792 0.0280992206118777 0.0597226516103613 0.170117348389639 0.0354745491725402 0.0453296747340238 0.184510325265976
0.15508 0.0244565372337814 0.107070306828514 0.203089693171486 0.0254327563088891 0.105165361274864 0.204994638725136 0.0320828436000822 0.0921652572668697 0.21799474273313
0.15006 0.024493727052546 0.101983013553403 0.198136986446597 0.0254078843063452 0.1001986146515 0.1999213853485 0.0325625961023476 0.086208651495866 0.213911348504134
0.17853 0.0225590502780422 0.134280319442696 0.222779680557304 0.0239378108741638 0.131583669150607 0.225476330849393 0.0303251425297102 0.119079512945921 0.237980487054079
0.12484 0.0518660719536336 0.0227126383537447 0.226967361646255 0.0522101673996502 0.0220475441777563 0.227632455822244 0.0556338118404581 0.0154179267251556 0.234262073274844
0.13512 0.0308971833749051 0.0744129087407189 0.195827091259281 0.0315016586944642 0.0732366391800672 0.197003360819933 0.0370139565637411 0.0624869998659666 0.207753000134033
0.14062 0.0267681816067633 0.0880630798631554 0.193176920136845 0.027510828895776 0.0866148039332587 0.194625196066741 0.034152295772505 0.0736383604186975 0.207601639581302
0.11434 0.021483902352727 0.0721666857781187 0.156513314221881 0.0220945165211078 0.0709752069006194 0.157704793099381 0.0314322710013373 0.0527129466602827 0.175967053339717
0.14396 0.0224099999484258 0.0999912859264494 0.187928714073551 0.0233252896592613 0.0982025537780669 0.189717446221933 0.0316581227758129 0.0818949434524798 0.20602505654752
0.12841 0.0369948348982088 0.0556362239278035 0.201183776072196 0.037465903554375 0.0547228707935323 0.202097129206468 0.0425561366802219 0.0448275267763731 0.211992473223627
0.12346 0.0282835153082313 0.0678966983000833 0.179023301699917 0.0288343412997584 0.0668243515278487 0.180095648472151 0.0352355133095994 0.0543332239113998 0.1925867760886
0.11969 0.0281909561908562 0.0642915856707189 0.175088414329281 0.0287126155366378 0.0632769460099683 0.176103053990032 0.036314483212002 0.0484471238156281 0.190932876184372
0.14915 0.0400479586980335 0.0703491200484242 0.227950879951576 0.0406309940301661 0.0692195390312758 0.229080460968724 0.0450711450473515 0.060596195041497 0.237703804958503
0.12287 0.0253865839316477 0.0730185807743404 0.17272141922566 0.0259881827706093 0.0718459041802553 0.173894095819745 0.0329178189392705 0.0583089073495292 0.187431092650471
0.14445 0.0202671842515786 0.104703909635105 0.184196090364895 0.0212777347828061 0.102726411781305 0.186173588218695 0.0297290921066796 0.0861747221336988 0.202725277866301
0.14715 0.0500472993774377 0.0486037345180758 0.245696265481924 0.050520901565341 0.0476882523162799 0.24661174768372 0.0543763582356788 0.0402197202544976 0.254080279745502
0.16558 0.0239186714644254 0.118643532155548 0.212516467844452 0.0250487789048312 0.116435909720153 0.214724090279847 0.0314251753316209 0.103962792030784 0.227197207969216
0.14277 0.0322986144498009 0.0792779739309887 0.206262026069011 0.0329455304309535 0.0780209343788533 0.207519065621147 0.0390526405685567 0.0661220942544292 0.219417905745571
0.15731 0.0283235805181272 0.101680158642766 0.212939841357234 0.0292001844748768 0.0999722645521345 0.214647735447866 0.0356249341524561 0.0874278650127376 0.227192134987262
0.17395 0.0250910545972867 0.12470387183496 0.22319612816504 0.0262806898844764 0.122381139289206 0.225518860710794 0.0329053962262122 0.10942623722095 0.23847376277905
0.14524 0.0259947906416365 0.0941911745497029 0.196288825450297 0.0268081648104176 0.0926058371540852 0.197874162845915 0.033855668070539 0.0788389141845259 0.211641085815474
0.11564 0.0240944274714275 0.0683237833172974 0.162956216682703 0.0246563710869195 0.06722855702723 0.16405144297277 0.0334491230853049 0.0500465828589616 0.181233417141038
0.13848 0.0252489209521166 0.0889109043048097 0.18804909569519 0.0260100028690162 0.0874262247602835 0.189533775239717 0.0325979105042981 0.0745511492512072 0.202408850748793
0.16785 0.0625394415649539 0.0446587033036269 0.291041296696373 0.0630440540515621 0.0436844541649758 0.292015545835024 0.0655815985719796 0.0387784819194738 0.296921518080526
0.11554 0.0571552324549986 0.00296899164657222 0.228111008353428 0.0574387586650767 0.00242142839123174 0.228658571608768 0.0601681899094939 -0.00285749037523786 0.233937490375238
0.10265 0.0298501989067723 0.0439726389328805 0.16132736106712 0.0302214072268958 0.0432513692364081 0.162048630763592 0.0370232485713216 0.0299957460469495 0.17530425395305
0.16096 0.0222166714892286 0.117378691077897 0.204541308922103 0.0233615926695999 0.115139930051299 0.206780069948701 0.0314185577654402 0.099367531460786 0.222552468539214
0.17432 0.0249125533127942 0.125431718340157 0.223208281659843 0.0261144579220556 0.123084024289009 0.225555975710991 0.0329653580681723 0.109682962999759 0.238957037000241
0.19321 0.0245125179568096 0.145109672178885 0.241310327821115 0.0260009118413742 0.142201671781079 0.244218328218921 0.0322800523014278 0.129917461867455 0.256502538132545
0.117437185929648 0.0247335476548666 0.0688605395961625 0.166013832263134 0.0252988838750685 0.0677590582730913 0.167115313586205 0.0330658249799639 0.0525876558220147 0.182286716037282
0.13496 0.0342599277296407 0.0675788586633742 0.202341141336626 0.0348126874578824 0.0665064359702156 0.203413564029784 0.0406272490828533 0.0551926181642501 0.21472738183575
0.13969 0.022536620688566 0.0954645449860811 0.183915455013919 0.0233961217311823 0.0937857495819104 0.18559425041809 0.0309862535983346 0.0789371130784083 0.200442886921592
0.13414 0.0267181249981559 0.0816631259413058 0.186616874058694 0.0273984722825395 0.0803377052584418 0.187942294741558 0.035031604636629 0.0654304441828264 0.202849555817174
0.12996 0.0238652646893653 0.083109761805864 0.176810238194136 0.0245745669075462 0.0817258906626482 0.178194109337352 0.0325821788512289 0.0660705931082148 0.193849406891785
0.14345 0.0212627758934121 0.101737211614628 0.185162788385372 0.0222173409456097 0.0998710573709937 0.187028942629006 0.0296892552734734 0.085245991080943 0.201654008919057
0.16153 0.0241572311822353 0.114124110638754 0.208935889361246 0.0252245233531173 0.112039392789144 0.211020607210856 0.0316163738969535 0.0995369330507514 0.223523066949249
0.120868686868687 0.0357613549142542 0.0505207281328058 0.191216645604568 0.0361945506285441 0.0496808394861723 0.192056534251201 0.041311269774164 0.0397336414603704 0.202003732277003
0.18397 0.0253029318439484 0.13431205866279 0.23362794133721 0.0266179803873152 0.131743804849673 0.236196195150327 0.0322840201941998 0.120663163017153 0.247276836982847
0.11237 0.0264671714150486 0.0603792643601986 0.164360735639801 0.0269556198725529 0.059428134093125 0.165311865906875 0.033264111031464 0.0471151684022791 0.177624831597721
0.11888 0.0274530728122404 0.0649395596709455 0.172820440329054 0.0279801316443324 0.0639139635745123 0.173846036425488 0.0355443543595065 0.0491529755086952 0.188607024491305
0.17498 0.0275160765360852 0.120949359953032 0.229010640046968 0.0286216349627288 0.118793688545498 0.231166311454502 0.0345077937275001 0.107295260833812 0.242664739166188
0.17711 0.025640534909636 0.126782124032248 0.227437875967752 0.02684790849307 0.124425188304263 0.229794811695737 0.0318123471383716 0.114720571058149 0.239499428941851
0.14354 0.0347622786434148 0.0751699326786893 0.211910067321311 0.0353755692036526 0.0739800840106944 0.213099915989306 0.0411433826572684 0.0627575922595426 0.224322407740457
0.10736 0.0246136937986167 0.0590291173482095 0.15569088265179 0.0250907569119001 0.0580990787956275 0.156620921204373 0.032222278045043 0.044165905302543 0.170554094697457
0.17295 0.0281528586497136 0.117660409868615 0.228239590131385 0.0292114451910677 0.115597280908389 0.230302719091611 0.0339130041451764 0.106418295825247 0.239481704174753
0.149457286432161 0.035816108983685 0.079027637352955 0.219886935511367 0.036459986664223 0.0777777515225681 0.221136821341754 0.0418792311825294 0.0672309960872696 0.231683576777052
0.14617 0.0311702540152769 0.0848998887572021 0.207440111242798 0.0318691696687705 0.0835415056782069 0.208798494321793 0.0375418318063581 0.0724878979426832 0.219852102057317
0.1299 0.0284803710805253 0.0739351819631744 0.185864818036826 0.0290847963184276 0.072759369621522 0.187040630378478 0.0358486877986409 0.0595656076688227 0.200234392331177
0.16413 0.0222159391578055 0.120547867867174 0.207712132132826 0.0234052009746406 0.118222711433414 0.210037288566586 0.0317904984651596 0.101808231551638 0.226451768448362
0.15135 0.0287528674366427 0.0948685975296686 0.207831402470331 0.029555636786054 0.093305280900095 0.209394719099905 0.0348537393378264 0.082966811261111 0.219733188738889
0.14195 0.0247941417805329 0.0932676591986982 0.190632340801302 0.0256067925877718 0.0916829063225213 0.192217093677479 0.0317737266720976 0.0796334812744775 0.204266518725523
0.14747 0.0255601531223542 0.0972959310511871 0.197644068948813 0.0264095896908337 0.0956382807274146 0.199301719272585 0.0334036702719655 0.0819655051837676 0.212974494816232
0.15913 0.0257165528942706 0.10865277465089 0.20960722534911 0.0266950829323271 0.106742716135286 0.211517283864714 0.0341884959125701 0.0920904401117694 0.226169559888231
0.17599 0.0242837196346952 0.128344176792985 0.223635823207015 0.0255368745013262 0.125895137314176 0.226084862685824 0.0321987552445197 0.112859905615645 0.239120094384355
0.12557 0.0217324407234667 0.0829223251780885 0.168217674821911 0.022455664314355 0.0815097860610985 0.169630213938901 0.0312243626003638 0.0643535632325239 0.186786436767476
0.103908163265306 0.0430209496831662 0.0192210681079966 0.188595258422616 0.0433065818324289 0.0186685050463125 0.1891478214843 0.0480906107918728 0.00938954540001882 0.198426781130593
0.17507 0.0218983220325028 0.132115997019737 0.218024002980263 0.0232632428487345 0.129446459855739 0.220693540144261 0.0311836038302053 0.113939464452211 0.236200535547789
0.12255 0.0249664538931743 0.0735309649632015 0.171569035036798 0.0255738636111167 0.0723464378321555 0.172753562167845 0.0335759518107827 0.0567071577071877 0.188392842292812
0.11384 0.0264684622801814 0.061861247425183 0.165818752574817 0.02696821639407 0.0608873005736777 0.166792699426322 0.034866343305219 0.0454588660377054 0.182221133962295
0.12186 0.0221944687029229 0.0783043419678678 0.165415658032132 0.0228635036904895 0.0769977783725448 0.166722221627455 0.0313291666184248 0.0604363192454884 0.183283680754512
0.1593 0.0224306343912958 0.115291098191643 0.203308901808357 0.0235435307291829 0.113116043150674 0.205483956849326 0.0304539534247358 0.0995931143394823 0.219006885660518
0.14639 0.0261133136435657 0.0951189980070955 0.197661001992905 0.0269349213744395 0.0935166666405828 0.199263333359417 0.034209033155692 0.0793016083803732 0.213478391619627
0.17834 0.0265019238364911 0.126303976027083 0.230376023972917 0.0276896552350363 0.123987575565297 0.232692424434703 0.0337889610233161 0.112069928739278 0.244610071260722
0.19066 0.0223130609789705 0.146893557872302 0.234426442127698 0.0238940505199779 0.143801126882458 0.237518873117542 0.030970561025775 0.129946240265732 0.251373759734268
0.17495 0.027130806819803 0.121678308451922 0.228221691548078 0.0282504909460609 0.119494791567945 0.230405208432055 0.0335103631537091 0.109219847032946 0.240680152967054
0.15721 0.0238442366834226 0.110413758124561 0.204006241875439 0.0248697547839756 0.108411195735644 0.206008804264356 0.0315461367367714 0.0953537872187901 0.21906621278121
0.1615 0.0235813141083226 0.115225705238902 0.207774294761098 0.024672515377954 0.113094076642362 0.209905923357638 0.0312587711702712 0.100210010597889 0.222789989402111
0.14863 0.0244396040748758 0.100650513513971 0.196609486486029 0.0253395021130385 0.0988948560409017 0.198365143959098 0.03365495397912 0.0826373833564576 0.214622616643542
0.15087 0.0265477889018632 0.098735316569013 0.203004683430987 0.0274062039614736 0.0970621602955163 0.204677839704484 0.0345386863614974 0.0831291688204975 0.218610831179502
0.14039 0.0244825027808037 0.0923209768451875 0.188459023154813 0.02528732058586 0.0907513651874799 0.19002863481252 0.0329105560939353 0.0758518733610292 0.204928126638971
0.12843 0.0258391385830404 0.0776831889089393 0.179176811091061 0.0264842111967407 0.076426234362288 0.180433765637712 0.0340385528880646 0.0616706526174146 0.195189347382585
0.12635 0.0214868469314433 0.0841895316109101 0.16851046838909 0.022226216750839 0.0827449375977138 0.169955062402286 0.0300259306442827 0.0674830394124667 0.185216960587533
0.13078 0.0278369427002046 0.0761056823580595 0.18545431764194 0.0284605723571131 0.0748907991447299 0.18666920085527 0.034690559218532 0.0627284509179246 0.198831549082075
0.13268 0.0245953394531173 0.0843911496419902 0.18096885035801 0.0253135331949941 0.082990385114886 0.182369614885114 0.0328768806734165 0.0682078414378654 0.197152158562135
0.137939698492462 0.0465767894141044 0.0462435142764904 0.229635882708434 0.0470224832951367 0.0453815087426973 0.230497888242227 0.0513062332804929 0.0370769876358214 0.238802409349103
0.1285 0.0253176090228356 0.0787839081565309 0.178216091843469 0.0259752829942845 0.0775019038598345 0.179498096140165 0.0335688767556075 0.062665725554004 0.194334274445996
0.16006 0.0251398318636114 0.110708509966721 0.209411490033279 0.0261512681553047 0.108734888141212 0.211385111858788 0.0325710095964287 0.0961860146336024 0.223933985366398
0.133286432160804 0.0241795756878993 0.0858046281341816 0.180768236187426 0.024916451771652 0.0843682071542362 0.182204657167372 0.0330281192980534 0.0685169650858978 0.19805589923571
0.14199 0.0214686397558118 0.0998692437271442 0.184110756272856 0.022396399107107 0.0980559996538517 0.185924000346148 0.0316160783931977 0.0800101735422612 0.203969826457739
0.16558 0.0240807233734985 0.118316855604752 0.212843144395248 0.0252044448102107 0.116122828757191 0.215037171242809 0.0323588485300536 0.102130732702122 0.229029267297878
0.14325 0.0220413252731998 0.100001237718257 0.186498762281743 0.0229624576167055 0.0982014711175799 0.18829852888242 0.0315877928921758 0.0813225798549694 0.205177420145031
0.161 0.0244450157943481 0.113021726281841 0.208978273718159 0.0254944589506412 0.110972796883908 0.211027203116092 0.0323407012475909 0.0975845169287395 0.224415483071261
0.16571 0.0290079479266385 0.108735581653657 0.222684418346343 0.0299559790845596 0.106888527701702 0.224531472298298 0.0360528257271822 0.0949853899660214 0.236434610033979
0.16601 0.0248987092822017 0.117144778893659 0.214875221106341 0.0259930160604651 0.115007814787999 0.217012185212001 0.0333402310117911 0.100637445758972 0.231382554241028
0.14164 0.0236919309462061 0.0951285281345446 0.188151471865455 0.0245358511562122 0.0934820788504056 0.189797921149594 0.0320461765575833 0.078799915597568 0.204480084402432
0.13971 0.0248904309860912 0.0908396910418902 0.18858030895811 0.0256754948282086 0.0893086564741489 0.190111343525851 0.0334775356720498 0.0740599487869204 0.20536005121308
0.11479 0.0251576204964863 0.0653918013954334 0.164188198604567 0.0256894123919802 0.0643550052070868 0.165224994792913 0.0333040182116997 0.0494765044621016 0.180103495537898
0.12003 0.0405191545361155 0.0402849351516588 0.199775064848341 0.040905913561753 0.0395361932883599 0.20052380671164 0.045854328087124 0.029930535648761 0.210129464351239
0.14862 0.0264397444775891 0.096696159466736 0.200543840533264 0.0272768401403132 0.0950646888556278 0.202175311144372 0.0331408679433747 0.0836129051138288 0.213627094886171
0.11151 0.0236131823778594 0.065148719624075 0.157871280375925 0.0241462316316656 0.0641091743250974 0.158910825674903 0.0318265571812292 0.0490983406108046 0.173921659389195
0.18165 0.0277309900716105 0.127183735660204 0.236116264339796 0.0289118759396854 0.124882741436754 0.238417258563246 0.0350418157399379 0.112912616480631 0.250387383519369
0.14275 0.0254907860720862 0.0927014028243241 0.192798597175676 0.0262911660938206 0.091140459851484 0.194359540148516 0.0332047854167568 0.0776302399459309 0.207869760054069
0.15874 0.0251602278792278 0.109340726288911 0.208139273711089 0.02615540072212 0.107399704633464 0.210080295366535 0.0332817227158492 0.0934718518848961 0.224008148115104
0.12578 0.027262114939138 0.072224748272372 0.179335251727628 0.0278525867910823 0.0710750921754908 0.180484907824509 0.0347227653126126 0.057665430169183 0.193894569830817
0.1739 0.0295199893233084 0.115902740337749 0.231897259662251 0.0305449820698628 0.113907372187771 0.233892627812229 0.0361962971814555 0.102881182517578 0.244918817482422
0.15722 0.0243934367480663 0.109346834414626 0.205093165585374 0.0253973163224367 0.107386446065905 0.207053553934095 0.0327163995021138 0.093070983261654 0.221369016738346
0.1512 0.0298261348754417 0.0925917348158858 0.209808265184114 0.030601704553963 0.0910828070941522 0.211317192905848 0.0368214144433377 0.0789516846445597 0.22344831535544
0.09295 0.0407203241995269 0.012816159845208 0.173083840154792 0.0409646076865698 0.0123431552852909 0.173556844714709 0.0459312721673869 0.002701308148554 0.183198691851446
0.16271 0.0225971719336068 0.118374113349507 0.207045886650493 0.0237486837403041 0.116123604841807 0.209296395158193 0.0324160259655157 0.0991601037336086 0.226259896266391
0.14474 0.0275143481691985 0.0906954463457406 0.198784553654259 0.0282813478316695 0.0892014755386396 0.20027852446136 0.0343808701922432 0.0772946250218791 0.212185374978121
0.18191 0.0230532334034026 0.136689082541113 0.227130917458887 0.0244544918236253 0.133948741305706 0.229871258694294 0.0317180436085166 0.119729421562519 0.244090578437481
0.11602 0.0243980749137609 0.0681166341151239 0.163923365884876 0.0249563679147725 0.0670279250855458 0.165012074914454 0.0328383163316496 0.0516236655810925 0.180416334418908
0.14897 0.0235203315128074 0.102814899313286 0.195125100686714 0.0244556699861681 0.100987871791541 0.196952128208459 0.0325787831950851 0.0850956673745149 0.212844332625485
0.16562 0.0208962211774638 0.124635674961457 0.206604325038543 0.0221766611440381 0.122130716663569 0.209109283336431 0.0305180258125831 0.10579662939092 0.22544337060908
0.14308 0.0332604745340645 0.077695978304405 0.208464021695595 0.0338930029096148 0.0764669826382158 0.209693017361784 0.0394488200866788 0.0656452145365749 0.220514785463425
0.15048 0.0224691575186519 0.106393292578691 0.194566707421309 0.0234643201392665 0.104448664877167 0.196511335122833 0.0308193640362352 0.0900565824018167 0.210903417598183
0.13418 0.0276427448040441 0.0798697392281405 0.18849026077186 0.0283034354858471 0.0785838295598425 0.189776170440157 0.0353611546799805 0.0648106964096467 0.203549303590353
0.1968 0.0295248555947264 0.138809666571494 0.254790333428506 0.0308252425438868 0.136275870781049 0.257324129218951 0.0358522687969597 0.126462406229289 0.267137593770711
0.11707 0.0271447507108792 0.0637538489424551 0.170386151057545 0.0276606422766316 0.0627489646597868 0.171391035340213 0.0349636698753975 0.0484894624580601 0.18565053754194
0.14081 0.031773706428445 0.0783373031480064 0.203282696851994 0.0324139497778504 0.0770939598991813 0.204526040100819 0.0378834098280633 0.0664436105275823 0.215176389472418
0.14431 0.0255762019194234 0.0941051018271388 0.194514898172861 0.0263901690904609 0.0925166270154522 0.196103372984548 0.0330977199308822 0.0794044117221403 0.20921558827786
0.0811167512690355 0.0419096312562102 -0.00136118011284368 0.163594682650915 0.0420999272236254 -0.00172958608165806 0.163963088619729 0.0465215366768192 -0.0103095108471026 0.172543013385174
0.19227 0.0319750742700133 0.129428806377686 0.255111193622314 0.0331314927911929 0.127179630565853 0.257360369434147 0.0381765395835304 0.11734490583744 0.26719509416256
0.10556 0.0312527154454388 0.0441088173430626 0.167011182656937 0.03162945055978 0.043377413487431 0.167742586512569 0.037317284771451 0.0323039418316679 0.178816058168332
0.17322 0.0204380086453386 0.133144783335944 0.213295216664056 0.021861927577113 0.130357148437024 0.216082851562976 0.0301565720430379 0.114108772858971 0.232331227141029
0.1542 0.0294933657202351 0.0962433142178255 0.212156685782175 0.0303074298070215 0.0946596388861086 0.213740361113891 0.0370959671865762 0.0814175942921846 0.226982405707815
0.12481 0.0256011021139176 0.0745431841793603 0.17507681582064 0.0262159109978508 0.0733443497717302 0.17627565022827 0.0340913354013485 0.0579543204154038 0.191665679584596
0.15125 0.0236817875382123 0.104776669975 0.197723330025 0.0246390482974693 0.10290696996744 0.19959303003256 0.0318540813869279 0.0887933846544136 0.213706615345586
0.173758793969849 0.030477029081127 0.113886076711335 0.233631511228364 0.0314700855819695 0.111952489316677 0.235565098623021 0.0367557153126493 0.101639860825988 0.24587772711371
0.15848 0.0233449585445602 0.112672011549759 0.204287988450241 0.024406726315654 0.110597577744066 0.206362422255934 0.0319972731564306 0.0957460426818596 0.22121395731814
0.15585 0.0212444674465007 0.114179097483798 0.197520902516202 0.0223657308641016 0.11198611420291 0.19971388579709 0.0310101434547702 0.0950607884038914 0.216639211596109
0.1483 0.0246040043070167 0.100016378202699 0.196583621797301 0.0254928928907588 0.0982803240764179 0.198319675923582 0.0325578265235826 0.0844616755782948 0.212138324421705
0.12197 0.0258798036562574 0.071141011842641 0.172798988157359 0.0264630375672641 0.0700047348142198 0.17393526518578 0.0334374400528275 0.0563849690582945 0.187555030941706
0.18997 0.0240516523758774 0.14278291526315 0.23715708473685 0.0255170786339277 0.139918335214233 0.240021664785767 0.0319864906172911 0.127257784136577 0.252682215863423
0.12749 0.0321146234744317 0.064344833238154 0.190635166761846 0.0326394895931986 0.0633257254395417 0.191654274560458 0.0377884617430311 0.0533023810521288 0.201677618947871
0.18832 0.0325799190487965 0.124278774804194 0.252361225195806 0.0336724137125055 0.122155084273878 0.254484915726122 0.0387348360681458 0.112290741205526 0.264349258794474
0.15247 0.0238387305844795 0.105686929142778 0.199253070857222 0.0248051622828676 0.103799512944013 0.201140487055987 0.0318248298641076 0.0900692765852523 0.214870723414748
0.14611 0.0248108936622929 0.0974028422890704 0.19481715771093 0.025669144207036 0.0957283495014722 0.196491650498528 0.0332585093520682 0.0808918820885726 0.211328117911427
0.14684 0.0251120523707513 0.0975480110665954 0.196131988933405 0.0259683741168244 0.0958766754802511 0.197803324519749 0.0327541053040891 0.0826101446309496 0.21106985536905
0.1041 0.0251349887506935 0.0547505836442369 0.153449416355763 0.0255755723200379 0.0538914204093197 0.15430857959068 0.0326261278655235 0.0401148028046704 0.16808519719533
0.14092 0.0240762902783597 0.0936713386914993 0.188168661308501 0.0248979740856127 0.0920666229634465 0.189773377036554 0.0327495086004025 0.0767083239396003 0.2051316760604
0.0813 0.0824857300258017 -0.0812685768934542 0.243868576893454 0.082643605789495 -0.0815728252772295 0.24417282527723 0.0849477904238212 -0.0860176604862541 0.248617660486254
0.17617 0.0224405252874321 0.132147041865155 0.220192958134845 0.0237915097288062 0.129505656056404 0.222834343943596 0.0311778635441218 0.115047479786866 0.237292520213134
0.09374 0.0256216634312631 0.0434114006830579 0.144068599316942 0.0259774324555935 0.0427186194960791 0.144761380503921 0.0340683154409625 0.0269201557360027 0.160559844263997
0.16148 0.0235048755169077 0.115356773873928 0.207603226126072 0.024599044962464 0.11321920631191 0.20974079368809 0.031570247592715 0.0995809705408617 0.223379029459138
0.18085 0.0256628308049721 0.130476788624776 0.231223211375224 0.0269191286063391 0.128024523199295 0.233675476800705 0.0327838448770827 0.11655890920993 0.24514109079007
0.11787 0.0297947735408705 0.0593193667323786 0.176420633267621 0.0302765746139116 0.0583823108238705 0.177357689176129 0.0366376141465538 0.0459789183991383 0.189761081600862
0.14898 0.0775847877593172 -0.00389811049392585 0.301858110493926 0.077941944623279 -0.00458689949192728 0.302546899491927 0.0800617882117199 -0.0086791787129665 0.306639178712967
0.14102 0.0241653885135342 0.0935934453307851 0.188446554669215 0.0249856118998525 0.0919918745382013 0.190048125461799 0.0322449438208543 0.0777944666432734 0.204245533356727
0.13105 0.023797604754687 0.0843390316935609 0.177760968306439 0.0245198880923283 0.0829292711323051 0.179170728867695 0.0323359687045294 0.0676453813615027 0.194454618638497
0.10676 0.0318309617294721 0.0441879413101769 0.169332058689823 0.0322087336699709 0.0434539625277514 0.170066037472249 0.0378771726059789 0.0324127533999026 0.181107246600097
0.161668341708543 0.0497365851675662 0.0637393111694504 0.259597372247635 0.0503014349337261 0.0626472056931751 0.26068947772391 0.0539593666647806 0.0555602203451266 0.267776463071959
0.16865 0.0234092254395226 0.122720254527677 0.214579745472323 0.0246034476380525 0.120386355933449 0.216913644066551 0.0318774377213476 0.106152174938684 0.231147825061316
0.153 0.0238395636785137 0.106216302528419 0.199783697471581 0.0248124016649318 0.104316257216466 0.201683742783534 0.0325814437430558 0.0891184478218545 0.216881552178146
0.15358 0.0255628240825496 0.103396482770619 0.203763517229381 0.0264820583617546 0.101603008000698 0.205556991999302 0.0331867114230286 0.0884981223560835 0.218661877643916
0.09883 0.0342268631884167 0.0315254970281297 0.16613450297187 0.034535744435564 0.0309260045779221 0.166733995422078 0.0394911676671961 0.0212850039986984 0.176374996001302
0.14769 0.0258005560163685 0.0970317129704641 0.198348287029536 0.0266459424819947 0.0953831122220978 0.199996887777902 0.0335330972436751 0.0819253332451412 0.213454666754859
0.15577 0.0240120790813508 0.10863403173863 0.20290596826137 0.025013701481569 0.10667934398641 0.20486065601359 0.0332792659445644 0.090516387020064 0.221023612979936
0.14203 0.0243207947358411 0.0942913774203593 0.189768622579641 0.0251480459794179 0.0926767604401295 0.191383239559871 0.0332410483676871 0.0768510648382058 0.207208935161794
0.15056 0.0249661925461464 0.101547942654988 0.199572057345012 0.0258705170078075 0.0997835347877125 0.201336465212288 0.0330140680657694 0.0858193920441848 0.215300607955815
0.10872 0.0310921775681545 0.0475949980293889 0.169845001970611 0.031491516094492 0.0468193014665378 0.170620698533462 0.0383567838319331 0.0334434740801128 0.183996525919887
0.134 0.0444794792909039 0.0464523053165358 0.221547694683464 0.0449176980486528 0.0456041796083511 0.222395820391649 0.0486923270956518 0.0382834833943039 0.229716516605696
0.11494 0.0375272491363102 0.0411093967327126 0.188770603267287 0.0379066372517887 0.0403741293551666 0.189505870644833 0.0426280802727345 0.0312007372165607 0.198679262783439
0.14416 0.0245384918262213 0.0959892463616656 0.192330753638334 0.0253832586778279 0.0943409042138774 0.193979095786123 0.032321505860735 0.0807777056150397 0.20754229438496
0.15089 0.0281448945627755 0.095590472214399 0.206189527785601 0.0289598012760749 0.0940045230246124 0.207775476975388 0.0348923609110898 0.0824306668650379 0.219349333134962
0.13502 0.023364406894842 0.0891654898123053 0.180874510187695 0.0241425414889928 0.0876461038195017 0.182393896180498 0.0324338993885678 0.071427901273879 0.198612098726121
0.144653266331658 0.0238559685286364 0.0978264022641311 0.191480130399185 0.0247288031817373 0.0961228463811322 0.193183686282184 0.0309405008237296 0.0839789327538713 0.205327599909445
0.1554 0.0214034928911077 0.11341195749264 0.19738804250736 0.0225112769060242 0.11124607985226 0.19955392014774 0.0298804536100056 0.0968214421123674 0.213978557887633
0.12006 0.0246305204306246 0.0716963817615093 0.168423618238491 0.025222032762714 0.0705431467954902 0.16957685320451 0.0328841696973394 0.0555709918629265 0.184549008137073
0.13307 0.0271546487149838 0.0797223651315046 0.186417634868495 0.0278154321705447 0.0784360115791578 0.187703988420842 0.0345300979847172 0.0653313025277106 0.200808697472289
0.11278 0.0302428663792665 0.0533536738152101 0.17220632618479 0.0306796637340465 0.0525039618656356 0.173056038134364 0.0365459032838726 0.0410656631666738 0.184494336833326
0.18271 0.0246262568722429 0.134382391047733 0.231037608952267 0.0259569953488012 0.131783117690572 0.233636882309428 0.0324515104045665 0.119079558776881 0.246340441223119
0.1572 0.0225013926001197 0.113050630541198 0.201349369458802 0.0235829978786566 0.110936964510643 0.203463035489357 0.0312682297059607 0.0958977265111425 0.218502273488857
0.13906 0.0240669276442 0.0918210758719318 0.186298924128068 0.0248687121948676 0.0902560426491311 0.187863957350869 0.0321934410436529 0.0759333773371949 0.202186622662805
0.15074 0.0214410059577999 0.108675251518364 0.192804748481636 0.022483925290803 0.10663663773146 0.19484336226854 0.0300340849116868 0.0918593148915393 0.209620685108461
0.10919 0.0325569093223407 0.0451744124539941 0.173205587546006 0.0329442107907158 0.0444224974483843 0.173957502551616 0.0393875729719808 0.0318760747543269 0.186503925245673
0.1325 0.0292211396253641 0.0750896776823996 0.1899103223176 0.0298337091392442 0.0738974115804383 0.191102588419562 0.0365018054485669 0.0608871056451937 0.204112894354806
0.12835 0.0221011367610504 0.0849874516092139 0.171712548390786 0.022843111130725 0.0835374688013181 0.173162531198682 0.0317154196902808 0.0661736641477033 0.190526335852297
0.14559 0.0254279229119897 0.0956612370414431 0.195518762958557 0.0262616226387116 0.0940356233093393 0.197144376690661 0.0341542697714076 0.0786113760682687 0.212568623931731
0.16755 0.0218349500599521 0.124721232158435 0.210378767841565 0.0230921485384232 0.122262282444755 0.212837717555245 0.0315694017067255 0.105664180079677 0.229435819920323
0.1474 0.0259084536600561 0.096524262971574 0.198275737028426 0.026747751514011 0.0948880543871528 0.199911945612847 0.0337419556495363 0.0812235296363024 0.213576470363698
0.139125628140704 0.0280256566030393 0.084081034417694 0.194170221863713 0.0287238531466318 0.082720821329456 0.195530434951951 0.0357183724650084 0.0690632722663429 0.209187984015064
0.13419 0.0235261281478305 0.0880040206503386 0.180375979349661 0.024291175879898 0.0865114897911665 0.181868510208834 0.0321538113701648 0.0711401031402923 0.197239896859708
0.14701 0.0249529282458032 0.0980255656446847 0.195994434355315 0.0258166943670215 0.0963401596858665 0.197679840314134 0.0321117422143396 0.0840357695939268 0.209984230406073
0.14793 0.0245057716860671 0.0998386521718482 0.196021347828152 0.025393741077865 0.0981044428762287 0.197755557123771 0.032628105153834 0.0839543017236727 0.211905698276327
0.15388 0.0231570713208904 0.108442726524929 0.199317273475071 0.0241673505407772 0.106468665016277 0.201291334983723 0.03165680388417 0.0918141515229363 0.215945848477064
0.14116 0.0272344285434898 0.0876794030101928 0.194640596989807 0.0279712212477477 0.0862431912279597 0.19607680877204 0.0341354516315582 0.0742039513876419 0.208116048612358
0.117373737373737 0.0781586536187971 -0.0366459141831461 0.271393388930621 0.0784070555997759 -0.0371248399522174 0.271872314699692 0.0805605639803772 -0.0412809328767754 0.27602840762425
0.15478 0.0256470547605265 0.104419390567496 0.205140609432504 0.0265782613782288 0.102603747149168 0.206956252850832 0.0338261315832811 0.0884413808970784 0.221118619102922
0.13139 0.025941289912253 0.0804378044372664 0.182342195562734 0.0266132403572274 0.0791288167920805 0.18365118320792 0.0347927481281884 0.0631526835182119 0.199627316481788
0.16196 0.02541514695756 0.112088077906302 0.211831922093698 0.0264377868755002 0.110090351239757 0.213829648760243 0.0327961939083542 0.0976531346952363 0.226266865304764
0.14746 0.0251248936036148 0.0981359515914303 0.19678404840857 0.0259883689098213 0.0964513134297887 0.198468686570211 0.0332815305927021 0.0821949476984978 0.212725052301502
0.1861 0.0250565785983497 0.136930692159632 0.235269307840368 0.0264131068042984 0.134280634934798 0.237919365065202 0.0326347515856223 0.122110235897344 0.250089764102656
0.13533 0.0514361566209967 0.0340379016541717 0.236622098345828 0.0518355716466955 0.0332661185713162 0.237393881428684 0.0554204991671827 0.0263252716460564 0.244334728353944
0.09551 0.032997779789787 0.0306223916626759 0.160397608337324 0.0332968814013456 0.0300418796731456 0.160978120326854 0.0396078874853895 0.0177569221805343 0.173263077819466
0.1535 0.0220493894672709 0.110241888039842 0.196758111960158 0.0231016271262307 0.108185041130856 0.198814958869144 0.0310972547965154 0.0925355029330811 0.214464497066919
0.11771 0.0246741113753019 0.0692537858261245 0.166166214173876 0.0252430293776481 0.0681450775832254 0.167274922416775 0.0329306740313769 0.0531268014280613 0.182293198571939
0.16629 0.027601257878626 0.112088050245821 0.220491949754179 0.0286004090264879 0.110140345328265 0.222439654671735 0.0351667103449045 0.0973140589632749 0.235265941036725
0.15051 0.0242821733502804 0.102852512268367 0.198167487731633 0.0252088203336266 0.101043268360974 0.199976731639026 0.0320751595882712 0.0876155354664073 0.213404464533593
0.17585 0.0253271953643732 0.126144328265391 0.225555671734609 0.0265311798649273 0.123793064586575 0.227906935413425 0.0334931065299283 0.110176513892133 0.241523486107867
0.11581 0.0328840471671364 0.0511455959606028 0.180474404039397 0.0333130562706344 0.0503129051904229 0.181307094809577 0.0390687107298213 0.0391100116396365 0.192509988360364
0.14911 0.0319795654431021 0.0862407730229454 0.211979226977055 0.0326892839617152 0.0848619309667363 0.213358069033264 0.0376739608473764 0.0751540860760752 0.223065913923925
0.125777777777778 0.0386035909153516 0.0498260707002476 0.201729484855308 0.039041050387998 0.0489783539670257 0.20257720158853 0.0442168519824352 0.0389216224857148 0.212633933069841
0.12443 0.0258361291440055 0.0737006852913949 0.175159314708605 0.0264422149062012 0.0725189365972311 0.176341063402769 0.0333644704610418 0.0589944327670856 0.189865567232914
0.14624 0.0221896347842703 0.102700017068785 0.189779982931215 0.0231424279594708 0.100838402156148 0.191641597843852 0.0315850833758484 0.0843173641769587 0.208162635823041
0.10202 0.0259344728888038 0.051069544990104 0.152970455009896 0.0263484573366279 0.0502637262444165 0.153776273755583 0.033644614487613 0.0360229683114646 0.168017031688535
0.14469 0.0259709060663957 0.0936992907255519 0.195680709274448 0.0267782090870459 0.0921248019790487 0.197255198020951 0.0335958944204429 0.0788023406739059 0.210577659326094
0.17551 0.0207475101830068 0.134825155632472 0.216194844367528 0.02218810173931 0.132005384172566 0.219014615827434 0.0301689757664056 0.116373238219163 0.234646761780837
0.13055 0.0276401395923287 0.076257902389233 0.184842097610767 0.0282660544944535 0.0750388459062385 0.186061154093762 0.0352225739644822 0.0614578754522021 0.199642124547798
0.15912 0.0226907359131741 0.114597035323743 0.203642964676257 0.0237896123608899 0.11244989089589 0.20579010910411 0.0311840724774909 0.0979811169215117 0.220258883078488
0.18045 0.0308254562768074 0.119879273573482 0.241020726426518 0.0318833723855142 0.117820660995348 0.243079339004652 0.0369636821038349 0.107913348177836 0.252986651822164
0.11848 0.0259802508372771 0.0674471387705744 0.169512861229426 0.0265302301830919 0.066376070240354 0.170583929759646 0.0339658486360615 0.0518578845130319 0.185102115486968
0.1194 0.0243225330603612 0.071641853700297 0.167158146299703 0.0249146321360032 0.070487420633496 0.168312579366504 0.033166723300205 0.0543602052171695 0.18443979478283
0.10171 0.0721925430140411 -0.040524691138407 0.243944691138407 0.072401639945751 -0.0409280782458201 0.24434807824582 0.0748323442559043 -0.0456225773434153 0.249042577343415
0.17207 0.0228420182182181 0.127259163122515 0.216880836877485 0.0241117431199282 0.124776741836027 0.219363258163973 0.0314044601335767 0.110502506044752 0.233637493955248
0.17488 0.0394308784186242 0.0973176358598408 0.252442364140159 0.0402284597376574 0.0957707600525364 0.253989239947464 0.0447102253725512 0.0870582780623959 0.262701721937604
0.17829 0.0230524178938733 0.13306721805815 0.22351278194185 0.0244007018496143 0.130431044253316 0.226148955746684 0.0298587603686719 0.119749106562641 0.236830893437359
0.1539 0.0246023758953986 0.105608902435952 0.202191097564048 0.0255585199042999 0.103742616968211 0.204057383031789 0.0332085064358289 0.0887835502711602 0.21901644972884
0.1343 0.0242058700551256 0.0867753788398969 0.181824621160103 0.0249522549106414 0.0853196454225582 0.183280354577442 0.0332199588369045 0.0691583971972178 0.199441602802782
0.1483 0.0244616973241821 0.100278848985531 0.196321151014469 0.0253568372629534 0.0985323025531655 0.198067697446835 0.0320278865362655 0.0854921791155737 0.211107820884426
0.10337 0.0239131110418216 0.0564163007102826 0.150323699289717 0.0243685214918446 0.0555283925046039 0.151211607495396 0.0326708089844511 0.039303156026975 0.167436843973025
0.09652 0.0275692952868416 0.0423734355351752 0.150666564464825 0.0279208689444484 0.0416885426648898 0.15135145733511 0.0347961935075241 0.0282652065279162 0.164774793472084
0.15603 0.0292239546971436 0.0986209874439015 0.213439012556099 0.0300627099267631 0.096987757335161 0.215072242664839 0.0354698171427582 0.0864371934664175 0.225622806533582
0.13139 0.0264539091372753 0.0794301246283329 0.183349875371667 0.0271137940658112 0.0781447149578894 0.184635285042111 0.0340660339435517 0.0645698132286678 0.198210186771332
0.14979 0.0220749512493984 0.106484516451355 0.193095483548645 0.0230770585791022 0.104525337068121 0.195054662931879 0.0304479758385236 0.0900980686924776 0.209481931307522
0.16855 0.024412777807974 0.12063793014693 0.21646206985307 0.0255608012452956 0.118396087405154 0.218703912594846 0.0326109987627105 0.104606831375629 0.232493168624371
0.181949748743719 0.0244987039232958 0.133875133322117 0.23002436416532 0.0258249110668314 0.131284316377715 0.232615181109722 0.0329575899471933 0.117330240748175 0.246569256739262
0.14994 0.0238032398960255 0.103228424872201 0.196651575127799 0.024739957751535 0.101398851442111 0.198481148557889 0.0317207009624273 0.0877440462945604 0.21213595370544
0.13055 0.0342136127203323 0.0632827931083593 0.197817206891641 0.0347320827964129 0.0622759004647354 0.198824099535265 0.0403738025875305 0.0512913418027025 0.209808658197298
0.13712 0.0284004678353426 0.081313652512549 0.192926347487451 0.0290727544836455 0.0800056803351649 0.194234319664835 0.0358860164028599 0.0667141968120489 0.207525803187951
0.128442211055276 0.0527799327528132 0.0244863819156109 0.232398040194942 0.0531380564199044 0.0237947599165164 0.233089662194036 0.0568231559325527 0.016663430395193 0.24022099171536
0.14373 0.021867986378293 0.100823640411099 0.186636359588901 0.0228018101965876 0.0989987967516587 0.188461203248341 0.0307062643159536 0.0835302640079153 0.203929735992085
0.1393 0.0254880432703011 0.0892616376778799 0.18933836232212 0.0262510942581208 0.0877731042657956 0.190826895734204 0.0335721269768352 0.0734636835932366 0.205136316406763
0.14423 0.0259904376404807 0.0931853955133242 0.195274604486676 0.026793332169473 0.091620869830098 0.196839130169902 0.0329781777656637 0.0795429749094891 0.208917025090511
0.15444 0.0231049611936223 0.109107054383206 0.199772945616794 0.0241243435508367 0.107114946470633 0.201765053529367 0.0323492644701358 0.0910191116510865 0.217860888348913
0.14675 0.0319925938053163 0.0838576278516556 0.209642372148344 0.0326805474004332 0.08252093295404 0.21097906704596 0.0380891162721316 0.0719854397594492 0.221514560240551
0.10777 0.0276244651982158 0.05351189661034 0.16202810338966 0.0280576620103571 0.052668111806907 0.162871888193093 0.035346975506929 0.038436309281125 0.177103690718875
0.13593 0.0225037887262384 0.0917639018927123 0.180096098107288 0.0233205125808841 0.0901691952004485 0.181690804799552 0.0306487589803433 0.0758360122482677 0.196023987751732
0.14797 0.0263352071527621 0.0962528128535325 0.199687187146467 0.0271682177512419 0.0946291828017465 0.201310817198253 0.0332489496943722 0.0827530625020586 0.213186937497941
0.11828 0.0277650488218624 0.0637401269172967 0.172819873082703 0.0282807640646501 0.0627358812644603 0.17382411873554 0.0353192561654461 0.0489966441464775 0.187563355853523
0.13857 0.0312045673454397 0.0772444426075261 0.199895557392474 0.0318341568635967 0.0760201414896351 0.201119858510365 0.0378320750582899 0.0643276302738186 0.212812369726181
0.15828 0.0223477004044451 0.114433863599555 0.202126136400445 0.0234506518750937 0.112278241303703 0.204281758696297 0.0312105602860127 0.0970917539371258 0.219468246062874
0.1313 0.0279865766244423 0.0763169433230799 0.18628305667692 0.0286128682790764 0.0750978334203603 0.18750216657964 0.0352016952880934 0.0622405202006818 0.200359479799318
0.14626 0.0333406636777429 0.0806967871839292 0.211823212816071 0.0340000955068124 0.0794167411123579 0.213103258887642 0.0396242028875328 0.0684690989226839 0.224050901077316
0.18118 0.0240775320360024 0.13394470476871 0.22841529523129 0.0254131892714142 0.131333480628869 0.231026519371131 0.0318291129148257 0.118776963968691 0.243583036031309
0.15143 0.0231360818792556 0.106033572133423 0.196826427866577 0.0241162568555657 0.104118387362898 0.198741612637102 0.031906806244493 0.0888745551128946 0.213985444887105
0.12566 0.0271088500522575 0.0724168237631044 0.178903176236896 0.02770057456364 0.0712640329847622 0.180055967015238 0.0338707766541569 0.0592177564126381 0.192102243587362
0.11982 0.0271306435288855 0.0665104621640767 0.173129537835923 0.0276717194675621 0.0654577305607646 0.174182269439235 0.03582263164944 0.0495506202253523 0.190089379774648
0.10608 0.0283786411650005 0.0503009484862716 0.161859051513728 0.0287913402670292 0.049498791546109 0.162661208453891 0.0364055775173511 0.0346517014564276 0.177508298543572
0.12152 0.0226997475646203 0.0769595808159259 0.166080419184074 0.0233523082263293 0.0756862799194924 0.167353720080508 0.0319507755695771 0.0588726530604511 0.184167346939549
0.15061 0.0254784637660789 0.100585858771816 0.200634141228184 0.0263667835709894 0.0988533280156056 0.202366671984394 0.0325941251743224 0.0866850496711552 0.214534950328845
0.14972864321608 0.0235500213519698 0.103510422671352 0.195946863760809 0.0244939013668851 0.101667248771968 0.197790037660193 0.0325555507953372 0.0858978575175672 0.213559428914594
0.15336 0.0250827686513288 0.104121019119244 0.202598980880756 0.026015730687722 0.102300520526195 0.204419479473805 0.033496383136334 0.0876757226260563 0.219044277373944
0.10591 0.0259193766462206 0.0550107344192359 0.156809265580764 0.0263628004151426 0.0541465247729799 0.15767347522702 0.033029649797245 0.0411256677532805 0.17069433224672
0.09032 0.0268983420086456 0.0374621860177782 0.143177813982222 0.0272171813899616 0.0368420824735157 0.143797917526484 0.0348952318062808 0.0218634867296451 0.158776513270355
0.11299 0.0273173585857144 0.0593403345434068 0.166639665456593 0.0277961169968127 0.0584075158947825 0.167572484105218 0.0356198955655474 0.0431273538545017 0.182852646145498
0.11307 0.0235343645350868 0.0668723763014762 0.159267623698524 0.024082934083503 0.0658019585065078 0.160338041493492 0.0315287296615381 0.0512452788289735 0.174894721171027
0.12469 0.0326075571180368 0.0605727005656423 0.188807299434358 0.033104143867589 0.0596086513085654 0.189771348691435 0.0388094460306512 0.0485019119664015 0.200878088033598
0.14579 0.0238623476185673 0.0989509348138536 0.192629065186146 0.024748310525556 0.0972217150301981 0.194358284969802 0.0322143414315635 0.0826227419736045 0.208957258026395
0.1411 0.0305692580493613 0.0810369007360969 0.201163099263903 0.0312326357787562 0.0797459921134632 0.202454007886537 0.0375279247719407 0.0674664894090686 0.214733510590931
0.16179 0.0285860459985138 0.105631075871494 0.217948924128506 0.0295045295815599 0.103842798536699 0.219737201463301 0.0353165766436831 0.0925012420563675 0.231078757943632
0.13677 0.0369544819743147 0.0640823164137125 0.209457683586287 0.0374848302382437 0.0630537071033789 0.210486292896621 0.0423872053571588 0.0535217355732701 0.22001826442673
0.18811 0.0287697481138202 0.131603366588822 0.244616633411178 0.0299905552888349 0.129224606156672 0.246995393843328 0.0350009852223143 0.119443337533552 0.256776662466448
0.20726 0.0226265616757459 0.162885261477304 0.251634738522696 0.0244580917748366 0.159301257320842 0.255218742679158 0.0314756174405893 0.145558715113058 0.268961284886942
0.13115 0.0223703636076774 0.0872507365736335 0.175049263426366 0.0231361208490036 0.0857550888191666 0.176544911180833 0.0317878902719211 0.0688280223222857 0.193471977677714
0.13978 0.0312583876743507 0.0783395025729518 0.201220497427048 0.0318980939869454 0.0770960670380857 0.202463932961914 0.0380375256818842 0.0651307478272162 0.214429252172784
0.14344 0.0258287947918986 0.0927215194011143 0.194158480598886 0.0266272356883325 0.0911649122334692 0.195715087766531 0.0339103795378644 0.0769349609898828 0.209945039010117
0.15206 0.0225481152272536 0.107816570338361 0.196303429661639 0.0235604681681309 0.105838567217473 0.198281432782527 0.0311071937066253 0.0910720181140794 0.213047981885921
0.07143 0.0277467805928243 0.0169138327691101 0.12594616723089 0.0279473711333702 0.0165235449550431 0.126336455044957 0.0355194886402709 0.00174955044854559 0.141110449551454
0.1618 0.021887154351997 0.118860246388282 0.204739753611718 0.0230604667261558 0.116566652328077 0.207033347671923 0.0305714495179431 0.101865761395823 0.221734238604177
0.15498 0.0239245183292461 0.108021135709488 0.201938864290512 0.0249193069182598 0.106079183688682 0.203880816311318 0.0322783211658604 0.0916881257511273 0.218271874248873
0.14375 0.0274267855815566 0.0898803140279127 0.197619685972087 0.0281857404965114 0.0884017893617136 0.199098210638286 0.0351782570252803 0.0747478453325913 0.212752154667409
0.13991 0.023224353915101 0.0943256754497347 0.185494324550265 0.0240632303478537 0.0926881257213783 0.187131874278622 0.0328135309708338 0.0755734886446223 0.204246511355378
0.16841 0.026070735724295 0.117220893665029 0.219599106334971 0.0271502549013086 0.115115571326397 0.221704428673603 0.033763934326527 0.102191873640541 0.234628126359459
0.15733 0.0397837031014247 0.0790623501524966 0.235597649847503 0.0404315148425373 0.0778065873094761 0.236853412690524 0.0447643687821275 0.0693880400771396 0.24527195992286
0.12405 0.0260187093508 0.072968643929094 0.175131356070906 0.0266167946282306 0.0718020729530305 0.17629792704697 0.0334192273441713 0.0585091530467954 0.189590846953205
0.09896 0.031249407870571 0.0375536030275651 0.160366396972435 0.0315811977648301 0.0369082719380423 0.161011728061958 0.0375167329635898 0.0253369730193876 0.172583026980612
0.18173 0.023086566236732 0.136438382882215 0.227021617117785 0.0244838113986163 0.1337067535655 0.2297532464345 0.0306983807488769 0.121544095510597 0.241915904489403
0.13855 0.0391340369080883 0.0615388710154412 0.215561128984559 0.0396526347765646 0.0605344963190465 0.216565503680954 0.0453037160145127 0.0495569974749826 0.227543002525017
0.16993 0.0267562404180134 0.117384810812556 0.222475189187444 0.0278290704355451 0.115293690140121 0.224566309859879 0.0340670468533234 0.103109528282616 0.236750471717384
0.15851 0.0211164069888938 0.117091259244612 0.199928740755388 0.0222814928611304 0.114812400927986 0.202207599072015 0.0312560573988564 0.0972395937988991 0.219780406201101
0.17471 0.0225653477771008 0.130441601068263 0.218978398931737 0.0238879919688011 0.127855733176731 0.221564266823269 0.0310332847165992 0.113870077504425 0.235549922495575
0.14191 0.0224453699739241 0.0978687535226854 0.185951246477315 0.0233344970647823 0.0961315081258855 0.187688491874115 0.0320488276426195 0.079078589407129 0.204741410592871
0.12543 0.0261231678629522 0.0741180919960901 0.17674190800391 0.026733737845576 0.0729288788754327 0.177931121124567 0.0341105915984461 0.0585244837681838 0.192335516231816
0.16722 0.02827793575658 0.111675210188351 0.222764789811649 0.0292662695035303 0.109749996346349 0.224690003653651 0.0356629820774044 0.0972615687658369 0.237178431234163
0.11297 0.0280018831401923 0.0579680981941702 0.16797190180583 0.0284702788781035 0.057055862897917 0.168884137102083 0.0348554985532697 0.0445927399344038 0.181347260065596
0.1578 0.029460279543035 0.099909262951734 0.215690737048266 0.0303122112481714 0.0982518117114069 0.217348188288593 0.0354689902697239 0.0881964193168232 0.227403580683177
0.16998 0.0225148853318763 0.125810192910402 0.214149807089598 0.023771846825763 0.123352832500992 0.216607167499008 0.0302925571965712 0.11059067410474 0.22936932589526
0.15184 0.0251635822680876 0.102439168685782 0.201240831314218 0.026076198199945 0.100658712113592 0.203021287886408 0.033660934517075 0.0858319301726553 0.217848069827345
0.18174 0.0234034486570938 0.135822185685639 0.227657814314361 0.0247836520522143 0.13312461013981 0.23035538986019 0.0323386006043123 0.118339366201786 0.245140633798214
0.1518 0.0433927558968269 0.0663984333642708 0.237201566635729 0.0439555783072138 0.0653087906627474 0.238291209337253 0.0483319801407061 0.056815727147005 0.246784272852995
0.14722 0.0282618487661086 0.0917044311789704 0.20273556882103 0.0290350742323555 0.0901985581874604 0.20424144181254 0.0353177272156405 0.0779353947778672 0.216504605222133
0.10773 0.0259641419390891 0.0567212579079294 0.158738742092071 0.0264230624007356 0.0558279506383903 0.15963204936161 0.0350477506643888 0.03898897732833 0.17647102267167
0.10632 0.0280432426959602 0.0512215634501951 0.161418436549805 0.0284608253728616 0.0504089763089049 0.162231023691095 0.0350711154784749 0.0375131134948768 0.175126886505123
0.13512 0.0253139912134728 0.085421798859499 0.184818201140501 0.0260380612019363 0.0840094507927261 0.186230549207274 0.0333651841169171 0.0696889322784366 0.200551067721563
0.1693 0.0235688927940557 0.123049119292276 0.215550880707724 0.0247651268427539 0.120712380063597 0.217887619936403 0.0317483818097504 0.107051137468875 0.231548862531125
0.1371 0.0231063551918353 0.0917546697354719 0.182445330264528 0.0239161044121165 0.0901732640354092 0.184026735964591 0.0327353810158253 0.0729195573891125 0.201280442610887
0.16269 0.024774743633599 0.11407038955506 0.21130961044494 0.0258317734991338 0.112005964139046 0.213374035860954 0.0329649838785119 0.0980535206441611 0.227326479355839
0.16158 0.0214779331889815 0.119448225729929 0.203711774270071 0.022668462984295 0.117120184472368 0.206039815527632 0.0309391172154338 0.100928475951724 0.222231524048276
0.13734 0.0335516244122921 0.071366068240991 0.203313931759009 0.034133030054531 0.0702373253228458 0.204442674677154 0.0396171192883016 0.0595621121172175 0.215117887882783
0.15195 0.0299866335935089 0.0930361168922119 0.210863883107788 0.0307651321185422 0.0915207650502051 0.212379234949795 0.0369448003685411 0.079464141335999 0.224435858664001
0.10305 0.0419926517058215 0.0203913113403792 0.185708688659621 0.0422794744206504 0.0198363566060753 0.186263643393925 0.0474610231377963 0.00978289210674638 0.196317107893254
0.13969 0.0287113310865905 0.0832881954300127 0.196091804569987 0.0294001131420241 0.0819470621435004 0.1974329378565 0.0350904416154003 0.0708436267042762 0.208536373295724
0.18265 0.0247969612926006 0.1339895412348 0.2313104587652 0.0261181233886881 0.131408675013674 0.233891324986326 0.0329166633993595 0.118109191104431 0.247190808895569
0.15775 0.0229842534889043 0.112645324539333 0.202854675460667 0.0240524466207122 0.110558895799048 0.204941104200952 0.0313757841088029 0.0962324546805194 0.219267545319481
0.18616 0.0262832393389923 0.134560800413088 0.237759199586912 0.0275831765783195 0.132024450919369 0.240295549080631 0.0334696260832229 0.120519618400504 0.251800381599496
0.12427 0.0258046698921185 0.073603032044066 0.174936967955934 0.0264098948926573 0.0724229228279076 0.176117077172092 0.0334408437130585 0.0586855032097207 0.189854496790279
0.14712 0.0263918164566101 0.095299038126064 0.198940961873936 0.0272134080166266 0.0936970210165772 0.200542978983423 0.0342669061322933 0.0799152247296118 0.214324775270388
0.16276 0.025044153395483 0.113595398207803 0.211924601792197 0.0260927089298233 0.111549425968016 0.213970574031984 0.0328461300505323 0.0983478028287986 0.227172197171201
0.177778894472362 0.0242199438836204 0.130249313979119 0.225308474965605 0.0255017913119388 0.127745460024626 0.227812328920098 0.0313240738302621 0.11635741863332 0.239200370311404
0.15925 0.0236823399567937 0.112784701784106 0.205715298215894 0.0247393545960509 0.110718985560612 0.207781014439388 0.0308365799956666 0.098789339364154 0.219710660635846
0.12419 0.0242259513682846 0.0766306419049235 0.171749358095076 0.0248665244796794 0.0753809792728914 0.172999020727109 0.0330092714202918 0.0594624682719547 0.188917531728045
0.1743 0.0258061670475962 0.123648660653547 0.224951339346453 0.0269695668798823 0.121377397225433 0.227222602774567 0.0338619257823362 0.107899925436041 0.240700074563959
0.117676767676768 0.0462729895715737 0.0265746224064115 0.208778912947124 0.0466101717369237 0.0259226149461761 0.209430920407359 0.050632771639433 0.0181267804903096 0.217226754863226
0.137969696969697 0.0568551646490828 0.0259844756612603 0.249954918278134 0.057239054706013 0.0252431496026622 0.250696244336732 0.0603455612068967 0.0192341080999693 0.256705285839425
0.11197 0.0272581262623953 0.0584136758309205 0.165526324169079 0.02773110829622 0.0574932764791224 0.166446723520878 0.0351535615171021 0.0430091301099793 0.180930869890021
0.15561 0.0365167579414269 0.0838095715127308 0.227410428487269 0.0371996533660297 0.0824835456598358 0.228736454340164 0.041560698869879 0.0739974599377685 0.237222540062232
0.14434 0.0232003974580406 0.0988124697761011 0.189867530223899 0.0240915761670144 0.0970717432535353 0.191608256746465 0.0320768284313 0.0814495577279213 0.207230442272079
0.13473 0.0240577398592569 0.0874938468151156 0.181966153184884 0.0248132691746912 0.0860204805470268 0.183439519452973 0.032213692230722 0.0715574398359394 0.197902560164061
0.12993 0.0268290070445213 0.0772223826990337 0.182637617300966 0.0274671567329961 0.0759800812988001 0.1838799187012 0.0346870445410815 0.0618874754174452 0.197972524582555
0.12726 0.0241008763993362 0.0799464513420271 0.174573548657973 0.024775718823398 0.0786298944969042 0.175890105503096 0.0337834326736654 0.061017874692799 0.193502125307201
0.16442 0.0267959523606565 0.111808972162958 0.217031027837042 0.0278002335046771 0.109850243582296 0.218989756417704 0.0341868504386493 0.0973707857636321 0.231469214236368
0.162924623115578 0.0246259846828835 0.114582157411792 0.211267088819363 0.0256931628860491 0.11249967559972 0.213349570631436 0.0321285352901913 0.0999194724952488 0.225929773735907
0.11783 0.0242312770285051 0.0702375034010468 0.165422496598953 0.0248114124231605 0.0691073326830852 0.166552667316915 0.0335645990059789 0.0520070008218449 0.183652999178155
0.14324 0.0299713956630309 0.0843507286551068 0.202129271344893 0.0306668746042036 0.0829973815364317 0.203482618463568 0.0370723983306981 0.0705021758781237 0.215977824121876
0.14438 0.025252093456179 0.0948039738114622 0.193956026188538 0.0260772158007637 0.0931943953181221 0.195565604681878 0.0336681556358467 0.0783567177572072 0.210403282242793
0.13045 0.0276767596590737 0.0760791247320867 0.184820875267913 0.0283014406917056 0.0748629183546349 0.186037081645365 0.0349188107647745 0.0619480224501487 0.198951977549851
0.12169 0.0284195380330161 0.065853431720139 0.177526568279861 0.0289533504453293 0.0648145468015087 0.178565453198491 0.0350479965477351 0.052925150855345 0.190454849144655
0.14715 0.0234663438003619 0.10109279926478 0.19320720073522 0.0243823044718251 0.0993045069449976 0.194995493055002 0.0319913602611202 0.0844228467284589 0.209877153271541
0.11191 0.0218382959212416 0.0690513965712972 0.154768603428703 0.0224142331732254 0.0679268185616882 0.155893181438312 0.0316212758873471 0.0499149017873688 0.173905098212631
0.13419 0.024665195646526 0.0857686983474952 0.182611301652505 0.0253969950246364 0.0843409948412759 0.184039005158724 0.0326525569639103 0.0701584054874597 0.19822159451254
0.15425 0.024087777465264 0.106974359409865 0.201525640590135 0.0250669332630875 0.105062523619071 0.203437476380929 0.031219802421157 0.0930307286015774 0.215469271398423
0.15291 0.0242931566371475 0.105228834097863 0.200591165902137 0.0252484450886977 0.103363885512644 0.202456114487356 0.0323560655735055 0.089464754854645 0.216355245145355
0.05457 0.0417777200955474 -0.0276616958455973 0.136801695845597 0.041883411708956 -0.0278661986242284 0.137006198624228 0.0465343053712195 -0.0368876442582098 0.14602764425821
0.116888888888889 0.0261265244844695 0.0655887263543016 0.168189051423476 0.0266581298612297 0.0645522713433275 0.16922550643445 0.0343680384880541 0.0494879123730795 0.184289865404698
0.11695 0.021144172612741 0.0754638770810212 0.158436122918979 0.0217899425303828 0.0742020197193382 0.159697980280662 0.0310110992303947 0.0561553301554511 0.177744669844549
0.12675 0.0266956026510832 0.0743320743593633 0.179167925640637 0.0273049204522651 0.0731440993388482 0.180355900661152 0.0338223985090431 0.0604124076496892 0.193087592350311
0.10658 0.026169360426377 0.0551725931751273 0.157987406824873 0.0266154358432401 0.0543040727440964 0.158855927255904 0.0333707989884214 0.0411183773197317 0.172041622680268
0.17203 0.0275432965715825 0.11793823122151 0.22612176877849 0.0286126214463154 0.115854070610428 0.228205929389572 0.0344243086499954 0.104504391116272 0.239555608883728
0.11105 0.0282674907493808 0.0555013520122974 0.166598647987703 0.0287185158611362 0.0546241237251921 0.167475876274808 0.0356017728949884 0.0411991482193633 0.180900851780637
0.14266 0.0251542316609405 0.0932766289019283 0.192043371098072 0.0259633143194828 0.0916982985443683 0.193621701455632 0.0326977456478617 0.0785363104221565 0.206783689577844
0.12344 0.0271555756862982 0.070085088600927 0.176794911399073 0.0277277437029101 0.068971624761661 0.177908375238339 0.0349228568541331 0.0549309796384387 0.191949020361561
0.13216 0.0240184624046046 0.0850211308718908 0.179298869128109 0.0247458452327135 0.0836009360914517 0.180719063908548 0.0316976437023544 0.0700061370302909 0.194313862969709
0.15645 0.0257625676819652 0.105873427588736 0.207026572411264 0.0267085232382444 0.104027901648341 0.208872098351659 0.032804027398596 0.0921151884248187 0.220784811575181
0.16318 0.0227206721448457 0.118603271933704 0.207756728066296 0.0238725981559102 0.116351754244596 0.210008245755404 0.0304405778971682 0.10349885255658 0.22286114744342
0.15381 0.0238257571636687 0.107053544259194 0.200566455740806 0.0248091310694694 0.105132898438882 0.202487101561118 0.0321319116210367 0.0908086468248959 0.216811353175104
0.12689 0.0268858249794222 0.0740905476419247 0.179689452358075 0.0274930002877845 0.0729072746570631 0.180872725342937 0.0347170123257189 0.0587975684503032 0.194982431549697
0.17942 0.0257409570909824 0.128887337924004 0.229952662075996 0.0269750772373278 0.126479183522231 0.232360816477769 0.0331716238969364 0.114366854399299 0.244473145600701
0.13127 0.025331712242279 0.0815292916289242 0.181010708371076 0.0260164933287641 0.0801941947260736 0.182345805273926 0.0334465933261615 0.0656761931951063 0.196863806804894
0.16695 0.0241277014151346 0.119603085640532 0.214296914359468 0.02526668984212 0.117378148738267 0.216521851261733 0.0325483513496135 0.103133005515654 0.230766994484346
0.1323 0.0236278455434499 0.0859154399859902 0.17868456001401 0.024369058353271 0.0844693250254963 0.180130674974504 0.0333801971987154 0.066849507089398 0.197750492910602
0.1401 0.0282872447345684 0.0845409210823796 0.19565907891762 0.0289889105465067 0.0831740012183719 0.197025998781628 0.0350410098980233 0.0713593545102491 0.208840645489751
0.16461 0.0241122858423401 0.117292393440397 0.211927606559603 0.0252212967260352 0.115126151556329 0.214093848443671 0.0320426604473273 0.101782677043626 0.227437322956374
0.18171 0.0238443736355215 0.13492071153726 0.22849928846274 0.0252009308175383 0.132270358191817 0.231149641808183 0.0316489366973103 0.11965564735583 0.24376435264417
0.16126 0.0246505755872742 0.112882362532836 0.209637637467164 0.0256947262445802 0.110843294826576 0.211676705173424 0.0318603703177461 0.0987854830620892 0.223734516937911
0.13826 0.0253046137092601 0.088579123667415 0.187940876332585 0.0260619760374165 0.0871019107129258 0.189418089287074 0.0329692868435894 0.0736031108396941 0.202916889160306
0.16523 0.0250356187768085 0.11608399517606 0.21437600482394 0.0261154055595101 0.113976841037825 0.216483158962175 0.0334197756955023 0.0996960671899693 0.230763932810031
0.13897 0.0448217130047862 0.0507389234501301 0.22720107654987 0.0452876168139086 0.0498375056752114 0.228102494324789 0.0491631890410235 0.0423227273401327 0.235617272659867
0.18778 0.0252752174170152 0.138176246482373 0.237383753517627 0.0266448399409227 0.135501401326691 0.240058598673309 0.0318777661619723 0.125268234162099 0.250291765837901
0.14758 0.0252543097550899 0.0979937916700143 0.197166208329986 0.0261156014904124 0.0963141955178626 0.198845804482137 0.0326881764741631 0.0834715078776244 0.211688492122376
0.1169 0.0286662417887566 0.0605706253083818 0.173229374691618 0.029157188792671 0.059615590322785 0.174184409677215 0.0361828486757394 0.0459111358142971 0.187888864185703
0.147 0.0241497290724214 0.0996035628413168 0.194396437158683 0.0250393860601924 0.0978664430485672 0.196133556951433 0.0331246212698554 0.082052220905464 0.211947779094536
0.12571 0.0230042441113738 0.0805628888655554 0.170857111134445 0.0236915496989048 0.0792208424005049 0.172199157599495 0.0324221573485738 0.0621424638978818 0.189277536102118
0.15391 0.0223219753385554 0.110123971248585 0.197696028751415 0.0233668291176847 0.10808068553884 0.19973931446116 0.031087181007854 0.0929670133845791 0.214852986615421
0.16497 0.0252066428530179 0.115494534170458 0.214445465829542 0.0262758003478409 0.113407398164097 0.216532601835903 0.0327945258224539 0.100661539488728 0.229278460511272
0.15167 0.0278985643423064 0.0968746718545062 0.206465328145494 0.0287270494893195 0.0952605728058426 0.208079427194157 0.0356923013038079 0.0816594573681565 0.221680542631844
0.16091 0.0227028272850248 0.116368476700888 0.205451523299112 0.0238247234345683 0.114175642804708 0.207644357195292 0.0307421151961551 0.100638530825672 0.221181469174328
0.10675 0.0316711945102887 0.0444609206528108 0.169039079347189 0.0320523141396771 0.0437215399930052 0.169778460006995 0.0385658429404641 0.0310436586704836 0.182456341329516
0.14526 0.0248726449323277 0.0964355705739925 0.194084429426007 0.0257189577146829 0.0947839981316663 0.195736001868334 0.0334921588723338 0.0795859128315182 0.210934087168482
0.1477 0.0250144852347153 0.0985934996723337 0.196806500327666 0.0258842096954454 0.0968965852276537 0.198503414772346 0.0329351118346027 0.0831137872367973 0.212286212763203
0.11317 0.0256053612260712 0.0628954690300297 0.16344453096997 0.0261141648060509 0.0619033417190812 0.164436658280919 0.0343223793393988 0.0458624866618828 0.180477513338117
0.13897 0.0208459806062748 0.0980742128707938 0.179865787129206 0.0217604776472665 0.0962864791915679 0.181653520808432 0.0309288167804264 0.0783388794524226 0.199601120547577
0.15468 0.0256200233878106 0.104381771265004 0.204978228734996 0.0265502933767588 0.102567006287369 0.206792993712631 0.031980530301919 0.0919562147611289 0.217403785238871
0.13627 0.030360482184782 0.0765875004882052 0.195952499511795 0.0309866519406738 0.0753707862223532 0.197169213777647 0.0371139078849488 0.0634313148415837 0.209108685158416
0.19244 0.0253827250003267 0.142636046962226 0.242243953037774 0.0268121481504599 0.1398427333792 0.2450372666208 0.0319638359469293 0.129764645340714 0.255115354659286
0.16851 0.0363726796155035 0.0969789265471863 0.240041073452814 0.0371714484841802 0.0954286948288507 0.241591305171149 0.041329037520998 0.0873418824919721 0.249678117508028
0.19211 0.0265811127055155 0.139930109465985 0.244289890534015 0.0279477840385122 0.137262934995672 0.246957065004328 0.033198720949207 0.126999720007502 0.257220279992498
0.05541 0.030960302280282 -0.00546079296919396 0.116280792969194 0.0310811768967398 -0.00569548915209092 0.116515489152091 0.0379965682303867 -0.0191643619863974 0.129984361986397
0.11186 0.0258490102840189 0.0611030232548753 0.162616976745125 0.0263424777244533 0.0601410324867675 0.163578967513233 0.0332289243380419 0.0466883779683542 0.177031622031646
0.1208 0.0255891378966048 0.0705348911232541 0.171065108876746 0.0261681420489009 0.0694073102786368 0.172192689721363 0.0337099175064469 0.0546811534256645 0.186918846574335
0.11756 0.0249650490077588 0.0685341236817954 0.166585876318205 0.0255263000052847 0.0674402540423553 0.167679745957645 0.0338480308431643 0.0511809007496288 0.183939099250371
0.16763 0.0256554555386271 0.117269894112255 0.217990105887745 0.0267404689355754 0.115152242623947 0.220107757376053 0.0326252944644868 0.103648511761231 0.231611488238769
0.17365 0.0247399712324593 0.125103868805669 0.222196131194331 0.025940428226668 0.122758536371404 0.224541463628596 0.0315132089223379 0.111857840489681 0.235442159510319
0.19732 0.0254178444262369 0.147440379026826 0.247199620973174 0.0269167876106415 0.144512239845812 0.250127760154188 0.033108683079766 0.132400340946653 0.262239659053347
0.11575 0.0279588056570527 0.0608226199381011 0.170677380061899 0.0284508919678952 0.0598647525697934 0.171635247430207 0.0351721585031235 0.0467490658331819 0.184750934166818
0.15802 0.0407208533689494 0.0778945817270941 0.238145418272906 0.0413613856041535 0.0766535954592684 0.239386404540732 0.0458120470956655 0.0680098320353034 0.248030167964697
0.16362 0.0221992838220303 0.12007382773862 0.20716617226138 0.0233818913309222 0.117761209344193 0.209478790655807 0.0312607044420156 0.102337126587702 0.224902873412298
0.14344 0.030091140444761 0.0842965953541847 0.202583404645815 0.0307870793234164 0.0829436125264554 0.203936387473545 0.0379765740064363 0.0689249132335834 0.217955086766417
0.1378 0.0244303033178265 0.0898446327426717 0.185755367257328 0.0252073013272148 0.0883282876661717 0.187271712333828 0.0325096927115746 0.074051287880321 0.201548712119679
0.11754 0.0225810330068908 0.0732251691557436 0.161854830844256 0.0231947824231721 0.0720266412718757 0.163053358728124 0.0309254912921087 0.0569050511615347 0.178174948838465
0.17325 0.026222451236378 0.121770231708222 0.224729768291778 0.0273561011265169 0.119558438230902 0.226941561769098 0.0336603729754176 0.107236873435958 0.239263126564042
0.09727 0.0337346525759805 0.0309270004848256 0.163612999515174 0.0340386513308343 0.030337155522036 0.164202844477964 0.0390384505894139 0.0206115214726631 0.173928478527337
0.136 0.033219894087422 0.0706864876806867 0.201313512319313 0.0337951802392093 0.0695692143095911 0.202430785690409 0.0392570187862445 0.0589343979226356 0.213065602077364
0.13413 0.0225926029451942 0.0897877078847543 0.178472292115246 0.0233856893813117 0.0882393542574878 0.180020645742512 0.0311943076191666 0.0729669001547039 0.195293099845296
0.19493 0.024809178292271 0.146251899999036 0.243608100000964 0.0263060146646673 0.143326707432173 0.246533292567827 0.0319091668261283 0.132364287664527 0.257495712335473
0.18384 0.0242481774769729 0.136262053748019 0.231417946251981 0.0256137422286314 0.13359354627661 0.23408645372339 0.0327231971383417 0.119682410944916 0.247997589055084
0.14409 0.0228453057601859 0.0992674151293333 0.188912584870667 0.0237457186725604 0.0975077478464383 0.190672252153562 0.031670608381848 0.0819992673860262 0.206180732613974
0.1496 0.0216268300890004 0.107175793379585 0.192024206620415 0.022645704663324 0.105183535605967 0.194016464394033 0.0315772832855914 0.0876979763883796 0.21150202361162
0.15487 0.0318423673727237 0.0922836177116397 0.21745638228836 0.0326078653073073 0.0907954508669441 0.218944549133056 0.0386998217037172 0.0789215788276939 0.230818421172306
0.17434 0.0259867204896856 0.123333784947705 0.225346215052295 0.0271431015510211 0.12107629433281 0.22760370566719 0.0335733602996341 0.108503518068304 0.240176481931696
0.14011 0.027130519366675 0.0868351770098434 0.193384822990157 0.0278592232681661 0.0854146029267202 0.19480539707328 0.0343096633779104 0.072814914541343 0.207405085458657
0.10892 0.0313236234643228 0.0473467408179664 0.170493259182034 0.0317213459193439 0.0465739328600637 0.171266067139936 0.0376512377875505 0.0350213906427426 0.182818609357257
0.13463 0.0307673885582359 0.0741603253911536 0.195099674608846 0.0313710796545715 0.0729865842549447 0.196273415745055 0.0379638664876678 0.0601335898797328 0.209126410120267
0.16806 0.0243141742807518 0.120344612788205 0.215775387211795 0.0254598073628764 0.118107026939097 0.218012973060903 0.0322844475088977 0.104757831790627 0.231362168209373
0.13239 0.0225849203059504 0.0880664160003928 0.176713583999607 0.0233581066275957 0.0865565737843449 0.178223426215655 0.0323049690485246 0.069053640642923 0.195726359357077
0.18494 0.0609524777240722 0.0648765810213021 0.305003418978698 0.0615651828609606 0.0636935124511062 0.306186487548894 0.0644429668831558 0.0581279635814073 0.311752036418593
0.17743 0.0245189196992054 0.129327547911471 0.225532452088529 0.0257800997518644 0.126862148722827 0.227997851277173 0.0325242417777276 0.113663854079522 0.241196145920478
0.13046 0.027437702154107 0.0765779441699295 0.184342055830071 0.0280661985223772 0.0753530370936122 0.185566962906388 0.0346312665014938 0.0625317333543599 0.19838826664564
0.1225 0.0292593126866383 0.0650197204814223 0.179980279518578 0.0297853282488958 0.0639956956040065 0.181004304395994 0.0363925478483504 0.05110284630239 0.19389715369761
0.14995 0.0216120288602733 0.107558178070913 0.192341821929087 0.022635829815964 0.105555850091581 0.194344149908419 0.0307145612284676 0.0897390680223096 0.21016093197769
0.15304 0.0252134429646301 0.103552655939816 0.202527344060184 0.0261374602081123 0.101748781883159 0.204331218116841 0.0329206261503431 0.0884853823660241 0.217594617633976
0.18304 0.0238180126254718 0.136307011732322 0.229772988267679 0.0251948146535579 0.133616379634978 0.232463620365022 0.0314668124446556 0.121344278345076 0.244735721654924
0.13903 0.0560184419175897 0.028696414868406 0.249363585131594 0.0564118416192414 0.027936643394052 0.250123356605948 0.0600036051823086 0.0209866503834012 0.257073349616599
0.11087 0.0259966972100139 0.0598125895418858 0.161927410458114 0.0264799936901266 0.0588709953062147 0.162869004693785 0.0345263369882927 0.0431549389005768 0.178585061099423
0.12591 0.025511270030968 0.0758082820463702 0.17601171795363 0.0261394685981365 0.0745841290137252 0.177235870986275 0.0338741190083663 0.0594750541812323 0.192344945818768
0.16192 0.0255399433029832 0.111768289764089 0.212071710235911 0.0265601804195604 0.109779143598028 0.214060856401972 0.0329997076338503 0.0971980782220369 0.226641921777963
0.17758 0.0244139639670193 0.129679544214614 0.225480455785386 0.0256826734703168 0.127199972416667 0.227960027583333 0.03365040915922 0.111607342485652 0.243552657514348
0.15059 0.0225067073888527 0.106430341107934 0.194749658892066 0.0235016509523786 0.104486053926899 0.196693946073101 0.0308762192874619 0.0900554071996288 0.211124592800371
0.14529 0.0277677417647451 0.0907492096859883 0.199830790314012 0.0285337106369566 0.0892571347499393 0.201322865250061 0.0350907595060803 0.0764554678769366 0.214124532123063
0.1464 0.0257155822225597 0.0959043077947662 0.196895692205234 0.0265496103369753 0.0942782519187767 0.198521748081223 0.0342259522737531 0.0792785128757244 0.213521487124276
0.13242 0.0249105948761853 0.083512384491159 0.181327615508841 0.0256175685240701 0.0821334992839551 0.182706500716045 0.0331374660631351 0.0674362243219669 0.197403775678033
0.17801 0.0248080627293207 0.129324498693117 0.226695501306883 0.0260648302580682 0.126869916268607 0.229150083731393 0.0327182049688229 0.113856234466417 0.242163765533583
0.1601 0.0208501129312585 0.119210311396647 0.200989688603353 0.022051300398077 0.116859775615303 0.203340224384697 0.0310188395857458 0.0992968398506121 0.220903160149388
0.13276 0.0333274619043354 0.067226626945297 0.198293373054703 0.0338759058474445 0.0661619041464565 0.199358095853543 0.0390375270346999 0.0561156702066264 0.209404329793374
0.15969 0.0278549756279947 0.104994838363896 0.214385161636104 0.0287705673777244 0.103209616200374 0.216170383799626 0.0343955879036277 0.0922226092728786 0.227157390727121
0.13314 0.0321210863286825 0.0700034355386227 0.196276564461377 0.0326897076605875 0.068898241534931 0.197381758465069 0.0381121422506617 0.0583337305284595 0.207946269471541
0.13105 0.0504013602003979 0.0317992377433517 0.230300762256648 0.0507844908416955 0.0310588438404605 0.231041156159539 0.0545573920752289 0.0237525965931156 0.238347403406884
0.1466 0.027481939944545 0.0926215510029783 0.200578448997022 0.0282687923887027 0.091088697001613 0.202111302998387 0.0351647866923088 0.0776235416088537 0.215576458391146
0.11737 0.0267422669628354 0.0648466152499157 0.169893384750084 0.0272677348217918 0.0638229425137711 0.170917057486229 0.0342414608670769 0.050205873132562 0.184534126867438
0.10208 0.0463576292724164 0.0108131587766992 0.193346841223301 0.0466209904630821 0.0103038877387937 0.193856112261206 0.0509902181968149 0.0018351741271531 0.202324825872847
0.12473 0.0235248028054472 0.0785583125075693 0.170901687492431 0.0241878958786244 0.0772637966509138 0.172196203349086 0.0319864212914664 0.06201236193126 0.18744763806874
0.14701 0.0243950345656096 0.0991268349455617 0.194893165054438 0.0252768350759601 0.0974056003632892 0.196614399636711 0.032965879807117 0.0823698153600675 0.211650184639932
0.14331 0.0335622085404187 0.0773167164815494 0.209303283518451 0.0341924044505582 0.0760931388124045 0.210526861187595 0.0399740095826095 0.0648367736911483 0.221783226308852
0.15861 0.0202317533823597 0.118933352771281 0.198286647228719 0.021445024712614 0.116559096343307 0.200660903656693 0.0291004591875218 0.101566375579548 0.215653624420452
0.12854 0.0279478217991418 0.0736403399988901 0.18343966000111 0.0285493303479536 0.0724690335299704 0.18461096647003 0.0344092200335402 0.0610333783617722 0.196046621638228
