estimate std_1 lowerCI_1 upperCI_1 std_2 lowerCI_2 upperCI_2 std_3 lowerCI_3 upperCI_3
0.245850118226617 0.049635093827766 0.148439661763508 0.343260574689727 0.0529720679376917 0.141921946103536 0.349778290349699 0.0549464992142565 0.138063043839051 0.353637192614184
0.27136896234154 0.0588378967528942 0.15587349982821 0.386864424854869 0.0628598842655123 0.148022141551962 0.394715783131117 0.0619087707451943 0.149879553089856 0.392858371593223
0.213496324396294 0.0598186539337366 0.0960661135555433 0.330926535237044 0.0624763496882053 0.0908801289514857 0.336112519841102 0.063694403125236 0.0885020783319352 0.338490570460652
0.283047451271983 0.0626169753599338 0.160140617178746 0.40595428536522 0.0672840248333789 0.151028303241575 0.415066599302391 0.0666973066077113 0.152174386895666 0.4139205156483
0.245898711843581 0.0577512084011003 0.132571846534582 0.359225577152581 0.0617650687485985 0.124729789827716 0.367067633859446 0.06473982925818 0.118914070799083 0.372883352888079
0.256263887828282 0.057158846790872 0.144077918799887 0.368449856856678 0.0606451649039834 0.137270397802748 0.375257377853816 0.0605016584474052 0.137550728462681 0.374977047193884
0.302291681458199 0.0528668214835269 0.198544624377201 0.406038738539198 0.0582672112877514 0.187992990907774 0.416590372008625 0.0589328523539611 0.186691613545023 0.417891749371376
0.163820108498374 0.0537646641886147 0.0582771962241502 0.269363020772597 0.0556207237648077 0.0546554959713527 0.272984721025395 0.0567123524561251 0.0525244533709823 0.275115763625765
0.218651528373476 0.0602848753858589 0.100250439475576 0.337052617271377 0.0630344831471722 0.0948920495552551 0.342411007191698 0.062751780329161 0.0954432226698657 0.341859834077087
0.260129364607568 0.0513185651431959 0.159417108967402 0.360841620247735 0.0549746362507048 0.152275570645368 0.367983158569769 0.0570935336165984 0.148133935068306 0.372124794146831
0.306753506241146 0.0613368580496229 0.186340488690066 0.427166523792226 0.0663961564408981 0.176465775209173 0.437041237273119 0.0666675481347953 0.175935728999231 0.437571283483061
0.224120951170788 0.0583574741244638 0.109543814985857 0.338698087355719 0.0609535736127598 0.104479910097404 0.343761992244172 0.0631812879162709 0.100131487876125 0.348110414465451
0.22805706855598 0.0578228451362403 0.114511456016113 0.341602681095848 0.0606367593831906 0.10902489907274 0.34708923803922 0.0612621232621172 0.107804866939708 0.348309270172252
0.151541968207166 0.0554347139525199 0.0427331124382273 0.260350823976104 0.0570991607282689 0.0394843673206652 0.263599569093666 0.0602237138330637 0.0333818489170041 0.269702087497327
0.259599754840934 0.0526005706943018 0.156383972696325 0.362815536985542 0.0567196532005805 0.148335152236517 0.37086435744535 0.0579271884669219 0.145974319756857 0.37322518992501
0.273345387667532 0.0555594876127849 0.164338560760552 0.382352214574513 0.0604075944755319 0.154861382488294 0.391829392846771 0.063616338685256 0.148584923773853 0.398105851561212
0.226470820252094 0.0549939373820304 0.118527816776889 0.334413823727298 0.0580891549160384 0.112485102358531 0.340456538145656 0.0589210495939725 0.110860183856976 0.342081456647212
0.142408134496405 0.0653298321300691 0.0141502455852722 0.270666023407538 0.0664343224000931 0.0119959917874704 0.27282027720534 0.0691095858369627 0.00677531552407798 0.278040953468732
0.348500536173869 0.0655756164933892 0.219742432223022 0.477258640124716 0.0718575379040034 0.207485931636547 0.489515140711191 0.0689280994742967 0.213204018103494 0.483797054244244
0.237851774780451 0.0633026208142686 0.113579327948765 0.362124221612137 0.0665633237136683 0.107216716044199 0.368486833516702 0.0670337942149127 0.106298241149625 0.369405308411276
0.267002785296835 0.0603716047734576 0.148511597335349 0.38549397325832 0.064522685698927 0.140405515578289 0.393600055015381 0.063630054548789 0.142149264878834 0.391856305714835
0.217170065894453 0.0578980925239543 0.103535881301895 0.330804250487011 0.0607990259734593 0.0978714711069909 0.336468660681915 0.0634770696582541 0.0926389614542508 0.341701170334655
0.258586601658484 0.0550969924926285 0.150449035913331 0.366724167403636 0.058762540399071 0.143290990451246 0.373882212865721 0.0590437368956874 0.142741608978133 0.374431594338834
0.229110143528658 0.0645760708842107 0.1023559375109 0.355864349546415 0.0676847029056909 0.0962878286637207 0.361932458393595 0.0685338434941972 0.0946295271451849 0.363590759912131
0.26123672265951 0.0544106590878257 0.15444645222801 0.368026993091009 0.0581162296928855 0.1472101299534 0.375263315365619 0.0576933882683688 0.148036202838874 0.374437242480146
0.244264898046404 0.0511384363987407 0.143913431997394 0.344616364095415 0.054724758598878 0.136906840696267 0.351622955396542 0.056880160073776 0.132693231219663 0.355836564873146
0.273799208434448 0.0632820622381699 0.149558759508154 0.398039657360742 0.0676381483775542 0.141059050503518 0.406539366365377 0.0655272915527046 0.145179075648673 0.402419341220222
0.254134734407436 0.053781900039447 0.148571738007064 0.359697730807809 0.057684107331971 0.140952480407892 0.36731698840698 0.0579157414847987 0.140499963564427 0.367769505250445
0.264563022827484 0.0652742107979971 0.136392568617647 0.39273347703732 0.0692834058331808 0.128573304548121 0.400552741106846 0.0696558984162135 0.127846377735382 0.401279667919585
0.267947159597658 0.0630326661369438 0.144227891007831 0.391666428187484 0.0672985410570331 0.135898638970308 0.399995680225007 0.0671201171962757 0.136247175751917 0.399647143443398
0.255807544868595 0.0553933386768863 0.14708697255788 0.364528117179309 0.0593882949187402 0.139285629497641 0.372329460239548 0.0604365092616215 0.137237464731964 0.374377625005225
0.342002870550774 0.058349326122143 0.227478227403239 0.45652751369831 0.0646927193539087 0.215088612877868 0.468917128223681 0.0627484348524669 0.218887930467554 0.465117810633995
0.287825016608117 0.053842351232214 0.182142752260622 0.393507280955612 0.0585148440383382 0.173018728919547 0.402631304296687 0.0580578915310634 0.173911496250888 0.401738536965346
0.250341001532785 0.051446962345175 0.149380479662247 0.351301523403322 0.0553404044423705 0.141774336412918 0.358907666652651 0.0561804042781411 0.140132455775284 0.360549547290286
0.219603985750625 0.0596389114177304 0.102493489792403 0.336714481708847 0.062369880937473 0.0971686461007973 0.342039325400452 0.0637410908088731 0.094493312887634 0.344714658613616
0.241444236784422 0.0533228584693289 0.136790022866786 0.346098450702058 0.0565917617982688 0.130406554969451 0.352481918599393 0.0575326932821411 0.128568156389658 0.354320317179186
0.175514506644077 0.0532964228250088 0.0708893885780897 0.280139624710064 0.0552939884227915 0.0669916175889046 0.284037395699249 0.057322963300902 0.0630301578971821 0.287998855390971
0.225727062245031 0.0592400608045407 0.109407541727721 0.342046582762342 0.0621072104169847 0.103815999813267 0.347638124676796 0.0647296878104191 0.0986974478783087 0.352756676611754
0.271205611698664 0.0571302574783066 0.159079988683159 0.383331234714168 0.06171300224715 0.150129504348255 0.392281719049072 0.0631731934230548 0.14727577961868 0.395135443778647
0.336667407577014 0.0610876890014015 0.216729682293522 0.456605132860505 0.0667752578322493 0.205631097159503 0.467703717994524 0.0655636876631673 0.207996725409064 0.465338089744964
0.268202082634131 0.06085588843535 0.14873801274258 0.387666152525683 0.0651715430240433 0.140314605682253 0.39608955958601 0.0659574575751116 0.138779675143238 0.397624490125025
0.215702589699026 0.0630472727252045 0.0918995017445199 0.339505677653532 0.0655721394110679 0.0869767687338605 0.344428410664191 0.0685484250353298 0.0811691856422263 0.350235993755826
0.197326499849439 0.0557979416749058 0.0877969634492018 0.306856036249677 0.0581013007038757 0.0833016469799418 0.311351352718937 0.0624321630013398 0.074842140665407 0.319810859033472
0.247052577336523 0.0571926496251607 0.134784735486603 0.359320419186444 0.0609282257457025 0.127492978747498 0.366612175925548 0.0605734581775586 0.12818578842761 0.365919366245436
0.262991063517183 0.0495075564556455 0.165853734554283 0.360128392480082 0.0537893096416007 0.157484654533597 0.368497472500768 0.0527356023864004 0.159544906085367 0.366437220948999
0.258853748939139 0.0572297661530155 0.146532881605391 0.371174616272888 0.0610139712207805 0.139142680697249 0.37856481718103 0.0604383813994174 0.140267179935068 0.37744031794321
0.22420338976015 0.0581589026695726 0.110058938360763 0.338347841159537 0.0611437421299934 0.104230416069695 0.344176363450605 0.0628241786504243 0.100947258933088 0.347459520587212
0.298196520862138 0.0585293682026734 0.183320195288847 0.413072846435429 0.0639065153867325 0.172818517659393 0.423574524064883 0.0631917079615718 0.174215268998883 0.422177772725393
0.253368480586815 0.0556216875624725 0.144148823816948 0.362588137356683 0.0587845177667619 0.137980911483683 0.368756049689947 0.0603428561294612 0.134939634363905 0.371797326809725
0.303643591553178 0.055784803524321 0.194122940056608 0.413164243049749 0.0604528670486943 0.185013282944574 0.422273900161783 0.0598558661377018 0.186178997908556 0.421108185197801
0.314346086789784 0.0553792077621387 0.205655268318958 0.423036905260609 0.0608349050252417 0.194999084544689 0.433693089034879 0.0599999324629399 0.196630820267875 0.432061353311693
0.264795896287269 0.0698641036280345 0.127603571319572 0.401988221254966 0.0739737946279516 0.119589968829848 0.410001823744691 0.0743079033880468 0.118938087073259 0.410653705501279
0.229518044630402 0.0608185216686193 0.11011032607761 0.348925763183195 0.0643397195520766 0.103240907984824 0.355795181275981 0.0656128527124609 0.100755540372876 0.358280548887929
0.244217021671514 0.0544823058178569 0.137262116027221 0.351171927315807 0.0578428320148121 0.130703850035872 0.357730193307155 0.0595070420507352 0.127453765908475 0.360980277434552
0.194370764408566 0.0608550752209615 0.0748909379364429 0.313850590880689 0.062741538908137 0.0712116083655745 0.317529920451557 0.063862989182223 0.0690233555872834 0.319718173229848
0.234825613828783 0.0528665979330583 0.131050972400674 0.338600255256891 0.0560820433032425 0.124774507419305 0.34487672023826 0.056573131294405 0.123815413923651 0.345835813733914
0.160464286220184 0.0481768616017631 0.0659228369274637 0.255005735512904 0.0499569867558268 0.0624458918248935 0.258482680615474 0.0543521662012144 0.0538548790378854 0.267073693402482
0.204588528331992 0.056486024506247 0.0936956107231904 0.315481445940794 0.0591880587264867 0.0884236148837216 0.320753441780263 0.0590312143345127 0.0887297556049701 0.320447301059015
0.321179578609898 0.0566671975827704 0.209969122578951 0.432390034640845 0.0625588412199004 0.198458934442545 0.443900222777251 0.0605421300476603 0.202400489725697 0.439958667494099
0.257088501194854 0.0577689347005166 0.14368685570357 0.370490146686139 0.0615762800214291 0.136255423296116 0.377921579093593 0.0603076449106123 0.138732491197644 0.375444511192065
0.16905762720559 0.0572941133954103 0.0565788054751106 0.281536448936069 0.059032098411381 0.0531882621997158 0.284926992211464 0.0613589673579245 0.0486461741290487 0.289469080282131
0.31168029726558 0.0643044804361059 0.185393420483178 0.437967174047982 0.0694535205860529 0.175353671217844 0.448006923313317 0.0679892408558004 0.178210361857998 0.445150232673163
0.234658368335755 0.0552292440512277 0.126258143486472 0.343058593185037 0.0586738651010767 0.119532226883855 0.349784509787654 0.0597408302114927 0.117447731866751 0.351869004804758
0.302956163374074 0.0538971684148051 0.197175084216883 0.408737242531264 0.0589192296561134 0.187365976074923 0.418546350673225 0.0583470492323245 0.188484138450908 0.417428188297239
0.286956215060097 0.0542667169724245 0.180428085614746 0.393484344505448 0.0584579827253714 0.172246879048712 0.401665551071482 0.0578899394501947 0.173356239754206 0.400556190365988
0.156283288246822 0.0540982088397175 0.0500572840630634 0.262509292430581 0.055686175361181 0.046961211710326 0.265605364783319 0.0577553873207538 0.0429242425837792 0.269642333909865
0.175339693136122 0.0562761095474638 0.0648915452611116 0.285787841011133 0.0581559562714407 0.061221122361455 0.28945826391079 0.0600055057139563 0.0576081905813591 0.293071195690886
0.210275509510639 0.0504784244441443 0.111232877970455 0.309318141050822 0.0534769504398293 0.105372861466344 0.315178157554933 0.0564428694375952 0.0995731976155543 0.320977821405723
0.266594073996566 0.053536029676069 0.161530608741304 0.371657539251828 0.0577355133754188 0.153327129277227 0.379861018715905 0.0585290211107936 0.151776197796355 0.381411950196776
0.313288298710409 0.056369320641783 0.202643056099212 0.423933541321606 0.0615781370811189 0.192472075484823 0.434104521935995 0.060720599433343 0.19414742698742 0.432429170433398
0.250376960720392 0.055067849687064 0.142287302658946 0.358466618781838 0.0585162535827548 0.13555502503086 0.365198896409923 0.0587785087528351 0.135042778424056 0.365711143016727
0.244811462778228 0.0608799640742522 0.125307113146213 0.364315812410244 0.0644715608978389 0.118296483766334 0.371326441790123 0.0671126390479763 0.113137455864936 0.376485469691521
0.237281484609775 0.050781596711766 0.137630208836911 0.336932760382639 0.0543052971050867 0.130746001436946 0.343816967782604 0.0581360664557943 0.123256168621372 0.351306800598178
0.226449827627267 0.0540226076162694 0.120411404902043 0.332488250352491 0.0570701581762992 0.114462042501785 0.338437612752749 0.059661536756565 0.109399560803251 0.343500094451283
0.175880604760659 0.0557272220633848 0.0664772968563207 0.285283912664998 0.0577242244210191 0.0625813172964979 0.289179892224821 0.0632032994886321 0.0518811375912314 0.299880071930087
0.245224489472542 0.0691427447515637 0.109486537626789 0.380962441318294 0.0727635601254002 0.102421255179952 0.388027723765132 0.0739664041309084 0.100072823900339 0.390376155044745
0.242943218000918 0.0498966366466083 0.145021819932332 0.340864616069504 0.0534880607148814 0.138006463944538 0.347879972057298 0.0537587300057245 0.137477497961885 0.348408938039951
0.26955016149535 0.0570526968654802 0.157550440157462 0.381549882833239 0.0609464862231479 0.149950877912869 0.389149445077831 0.0598061457892146 0.152177356424985 0.386922966565716
0.355263709256436 0.0576577654151828 0.2420800705667 0.468447347946172 0.0640953486809457 0.229510724972585 0.481016693540286 0.0623256671116319 0.232967968768083 0.477559449744789
0.212812287507077 0.0639114104802905 0.0872763018208066 0.338348273193346 0.0663987571815479 0.0824306938918911 0.343193881122262 0.0681509055929472 0.079014807894168 0.346609767119985
0.197893800563868 0.0610454761987624 0.078085672967261 0.317701928160474 0.0633491481928129 0.073587538565365 0.32220006256237 0.0656635287117837 0.0690661735387827 0.326721427588953
0.246283600155237 0.0616657931764045 0.125268003862086 0.367299196448387 0.0652204580159707 0.118324677634313 0.37424252267616 0.0660913832928974 0.116622741427226 0.375944458883248
0.235617406230352 0.0518620808096822 0.133829377403275 0.337405435057429 0.0553310201408705 0.127055170737931 0.344179641722772 0.0580667589801382 0.12170879771954 0.349526014741163
0.290310326318293 0.0603313970138918 0.171879420171869 0.408741232464717 0.0650350582311166 0.162697484491806 0.41792316814478 0.0664511491096507 0.159931175972731 0.420689476663855
0.223232241226752 0.0577063544098786 0.109941673745451 0.336522808708052 0.060485264460119 0.104519920997814 0.341944561455689 0.062252335049298 0.101070070113944 0.345394412339559
0.191867431786096 0.0646886589515525 0.0648879591684156 0.318846904403777 0.0670275574311311 0.0603232455935144 0.323411617978678 0.0681880673483188 0.0580573648069519 0.32567749876524
0.200562200830323 0.0537840099378357 0.095008654189661 0.306115747470986 0.0563487843109846 0.0899999218085077 0.311124479852139 0.0599317113827146 0.0829979150589821 0.318126486601664
0.267239662195771 0.0746904492831945 0.120497408911006 0.413981915480536 0.0784771905599975 0.113124149938363 0.421355174453179 0.0778166080626674 0.114411063837716 0.420068260553826
0.224737282467103 0.0590763989611586 0.108748870194293 0.340725694739913 0.0621042450266398 0.102842414950188 0.346632149984018 0.0629924628890164 0.101108759064385 0.348365805869821
0.262359033476891 0.0489602057483767 0.166294398730278 0.358423668223504 0.0528645462433822 0.15866351955324 0.366054547400542 0.0542930764049699 0.15587003152574 0.368848035428042
0.308947224986826 0.0648449916307341 0.181621395048238 0.436273054925415 0.0697049103586426 0.172141431217615 0.445753018756038 0.0673289058468951 0.176777803921657 0.441116646051995
0.296910123993787 0.0539237262536061 0.191078519851476 0.402741728136099 0.0586154597466646 0.181914605735454 0.41190564225212 0.0603300065654449 0.178563390783256 0.415256857204318
0.282204188700501 0.0666113408005714 0.151409978543676 0.412998398857327 0.0706669614355853 0.143499915666648 0.420908461734355 0.0715754416550302 0.14172684399305 0.422681533407953
0.286939517939647 0.0580426978381038 0.173027516233701 0.400851519645593 0.0625752950616242 0.164174202475582 0.409704833403713 0.061037839098132 0.167178250288445 0.406700785590849
0.320193784324396 0.056512815739316 0.209283948857054 0.431103619791738 0.062244420985672 0.198087176136617 0.442300392512175 0.0590842848023937 0.204262328369398 0.436125240279394
0.260832074853821 0.0569518802881504 0.149032494602232 0.372631655105409 0.0607409196221099 0.141637080410738 0.380027069296903 0.0610763391613981 0.140982049417772 0.380682100289869
0.183298906264142 0.0476742704954155 0.0897359103662822 0.276861902162002 0.0498432351095542 0.0855002271074034 0.281097585420881 0.0536319806370611 0.0780957031507833 0.288502109377501
0.235093432903573 0.0531838085445495 0.130698682755981 0.339488183051165 0.0562438028308146 0.124725406959285 0.34546145884786 0.0573460123614678 0.122572604050786 0.347614261756359
0.346556914039832 0.0680201126041581 0.212908171578417 0.480205656501246 0.0732949853483203 0.202636377330825 0.490477450748839 0.069878700821669 0.209291256891171 0.483822571188492
0.227486129390512 0.0714419524281589 0.087183785966066 0.367788472814958 0.0742884374459369 0.0816356714943811 0.373336587286643 0.0735550638179052 0.0830655540928339 0.37190670468819
0.170443179836662 0.0603693251481442 0.0519223970313379 0.288963962641986 0.0620576024443754 0.0486292758485968 0.292257083824727 0.0642653891914556 0.044320368861301 0.296565990812023
0.323611506478113 0.0617630986217793 0.202354752343487 0.444868260612739 0.0670740238957582 0.191990173886495 0.455232839069731 0.0665625951878782 0.192988864387864 0.454234148568362
0.299767604080054 0.0610210431347796 0.180002457425229 0.419532750734879 0.0661179139731529 0.170048350682596 0.429486857477512 0.0650448367805804 0.172144967073596 0.427390241086512
0.335741517037895 0.0543083259658577 0.229146029473036 0.442337004602753 0.0603977721147807 0.217252791278353 0.454230242797436 0.058148646869285 0.221647559920339 0.44983547415545
0.202961913313686 0.0556500112122391 0.0937150797394287 0.312208746887943 0.0581299635631752 0.0888759342207837 0.317047892406588 0.0619497288379765 0.0814160216478767 0.324507804979495
0.250438895887238 0.0653832448347751 0.12204136315706 0.378836428617416 0.0688698734149337 0.11524366910743 0.385634122667046 0.0690149977630471 0.114960572677749 0.385917219096727
0.232584026403602 0.0560951744388391 0.122484304805478 0.342683748001726 0.0592539610564132 0.116316753862708 0.348851298944496 0.0594065959717889 0.116018608511114 0.34914944429609
0.22818772729831 0.0652612885745756 0.0999994754863466 0.356375979110273 0.0681840821307643 0.0943052878167529 0.362070166779867 0.0708161655039661 0.0891727724177339 0.367202682178886
0.199987637268768 0.0493037843117146 0.103219155819483 0.296756118718053 0.0517313615810717 0.0984793256585231 0.301495948879013 0.0538806593228945 0.0942802135388313 0.305695060998705
0.249023624796154 0.0534794142968658 0.144039943820321 0.354007305771987 0.0569291192230679 0.137307071407429 0.360740178184879 0.0585775809887268 0.134087449437129 0.363959800155179
0.271280363423526 0.0520759332267995 0.169077930436309 0.373482796410743 0.056079296934094 0.161258510648555 0.381302216198497 0.0569799385366706 0.159498353476969 0.383062373370084
0.217129312611668 0.062265467082808 0.0948509568100459 0.339407668413289 0.0648302193294815 0.0898516003635428 0.344407024859792 0.0648022281566107 0.0899061855512648 0.34435243967207
0.338880858461986 0.0583059037170991 0.224417739267174 0.453343977656798 0.0640696054020751 0.21316689221302 0.464594824710952 0.0612654001162219 0.218642903889782 0.45911881303419
0.174308558689345 0.0549786865922854 0.0663956532644826 0.282221464114207 0.0569104117647349 0.0626249847950024 0.285992132583687 0.0614238510424132 0.0538077415688686 0.294809375809821
0.253624974869528 0.0528605374799552 0.149883468561156 0.357366481177901 0.0565064024301018 0.142762538473599 0.364487411265458 0.0578661223084618 0.140105251707105 0.367144698031951
0.238237908822812 0.0518614907666982 0.136432762613694 0.340043055031929 0.0551173477353618 0.130077904485251 0.346397913160373 0.0543678732530433 0.131541304138484 0.344934513507139
0.30785546992211 0.0562716188511868 0.197407015646288 0.418303924197933 0.0614397912166922 0.187314271539259 0.428396668304962 0.0590271630943183 0.192027406844088 0.423683533000133
0.297112335516268 0.0576954079289765 0.183864131364578 0.410360539667958 0.0629147494419712 0.173672739294908 0.420551931737629 0.0604005441050198 0.178583681819596 0.415640989212941
0.207653262458223 0.0616402202345404 0.0866308085023773 0.328675716414068 0.0641627821198221 0.0817105146776726 0.333596010238772 0.0655418687965435 0.0790190712206291 0.336287453695816
0.285423329536055 0.0583315271188631 0.170892444474784 0.399954214597325 0.0623111276306001 0.163129136485271 0.407717522586838 0.0626317785148696 0.162503222891275 0.408343436180834
0.270359091274971 0.0636528789837694 0.145378965089073 0.395339217460869 0.0673229209052456 0.138220364599011 0.402497817950931 0.0682087779377246 0.136491368538927 0.404226814011015
0.30334334647588 0.0631215857969268 0.179382824522088 0.427303868429673 0.0677494677208806 0.170359194555039 0.436327498396721 0.0661561503424797 0.173467381907103 0.433219311044658
0.215781164096024 0.0588510578413292 0.100218173120754 0.331344155071293 0.0617958650361633 0.0944760913431241 0.337086236848923 0.0640538349267993 0.0900697139485306 0.341492614243517
0.308675765047924 0.0547321754465553 0.201236084272235 0.416115445823613 0.0597422406515435 0.191455089097343 0.425896440998505 0.0596121588175014 0.191709203588965 0.425642326506883
0.244671449875851 0.0588998871244627 0.129069787443201 0.3602731123085 0.0623658398276416 0.122301904015182 0.36704099573652 0.0622704277979585 0.122488286925454 0.366854612826247
0.209427289444189 0.047391761896471 0.116420157467972 0.302434421420406 0.0501486540905758 0.111035650995241 0.307818927893138 0.0502153990386914 0.110905240366615 0.307949338521763
0.235359371690182 0.0522046208243371 0.132890089792947 0.337828653587416 0.0553052200348687 0.126836921794018 0.343881821586346 0.0575733639525284 0.122405796935324 0.348312946445039
0.260923286912075 0.0691691831185875 0.125112448127814 0.396734125696337 0.072686188444685 0.11825272884076 0.403593844983391 0.0737324612815116 0.116210827610549 0.405635746213602
0.314947397050186 0.0557135445373498 0.205614485410178 0.424280308690194 0.0609057972026988 0.195469883856682 0.43442491024369 0.0589032640273347 0.199383754513405 0.430511039586967
0.226981666872761 0.0608200394644027 0.107587801236795 0.346375532508726 0.0639889795925776 0.101403519820707 0.352559813924814 0.0644785047967972 0.10044773705779 0.353515596687731
0.20107259381658 0.0679197230032462 0.0676483696584243 0.334496817974736 0.0699380297102841 0.0637181980549863 0.338426989578174 0.0718896487294279 0.0599152100491583 0.342229977584002
0.3301144390093 0.0547877191944795 0.22259185655375 0.43763702146485 0.0609375868366922 0.210576806998963 0.449652071019637 0.0609407568649668 0.210570609816737 0.449658268201863
0.242407567128446 0.0603912600306036 0.123845982067693 0.3609691521892 0.0635799228041918 0.117624531673405 0.367190602583487 0.0650065846667553 0.114839207227463 0.369975927029429
0.199119081137246 0.0595135519801818 0.0823026287308546 0.315935533543638 0.0617604824873491 0.0779168582388045 0.320321304035688 0.0643068230610088 0.0729437154766018 0.325294446797891
0.226877477124563 0.0601864881414279 0.108706464229992 0.345048490019134 0.063048847864566 0.103123413856342 0.350631540392785 0.0647057658029585 0.0998894590394794 0.353865495209647
0.259045547062089 0.0466183658221751 0.167571485101471 0.350519609022707 0.0503713534557778 0.160237292888932 0.357853801235245 0.0519348956000011 0.157180017851892 0.360911076272285
0.268059245511194 0.0630380167615687 0.144335877603817 0.391782613418572 0.067475660684787 0.135669891756791 0.400448599265597 0.0687879893653277 0.133105617045002 0.403012873977387
0.25341517291494 0.0530192881526897 0.149353651465779 0.357476694364101 0.0569978462815126 0.141584277238482 0.365246068591398 0.056446802434878 0.142660833300761 0.364169512529119
0.387863769210528 0.0551389527669693 0.279653489729369 0.496074048691686 0.0635420902341273 0.263232186305114 0.512495352115941 0.0596351739461094 0.27087041741554 0.504857121005515
0.319726597881 0.0610209011939384 0.199936084238466 0.439517111523534 0.0665090583285648 0.189223219655483 0.450229976106517 0.0639327405616485 0.194254052744294 0.445199143017706
0.275596332211991 0.0578177204442386 0.162068351340934 0.389124313083048 0.0619625118359697 0.153983667946498 0.397208996477484 0.0613327248253585 0.155212777762613 0.39597988666137
0.311495907372305 0.0555942909013087 0.202399577635918 0.420592237108693 0.0610844035459599 0.191672055611576 0.431319759133035 0.0588370929773411 0.196064712576797 0.426927102167813
0.264461756928277 0.0533325472412838 0.159804623064331 0.369118890792223 0.0574820087734865 0.151697477824149 0.377226036032405 0.0578530546211982 0.150972186154272 0.377951327702282
0.27425912382925 0.059678485213649 0.157110905681915 0.391407341976585 0.0639054698237136 0.14885972850704 0.39965851915146 0.0646040504438758 0.147495259132349 0.401022988526151
0.201456313304578 0.0523970771586719 0.0986317517156571 0.304280874893499 0.0551687658568902 0.0932177314156919 0.309694895193465 0.0581115268225259 0.0874658920479472 0.315446734561209
0.229391206923716 0.0527016069758103 0.125984250897446 0.332798162949987 0.0559232106535448 0.119688585891222 0.33909382795621 0.0574049281055187 0.116791659316829 0.341990754530604
0.241601127953002 0.0594551809155159 0.124907542088395 0.358294713817609 0.0632428183093362 0.117511614503098 0.365690641402906 0.0648650278744899 0.114342096150437 0.368860159755567
0.185341277102572 0.0548833299203802 0.0776212139328075 0.293061340272337 0.0568530594836002 0.0737757678332095 0.296906786371935 0.0584757959527353 0.0706062539863874 0.300076300218757
0.22689507603564 0.0611710327362608 0.106818072399074 0.346972079672206 0.0642271452164654 0.100853277848086 0.352936874223195 0.0662311363229803 0.0969395405703131 0.356850611500968
0.26373771035487 0.073718912091926 0.118878009970667 0.408597410739073 0.0769275282051725 0.112634156378882 0.414841264330858 0.0772743823568854 0.111958749031306 0.415516671678433
0.204665040363962 0.0525488838266527 0.101525980651456 0.307804100076469 0.0551104777324235 0.096524691684104 0.312805389043821 0.0581433520663017 0.0905990673746647 0.31873101335326
0.300425210811283 0.0588297020688434 0.184948090304328 0.415902331318238 0.0641729951057991 0.17451520708165 0.426335214540916 0.0624772803117813 0.177827583592558 0.423022838030008
0.227173380536228 0.0521637318639301 0.12479235049236 0.329554410580096 0.0557740950924017 0.117742034040981 0.336604727031475 0.0593704856430122 0.110713111409741 0.343633649662714
0.298625842260998 0.0606931334339451 0.179475660267739 0.417776024254258 0.0653505374767885 0.17038593730312 0.426865747218877 0.0656356173381445 0.169829207759424 0.427422476762573
0.292287935691537 0.0524796855307492 0.18930435244813 0.395271518934944 0.0576875478559242 0.179128126634038 0.405447744749036 0.0574277025299372 0.179636126934959 0.404939744448115
0.258538668493647 0.0516508159665545 0.157169785244564 0.359907551742731 0.0556702593842962 0.149319067517181 0.367758269470114 0.0582939832927264 0.144190601542646 0.372886735444649
0.29941016004627 0.0563565330804225 0.188814962706531 0.41000535738601 0.061322505676064 0.179112852195733 0.419707467896808 0.0598165707694289 0.182056101738835 0.416764218353706
0.270420127193424 0.0602463004566145 0.152141739323834 0.388698515063015 0.0642234134420888 0.144381321632348 0.3964589327545 0.0633563361144631 0.14607395603677 0.394766298350079
0.273723656232887 0.0547295095863495 0.166291318203611 0.381155994262163 0.0588193918753583 0.158307324209967 0.389139988255807 0.0609052564854491 0.154232269044307 0.393215043421467
0.304071358115997 0.0594669539198213 0.187346553259038 0.420796162972955 0.0652222276956444 0.176108046294139 0.432034669937854 0.06447583259165 0.177566376905358 0.430576339326635
0.266461989140245 0.0542151138511971 0.160065267491199 0.37285871078929 0.0583256417633169 0.152035798253044 0.380888180027446 0.0608707869448106 0.147060652944765 0.385863325335724
0.213936861620449 0.0597741319618224 0.0966001338282246 0.331273589412673 0.0624702540048972 0.0913383812300035 0.336535342010894 0.065264792565628 0.0858807812116168 0.34199294202928
0.249940020991172 0.0654531713082254 0.121443846679735 0.378436195302608 0.0691875062349734 0.114156991609214 0.385723050373129 0.067356710531638 0.117730343798113 0.382149698184231
0.238425853718387 0.0579703774425228 0.124641292807812 0.352210414628962 0.061391611804081 0.11796186780494 0.358889839631833 0.0610884754545553 0.118553926821684 0.358297780615089
0.204089773038369 0.0570242595699031 0.0921475018462468 0.316032044230492 0.0596027910664621 0.0871156767584016 0.321063869318337 0.0626652159247465 0.0811350659706721 0.327044480106066
0.340617435371952 0.0563871602843719 0.229947034987888 0.451287835756016 0.0630554861545335 0.216921168954378 0.464313701789526 0.0611513447214781 0.220642625752599 0.460592244991305
0.253711547655581 0.0494513334052961 0.156660402858411 0.35076269245275 0.0530214053046254 0.149687436264588 0.357735659046573 0.0547026673684139 0.146401537548478 0.361021557762683
0.281271324801533 0.0551215319527711 0.173110155167953 0.389432494435112 0.0600289895654585 0.163519954831243 0.399022694771823 0.0610839952746916 0.161457111651582 0.401085537951484
0.209083750029481 0.0580237057035345 0.0951960309022282 0.322971469156734 0.0609148768531748 0.0895516467177621 0.3286158533412 0.0635927837865554 0.0843201581891454 0.333847341869817
0.303435191018292 0.0544801512224395 0.19651698061518 0.410353401421405 0.0598373834885607 0.186051150190557 0.420819231846028 0.0591679165721036 0.187359674835979 0.419510707200606
0.27199905869605 0.0650562576627491 0.144276303016318 0.399721814375782 0.069315153505073 0.135966302862559 0.408031814529541 0.070500181721094 0.133652508102503 0.410345609289597
0.258140348451774 0.0519758693285489 0.156127177118488 0.360153519785061 0.0553412179280487 0.149555671246191 0.366725025657358 0.055244885411049 0.149743860877518 0.366536836026031
0.174675619387424 0.0551367167929989 0.0664787395978788 0.282872499176968 0.0567897485330413 0.0632499740508919 0.286101264723955 0.0578186872433656 0.0612395814096214 0.288111657365226
0.32324057527229 0.0621614093037852 0.201225282274129 0.445255868270451 0.0685430055344732 0.188763684848966 0.457717465695615 0.0695574331801337 0.186781274234362 0.459699876310218
0.253187171535764 0.0595109632054231 0.136366585960385 0.370007757111143 0.063473749135274 0.128631590534133 0.377742752537395 0.0633682976053072 0.128837523866605 0.377536819204923
0.335119537483785 0.0574046658370547 0.222458490217731 0.447780584749839 0.0634469517170293 0.210654771065437 0.459584303902133 0.0621872274637973 0.213116891836616 0.457122183130954
0.206522428911754 0.0507087157593667 0.106996793354858 0.306048064468651 0.0532301079128915 0.102073731781782 0.310971126041727 0.0559249253340938 0.0968084774197245 0.316236380403784
0.251362756357797 0.0578289845970021 0.137851533848571 0.364873978867024 0.0614639977352351 0.130755244938481 0.371970267777113 0.0630759741577182 0.127606327042931 0.375119185672664
0.314041433284776 0.0485094761439363 0.218854808810698 0.409228057758855 0.0541368044612704 0.207856283502578 0.420226583066975 0.0538738712866947 0.208370460109526 0.419712406460027
0.228883786996265 0.0552988423867002 0.120321361292108 0.337446212700423 0.0579956121569927 0.11505961854307 0.342707955449461 0.0596649849850057 0.111800366367195 0.345967207625336
0.263338216506525 0.0578245636890811 0.149845244971986 0.376831188041064 0.0620531694828169 0.141587696518468 0.385088736494582 0.0636814420084444 0.138405963333553 0.388270469679497
0.235298136530761 0.0570976217741534 0.12323751952776 0.347358753533761 0.0607601081708764 0.116084964757893 0.354511308303628 0.0635724862838684 0.110588759817922 0.3600075132436
0.338805241299011 0.0571944601084488 0.226548658178072 0.45106182441995 0.0637217580696018 0.213799056412963 0.463811426185058 0.061680181468842 0.217788775602361 0.45982170699566
0.181387036679048 0.0543062066805912 0.0747701428465111 0.288003930511585 0.0561417652392748 0.0711895069109284 0.291584566447168 0.0601670178041956 0.0633305322343891 0.299443541123707
0.254457354561589 0.0638967736332467 0.129007690488914 0.379907018634265 0.0679456992748752 0.121108078638626 0.387806630484552 0.0685732637711255 0.119882929637946 0.389031779485233
0.259776700278908 0.0559579703792448 0.14995164104044 0.369601759517375 0.0596639454960025 0.14271425596599 0.376839144591826 0.0598096904783704 0.142429501170436 0.37712389938738
0.169381700349252 0.0551345460479783 0.0611595052483726 0.277603895450131 0.057149248610319 0.0572271689973598 0.281536231701144 0.0574992998589191 0.0565437006049913 0.282219700093512
0.331124804307984 0.0549383739619177 0.22330155737616 0.438948051239807 0.0612378709390196 0.210995403860581 0.451254204755386 0.0576088276314437 0.218086972038484 0.444162636577483
0.186761241440081 0.0551922326402628 0.0783864497714887 0.295136033108673 0.0574368803048949 0.0740096127967755 0.299512870083386 0.0584683950002084 0.0719971241909029 0.301525358689259
0.34889297887311 0.0632711273979783 0.224712532154691 0.473073425591528 0.0707840696354655 0.210036460752738 0.487749496993482 0.069374231039752 0.212792075980999 0.48499388176522
0.288404686623458 0.0614976773932651 0.167686115380821 0.409123257866094 0.0664147092272696 0.158087161234923 0.418722212011992 0.0651864666785267 0.160485987116157 0.416323386130759
0.23177446609632 0.0599698847806832 0.114059358838836 0.349489573353804 0.0629200434724925 0.108300846582002 0.355248085610638 0.0650939694057608 0.104054835474198 0.359494096718442
0.277920437443991 0.0541751379113685 0.171611094069712 0.384229780818269 0.058631062914535 0.162904701082655 0.392936173805326 0.0612020053162536 0.157877955460823 0.397962919427158
0.300117539191893 0.0624905722455656 0.177429628266971 0.422805450116814 0.0668956186724948 0.168834525794599 0.431400552589187 0.0655925045988969 0.171378228325003 0.428856850058782
0.3037150467179 0.0611341150738533 0.183715633722749 0.423714459713052 0.0661502483219495 0.173921906930959 0.433508186504842 0.0651797365946269 0.175817671134101 0.431612422301699
0.232053201043481 0.0555356837933859 0.123055886470447 0.341050515616514 0.0585223615531661 0.117223860743395 0.346882541343566 0.0599290698635905 0.114475552381703 0.349630849705258
0.270028419835947 0.0556750221292073 0.160774272630933 0.37928256704096 0.0598565052575573 0.152604741523345 0.387452098148548 0.0607981491705627 0.150764057802537 0.389292781869357
0.211467684983215 0.047789482478915 0.117711961487886 0.305223408478544 0.0506498105267895 0.112120248542394 0.310815121424036 0.0532289322539258 0.107075741423352 0.315859628543078
0.352636560571898 0.0558776311967891 0.242962180812801 0.462310940330995 0.0620510432215571 0.230904715996936 0.47436840514686 0.0601916332387856 0.234538179767071 0.470734941376725
0.262127324021536 0.0604791538370428 0.143427131947224 0.380827516095847 0.0648175473562524 0.134954711348138 0.389299936694934 0.0650133973581341 0.134572048350224 0.389682599692848
0.382286067165104 0.0657302160951621 0.25320507263247 0.511367061697738 0.0734517445357259 0.238142730486061 0.526429403844147 0.0696076598598891 0.245645338073169 0.518926796257039
0.23225979280628 0.0511551846415762 0.13185639960676 0.3326631860058 0.0541991663189576 0.12591279833924 0.33860678727332 0.0561169476880943 0.122165777763822 0.342353807848737
0.261068712146843 0.0538449637292283 0.15540407912003 0.366733345173655 0.057807194388307 0.147663307511993 0.374474116781692 0.0579662449602616 0.147352440271404 0.374784984022281
0.245792479010042 0.0580270721859032 0.131893668211376 0.359691289808708 0.0614356108713709 0.125239511627728 0.366345446392355 0.062312053625609 0.123527606291683 0.3680573517284
0.185426915094124 0.0558562021615902 0.0758021605851182 0.29505166960313 0.0577508735147737 0.0721028473844095 0.298750982803839 0.0598824766252247 0.0679388523584932 0.302914977829755
0.239764244386323 0.0599316851036616 0.122113378310501 0.357415110462145 0.0629222529116991 0.116277423176535 0.363251065596111 0.0648863118741074 0.11244218377205 0.367086305000596
0.248459415872045 0.0704840958874352 0.10998401161079 0.3869348201333 0.0739967764927915 0.10314408193951 0.39377474980458 0.0717279217817105 0.107563033264103 0.389355798479987
0.315672809528364 0.059685666646002 0.198507768669544 0.432837850387184 0.0655968848389175 0.186967279225095 0.444378339831632 0.0633305098053724 0.191393916287138 0.43995170276959
0.137919987342488 0.0637945951271223 0.0126474055101262 0.26319256917485 0.0649496454042584 0.0103960231613169 0.26544395152366 0.0674734520367572 0.0054738175296106 0.270366157155366
0.286882156831027 0.0589760599867716 0.171116399678191 0.402647913983863 0.0636941507882766 0.161905205146221 0.411859108515832 0.0629272079306618 0.163403243960354 0.410361069701699
0.273207376499656 0.0512351608259335 0.172653501586031 0.373761251413281 0.0552936186347199 0.164726665570666 0.381688087428647 0.0552136369405475 0.164882959619737 0.381531793379576
0.20439743114934 0.0614258863407647 0.0838198987124436 0.324974963586237 0.0637256567825987 0.0793317814961316 0.329463080802549 0.0653584086607243 0.076143773429156 0.332651088869524
0.305173932096096 0.0619249569373453 0.183636371318664 0.426711492873527 0.0669335262586645 0.173854531635799 0.436493332556392 0.0645357084547836 0.178538866954677 0.431808997237514
0.275856837980966 0.055973641695046 0.166028198006505 0.385685477955428 0.0604528802320804 0.157274304532784 0.394439371429149 0.0605326923754922 0.15711825945111 0.394595416510823
0.223466982226354 0.0570350528762672 0.111530405157338 0.33540355929537 0.0600731247445864 0.105597541233324 0.341336423219384 0.0626058348162305 0.100648486498332 0.346285477954377
0.183184218059765 0.0524994815841904 0.0801372200616067 0.286231216057924 0.0546769409715008 0.0758867122877063 0.290481723831825 0.058093233574234 0.0692129872511226 0.297155448868408
0.29455564080948 0.0767389444589935 0.143780555010461 0.445330726608499 0.0814396186776369 0.134627923979445 0.454483357639515 0.0791725896214041 0.139043832027918 0.450067449591042
0.316332414638757 0.0613295789467458 0.195966155221761 0.436698674055752 0.0668421077776484 0.185198824312015 0.447466004965498 0.0663405954145301 0.186178899772537 0.446485929504976
0.266206358292951 0.0520610207982254 0.164052171977424 0.368360544608477 0.0560528443558796 0.156251519806218 0.376161196779684 0.0573087897970856 0.153795917686854 0.378616798899047
0.299217329326161 0.0630316473112764 0.17548795001616 0.422946708636163 0.0681900653979088 0.165417557099005 0.433017101553318 0.0674062541442599 0.166948507685737 0.431486150966586
0.200547379308506 0.0616138493479232 0.0795719671522719 0.321522791464739 0.0638203108371373 0.0752689123766849 0.325825846240326 0.0645986022858896 0.0737503930975957 0.327344365519415
0.21860206582307 0.0529693836932865 0.114647251651695 0.322556879994445 0.0558085973906306 0.109102347960492 0.328101783685647 0.0568716895372254 0.107025166593961 0.330178965052179
0.303629827336703 0.0552405783612408 0.195212292503197 0.412047362170209 0.0605258971930153 0.184888786388098 0.422370868285307 0.060699693886304 0.184549115563459 0.422710539109947
0.21320419139597 0.0502374231881746 0.114595389262528 0.311812993529412 0.052927348237106 0.109344308323943 0.317064074467997 0.0565140074526655 0.102336788774167 0.324071594017774
0.280521296821323 0.0602988972129266 0.162175826974012 0.398866766668633 0.0652454222179685 0.152514943909734 0.408527649732912 0.0665911104843765 0.149885037515644 0.411157556127001
0.168469577707526 0.0602798371980369 0.0501214421928465 0.286817713222206 0.0620908050218217 0.0465891946200616 0.290349960794991 0.0655745520138929 0.0397891141470298 0.297150041268023
0.224543429068048 0.0588146786453032 0.109083850632329 0.340003007503766 0.0615190147283335 0.10380682259795 0.345280035538146 0.0616602376371392 0.103531140206114 0.345555717929981
0.22647868340988 0.0564395811725842 0.115717980163488 0.337239386656272 0.0597051098315602 0.109339609430708 0.343617757389052 0.0596383794881566 0.109469997361162 0.343487369458598
0.242850961442088 0.0591044005069441 0.126837483898253 0.358864438985924 0.0626175288610289 0.119979115901124 0.365722806983052 0.0635460028563864 0.118165558506521 0.367536364377655
0.264278377251374 0.0589347133858397 0.148595605212777 0.379961149289971 0.0634911174964243 0.139699877598109 0.388856876904639 0.0629945136767748 0.140669904123742 0.387886850379006
0.260427637046276 0.058410311946342 0.145757549683959 0.375097724408594 0.0621932923647862 0.1383753581252 0.382479915967353 0.0637889700738964 0.135259296855275 0.385595977237278
0.268100316325759 0.0611601866236898 0.148003167163045 0.388197465488473 0.0650807984515736 0.14035731386097 0.395843318790548 0.0649765174276846 0.140560797464228 0.39563983518729
0.29265181314026 0.0542461628380789 0.186181636202437 0.399121990078084 0.0592398588437641 0.176428963635041 0.40887466264548 0.059567990857053 0.175787726794056 0.409515899486465
0.195686257017776 0.0574906837052705 0.0828480650952393 0.308524448940313 0.0597659466540373 0.078406083841029 0.312966430194523 0.0622366631867301 0.0735797333062256 0.317792780729326
0.226646840742467 0.0520989933357602 0.124371563619467 0.328922117865468 0.0551204362692633 0.118475069824999 0.334818611659936 0.0566832389110511 0.115423128156933 0.337870553328001
0.205277068933801 0.062850613318884 0.0818718156580323 0.32868232220957 0.0652575402604096 0.0771778636398069 0.333376274227796 0.0663828163175215 0.0749822199665727 0.33557191790103
0.306736885765247 0.0490146135111573 0.210578918483482 0.402894853047011 0.0544329732580011 0.19998373369848 0.413490037832013 0.0532607238046511 0.20227680919637 0.411196962334124
0.264181740008603 0.0501724800136831 0.165733222174602 0.362630257842604 0.0544466522544681 0.15738044365349 0.370983036363716 0.0545318516781713 0.157213867268481 0.371149612748725
0.244304977775451 0.0564163444718618 0.133572117615265 0.355037837935637 0.0597932470195008 0.126978972814639 0.361630982736263 0.0608338790998488 0.124946110007069 0.363663845543833
0.321047147886348 0.0557811051675788 0.211572715342044 0.430521580430651 0.0618179537991295 0.199779349312623 0.442314946460072 0.0592474824839615 0.204802843750164 0.437291452022531
0.22147565104614 0.0587672044364207 0.1061067144735 0.33684458761878 0.0613786532565351 0.101011318889895 0.341939983202385 0.0625422649858557 0.0987397023580962 0.344211599734184
0.220430356053915 0.0621089210937719 0.0984428811574082 0.342417830950421 0.0644079070311499 0.0939634854257336 0.346897226682096 0.0667085952017764 0.0894772229857762 0.351383489122053
0.233018209021738 0.0546917558121393 0.125705741951174 0.340330676092302 0.0577002951673008 0.119826734861063 0.346209683182413 0.0603388750838965 0.114667901668321 0.351368516375155
0.240018609080539 0.0538095592356103 0.134403620604014 0.345633597557064 0.0572608574470237 0.12766479219334 0.352372425967738 0.0614713428425775 0.119436309118261 0.360600909042817
0.296394536056882 0.0566974321963136 0.185101264950601 0.407687807163162 0.0617139792223506 0.175306875687695 0.417482196426069 0.0625580822629682 0.17365768209686 0.419131390016904
0.229643147125063 0.0550002434368155 0.12167293513676 0.337613359113367 0.0581471403289642 0.11553157384365 0.343754720406476 0.059498703437844 0.11289225051083 0.346394043739297
0.250529159741424 0.0643171940490753 0.124241626155017 0.376816693327831 0.0678471219758273 0.117356950713526 0.383701368769322 0.0694873336126066 0.114155655006889 0.386902664475959
0.256226088040502 0.0551063966528288 0.148088862225174 0.364363313855829 0.0595073481203392 0.139490089509697 0.372962086571306 0.0593820605452002 0.139734989860391 0.372717186220612
0.260984698342623 0.0535351492724343 0.155914231422626 0.366055165262621 0.0575452489112443 0.148082577801659 0.373886818883587 0.0581965665446343 0.146809858496593 0.375159538188653
0.193604029559372 0.0524832176398083 0.0906137862420577 0.296594272876686 0.0547029410478511 0.086277839143462 0.300930219975282 0.056988263388838 0.0818114602920217 0.305396598826722
0.298166713477401 0.0625929516476798 0.175293846400399 0.421039580554403 0.0674944944734168 0.165726116065825 0.430607310888977 0.066500670927163 0.167666963338982 0.42866646361582
0.228578815863765 0.0554243332836025 0.119789342512081 0.337368289215449 0.058003126160925 0.114755412157796 0.342402219569734 0.0582046774336764 0.114361823988191 0.342795807739339
0.236993806832058 0.0668390229162852 0.105641263590523 0.368346350073592 0.0694530814087785 0.100556021267544 0.373431592396571 0.0694364179729379 0.100588455471327 0.373399158192788
0.280229127458768 0.0602877465583545 0.161882401110203 0.398575853807333 0.0649868793391293 0.152709611223109 0.407748643694428 0.0652089663775732 0.15227583355425 0.408182421363287
0.202520444437928 0.0545946789522756 0.0953061067233974 0.30973478215246 0.0569341893213778 0.0907457313416775 0.314295157534179 0.06091526074686 0.0829771243119541 0.322063764563903
0.298462064657717 0.0633515965170122 0.174083502240527 0.422840627074907 0.0677759688552579 0.165450774439298 0.431473354876136 0.0687518657769837 0.16354531919916 0.433378810116274
0.306755580075872 0.0597178680744897 0.189490814743902 0.424020345407842 0.0644293635827916 0.180301336571528 0.433209823580216 0.0645809039472109 0.180005554241947 0.433505605909797
0.32065031971417 0.0558514926962323 0.211046062595758 0.430254576832581 0.061513961699458 0.199982411647997 0.441318227780342 0.0611601867899818 0.200674002161051 0.440626637267288
0.241566276707067 0.053164328455104 0.137208162069947 0.345924391344188 0.056562102991569 0.130575477680296 0.352557075733838 0.0572373662058188 0.12925657888362 0.353875974530515
0.181358247880555 0.0608704617119389 0.0618503716195381 0.300866124141572 0.0627626015567121 0.0581597781469781 0.304556717614132 0.0653939949246156 0.0530239445448677 0.309692551216243
0.287242121975492 0.0561070255427559 0.177139376273518 0.397344867677466 0.0612641841534274 0.167062870519083 0.407421373431902 0.0623385419408199 0.164962441071075 0.40952180287991
0.234590369369964 0.0651820295355209 0.106593191751926 0.362587546988003 0.0685707442548731 0.0999857442374333 0.369194994502496 0.0697202249784805 0.0977429632961692 0.37143777544376
0.273216824506307 0.0639735082515088 0.147602000264442 0.398831648748173 0.0678973251366918 0.139948993660965 0.40648465535165 0.0683141495890817 0.139135523534192 0.407298125478423
0.265334266699064 0.0533835538392882 0.160567678034754 0.370100855363375 0.0574815809564279 0.15256293993105 0.378105593467079 0.0587847468560527 0.150015912063512 0.380652621334617
0.315597663024455 0.0583527546938227 0.201073446249734 0.430121879799176 0.0636688149573206 0.190689861593631 0.44050546445528 0.0624235089066041 0.19312332865496 0.438071997393951
0.186410377549234 0.053655859080968 0.081093303046174 0.291727452052294 0.0560442581064577 0.0764309610426866 0.296389794055781 0.0567855377626406 0.0749832937463442 0.297837461352123
0.226359320597979 0.057313586236153 0.113818635741813 0.338900005454145 0.0601930507857603 0.108203508733709 0.344515132462249 0.0600202027851462 0.108540725328443 0.344177915867516
0.192774745392265 0.0565504602481102 0.0817578034916111 0.303791687292919 0.0584814477542002 0.0779904254106378 0.307559065373892 0.0598893341457379 0.0752422507792854 0.310307240005245
0.19953321281436 0.0558814024465674 0.0898449833099839 0.309221442318737 0.0579464342603629 0.0858144052557715 0.313252020372949 0.0603235848145863 0.0811718756534739 0.317894549975247
0.262536876440732 0.0584289509062045 0.147845589949705 0.377228162931759 0.0627296317620803 0.139449592111513 0.385624160769951 0.0671010609403785 0.130907298405 0.394166454476464
0.212651091401289 0.0565054922665613 0.101745503219543 0.323556679583034 0.059447100124598 0.0960022443388509 0.329299938463726 0.0599079726998666 0.0951020394807337 0.330200143321843
0.241396428718307 0.0589038481024809 0.12576462245767 0.357028234978944 0.0622462474914188 0.119241518475267 0.363551338961347 0.0627242382622748 0.118308184858345 0.364484672578269
0.301433999809944 0.0524237465768714 0.1985706403164 0.404297359303488 0.0580022335300252 0.187667052457032 0.415200947162856 0.0585483427339675 0.186599047231559 0.416268952388329
0.217217303354462 0.0577092578491788 0.103888552846167 0.330546053862758 0.0601688751198264 0.0990938213649432 0.335340785343981 0.0625146568780539 0.0945173139550696 0.339917292753855
0.317423176141685 0.0569143328009975 0.205679739643077 0.429166612640293 0.0621470031583421 0.195468821841779 0.439377530441591 0.061442857688807 0.19684374995385 0.43800260232952
0.302965344285037 0.0502879936776352 0.204280437215132 0.401650251354941 0.0550195097390285 0.195035775513295 0.410894913056778 0.0532656730511558 0.198463696185497 0.407466992384576
0.181966260490647 0.0548963940882907 0.0742112434138372 0.289721277567458 0.0571596180590823 0.0697937068269962 0.294138814154299 0.0598558094781885 0.0645276013923339 0.299404919588961
0.181784548618742 0.0500754225766001 0.0834929860049946 0.28007611123249 0.0522569366693527 0.0792348027269953 0.284334294510489 0.0541661994755984 0.0755058023702511 0.288063294867233
0.263248225464123 0.07173876967984 0.122346817638497 0.404149633289749 0.0754078797285588 0.115196728827286 0.41129972210096 0.074077530111864 0.117790158545582 0.408706292382664
0.314729571151337 0.0605269632108423 0.195955393262076 0.433503749040599 0.0666399761418709 0.184010130187602 0.445449012115072 0.0640785162664988 0.189017070486699 0.440442071815975
0.345586371909165 0.0657950040070414 0.216404733629762 0.474768010188567 0.0717649022454084 0.204755829027573 0.486416914790757 0.0693241240266488 0.209520607119931 0.481652136698398
0.319395134496079 0.0557477309129157 0.209976629332362 0.428813639659796 0.0613893939229932 0.198958141229193 0.439832127762966 0.0592728844292442 0.203093530744214 0.435696738247944
0.28769913256141 0.0619017297900175 0.166171797059481 0.409226468063338 0.0664390061046413 0.157317621418965 0.418080643703854 0.0682934874603808 0.15369588121418 0.42170238390864
0.259702095810577 0.0639259484924382 0.134194064103313 0.38521012751784 0.0679977390578694 0.126250004493393 0.39315418712776 0.0682137976522379 0.125828235609142 0.393575956012011
0.269145281874702 0.0539327103693045 0.163287203252906 0.375003360496499 0.0583175952508437 0.154724786397537 0.383565777351867 0.0582266260835311 0.154902518078765 0.38338804567064
0.221130770025177 0.0620062075462464 0.0994130412381178 0.342848498812237 0.0649318164766949 0.0937032526005202 0.348558287449834 0.0685286893400878 0.0866779620231445 0.35558357802721
0.189107335686225 0.0521026075539489 0.086857070274436 0.291357601098015 0.0540600897912828 0.0830342203610409 0.29518045101141 0.0568806037014501 0.0775227314529248 0.300691939919526
0.216842608773167 0.056587626009068 0.105771245545813 0.327913972000521 0.0595112150232716 0.100063826040201 0.333621391506132 0.060319971885917 0.0984842141419677 0.335201003404365
0.214942620705192 0.0476610140770254 0.121392122124923 0.308493119285461 0.0502861312390821 0.116267319051508 0.313617922358876 0.0520206464499675 0.112878996452407 0.317006244957977
0.232843985963021 0.0562873310568806 0.122370712045475 0.343317259880568 0.0594680839199855 0.116159714250747 0.349528257675296 0.0615153022197441 0.112159708583975 0.353528263342068
0.286979933615922 0.0556073203264536 0.177802764581392 0.396157102650453 0.0598077098924447 0.16960727305716 0.404352594174684 0.0596852483612758 0.169846355944205 0.404113511287639
0.302832558230113 0.0534774045294153 0.197889946075843 0.407775170384383 0.0585595579065912 0.187959858616852 0.417705257843373 0.0581124007636334 0.188833986448367 0.416831130011859
0.269345266209684 0.0608663574933772 0.149858470787495 0.388832061631873 0.0647972884947034 0.142186725094028 0.39650380732534 0.0658996005341544 0.140034051329537 0.39865648108983
0.218925368279096 0.0610889954339204 0.0989879851808757 0.338862751377316 0.0637832368943344 0.0937323316088093 0.344118404949383 0.0657614055494564 0.0898709956633631 0.347979740894829
0.264962149912916 0.073086922721309 0.121388186070213 0.408536113755618 0.0770761997463777 0.113617543588981 0.416306756236851 0.0777312050471631 0.112340742550658 0.417583557275173
0.241282976154617 0.0759527464716236 0.0919971360352589 0.390568816273975 0.0786812455025414 0.0866918309550898 0.395874121354144 0.0781920474103275 0.0876434649563823 0.394922487352852
0.287012106123159 0.0583577512836416 0.172476696385524 0.401547515860794 0.0632591030254655 0.162903861421983 0.411120350824335 0.062860623277724 0.163682516381029 0.410341695865289
0.217498812041818 0.0512172974446895 0.116980604866032 0.318017019217604 0.0539561388313138 0.111632011693555 0.323365612390081 0.0571326908114054 0.105424194887568 0.329573429196068
0.222076595666579 0.0510110657307967 0.121942986600108 0.32221020473305 0.05396845294067 0.116170570920706 0.327982620412453 0.0547400969338357 0.114663596955645 0.329489594377513
0.331955187020362 0.0572091461431006 0.219686535777285 0.444223838263438 0.0634260200345502 0.207539203071051 0.456371170969672 0.0623565710160583 0.209629873380415 0.454280500660308
0.26828345485697 0.0632336324922968 0.144146658292388 0.392420251421552 0.067278090824779 0.136253864437111 0.40031304527683 0.0665138542066689 0.137745909361159 0.398821000352781
0.171981053337306 0.055173254529002 0.0636759998200903 0.280286106854522 0.0568269376456404 0.060449064713367 0.283513041961245 0.0592867929264412 0.0556461587737918 0.28831594790082
0.264398714502253 0.0566495030968701 0.153220341951706 0.375577087052801 0.0608261871946853 0.145062554240507 0.383734874763999 0.0611002166265755 0.144527062743389 0.384270366261117
0.244917526422084 0.0552612354847374 0.136436595660972 0.353398457183195 0.0588533713178947 0.129425609237732 0.360409443606436 0.0594502312566732 0.128260008865921 0.361575043978247
0.208312072805325 0.0617393695842695 0.0871038823350658 0.329520263275583 0.0641487879540169 0.0824033863591135 0.334220759251536 0.0654721394664997 0.079820341896817 0.336803803713832
0.226923137941669 0.0569446670552202 0.115118725099468 0.338727550783869 0.0596128097874395 0.109914328390537 0.343931947492801 0.0604715122704107 0.108238448750213 0.345607827133125
0.292890428566212 0.0557547213456166 0.183494257010103 0.402286600122322 0.0612834747458242 0.172687500184259 0.413093356948166 0.0608293932335987 0.17357546169706 0.412205395435364
0.215745618974318 0.0601276391451084 0.0977145322106532 0.333776705737982 0.0631191905090617 0.0918760589512543 0.339615178997381 0.0642919756593335 0.0895859571917157 0.34190528075692
0.258108232681091 0.0637466531250845 0.132928290845089 0.383288174517093 0.0679769256498313 0.124679057822371 0.391537407539811 0.0676155245047996 0.125384211455736 0.390832253906446
0.305000019742871 0.0570956362111101 0.192941697522949 0.417058341962793 0.0621156846143603 0.183136791917622 0.42686324756812 0.061481808767096 0.184375450749825 0.425624588735917
0.254044925415659 0.054640547983018 0.146814161945438 0.36127568888588 0.0584937762977709 0.139287384349281 0.368802466482038 0.0585079215246275 0.139259741419876 0.368830109411443
0.240785015192149 0.0560122931159545 0.130868506135612 0.350701524248685 0.0593181872471476 0.124410347523713 0.357159682860584 0.0591859823519024 0.124668703401976 0.356901326982322
0.210737929068917 0.0567727208212453 0.0992894904873436 0.322186367650489 0.0594663729481004 0.0940329129856642 0.327442945152169 0.0600979896751228 0.0927997504180747 0.328676107719758
0.20045272414024 0.0602059438718027 0.0822203001532835 0.318685148127197 0.062662503345972 0.0774317002837953 0.323473747996685 0.0651718321016556 0.0725363039904945 0.328369144289986
0.229572331543775 0.0531971199926419 0.12518459375478 0.33396006933277 0.0567646558006661 0.118214195724143 0.340930467363407 0.0586584588340546 0.114511932768486 0.344632730319064
0.217352065982556 0.0513101659666979 0.116647133054697 0.318056998910416 0.0542905260166187 0.110827402486171 0.323876729478942 0.0567438230865336 0.106033598603007 0.328670533362106
0.25420064758352 0.0568943491496095 0.142526841693145 0.365874453473895 0.0607909570260694 0.13491904067527 0.373482254491771 0.0633560393540924 0.129907161202381 0.378494133964659
0.267077035543105 0.055239005073596 0.158647795011099 0.375506276075111 0.0590293997319243 0.151248190785568 0.382905880300642 0.0606756437375248 0.148032188370186 0.386121882716025
0.167267084769251 0.054129951599423 0.0610072231604447 0.273526946378057 0.0557688434352039 0.0578093844175538 0.276724785120948 0.0576098390814705 0.0542153058062514 0.280318863732251
0.182510591111835 0.0587084367215048 0.0672723513047175 0.297748830918952 0.0608576177470364 0.0630776321578936 0.301943550065776 0.0637874909876303 0.0573555049434328 0.307665677280237
0.197825204059168 0.0604813896098851 0.0791163395237372 0.316534068594599 0.06249262189038 0.0751900816559495 0.320460326462387 0.0641235973822091 0.0720047386601248 0.323645669458211
0.199566971328315 0.0539593330761694 0.0936333890841575 0.305500553572473 0.0560894759965463 0.0894776382416626 0.309656304414968 0.0592547158263562 0.083297603286096 0.315836339370535
0.243535497547787 0.0615249105190047 0.122767255337189 0.364303739758385 0.0652811907133564 0.115434712994865 0.371636282100709 0.065539657496478 0.114929921411101 0.372141073684474
0.29001133122115 0.0597117778814102 0.172804401277931 0.407218261164369 0.0644690444169214 0.163516129335374 0.416506533106926 0.0647494499877628 0.162968334708255 0.417054327734045
0.248211899193174 0.060457603419155 0.129528145921373 0.366895652464976 0.0637262630105957 0.123149359417094 0.373274438969255 0.0649280709575344 0.120802668446522 0.375621129939827
0.307097158518032 0.0571140836443276 0.195007557140495 0.419186759895568 0.062461638713875 0.184561449725963 0.4296328673101 0.0604907359846412 0.188412908774074 0.425781408261989
0.223053085692325 0.0619778576306248 0.101306465053012 0.344799706331638 0.0644814798420993 0.096430030424024 0.349676140960626 0.0657169747033125 0.0940219124424107 0.352084258942239
0.340412974048837 0.0626124554879937 0.217440834902549 0.463385113195125 0.0685354025742947 0.205892513014489 0.474933435083185 0.0668400744210081 0.209200160484779 0.471625787612896
0.368725070536883 0.0559352981529274 0.258948651322434 0.478501489751331 0.0634413538202568 0.244282800067254 0.493167341006512 0.0606919435456089 0.249657383393348 0.487792757680418
0.222253255910847 0.0542133360822601 0.115849711609462 0.328656800212232 0.057213708474069 0.109991111416868 0.334515400404826 0.0607445108740518 0.10309150032563 0.341415011496064
0.257290509643231 0.0669624432436316 0.125826435866084 0.388754583420377 0.071211083281345 0.117536411141137 0.397044608145325 0.072125790283987 0.115750501939086 0.398830517347376
0.245054492066663 0.0569116317680935 0.133341233652484 0.356767750480843 0.0606299947501618 0.126082563338847 0.36402642079448 0.0605115594384399 0.12631387135343 0.363795112779897
0.256160454748083 0.0572814811507652 0.143733586694094 0.368587322802073 0.0612398044906146 0.136004016820083 0.376316892676083 0.0625531227981419 0.133437903320064 0.378883006176103
0.121072576795934 0.0618340906506341 -0.00032588337352768 0.242471036965396 0.0627892455799072 -0.00218868021200302 0.244333833803871 0.0667476488414901 -0.00991400863572696 0.252059162227595
0.274829517646939 0.0504935312278827 0.175741884887432 0.373917150406447 0.0549071075403462 0.167118614517457 0.382540420776421 0.0558996022506894 0.165178334250548 0.384480701043331
0.251112754795241 0.056497645428372 0.140211329595979 0.362014179994503 0.0605807496800843 0.132240387174136 0.369985122416346 0.06527088901329 0.123075232095193 0.379150277495289
0.219919099227632 0.0584565949241617 0.105173407540245 0.33466479091502 0.0614440105478934 0.0993422293201135 0.340495969135151 0.0624978414594753 0.0972841720136524 0.342554026441612
0.200185729817565 0.0605340797327209 0.0813422326929102 0.31902922694222 0.0631560430439835 0.0762270799106042 0.324144379724526 0.0668609057234506 0.0689932457126732 0.331378213922457
0.264522678819963 0.0524085219598816 0.161705917723753 0.367339439916173 0.0570186405910313 0.152692160072697 0.376353197567229 0.055994038678071 0.154696087983165 0.374349269656761
0.26570384381756 0.0597617145099329 0.148350070565066 0.383057617070054 0.063338449558177 0.141375551088568 0.390032136546553 0.061908931348209 0.144164056538614 0.387243631096507
0.222269093679202 0.0577778929051451 0.108851006738478 0.335687180619926 0.0603913909893284 0.103750495281027 0.340787692077378 0.0618504914308066 0.100901347025289 0.343636840333116
0.196388229555354 0.0612869583661751 0.0760913564837547 0.316685102626954 0.0633940685956231 0.0719785603379955 0.320797898772713 0.0646778570755037 0.069471710769128 0.323304748341581
0.249773900483472 0.0548266053408112 0.14215346723532 0.357394333731624 0.0583771525636589 0.135222409226021 0.364325391740923 0.0576175986386705 0.136705714272704 0.362842086694239
0.256545919271545 0.0628779788711119 0.133074917469853 0.380016921073236 0.0666044983951184 0.125808018823134 0.387283819719956 0.0678580760137545 0.12336170621856 0.389730132324529
0.281064698272272 0.0481453023388073 0.186578282547727 0.375551113996816 0.0525473119897324 0.177979015308097 0.384150381236447 0.0531007694300774 0.176897196881541 0.385232199663003
0.306475867310941 0.0536095680574406 0.201284345363915 0.411667389257967 0.0592954462871814 0.190171237908384 0.422780496713498 0.0594376448579741 0.189893162312108 0.423058572309774
0.272622145081535 0.0568533343279045 0.161040254581008 0.384204035582062 0.0614407014368103 0.152080666672098 0.393163623490971 0.0625794013996518 0.14985529125639 0.395388998906679
0.270653321716766 0.0519452419233202 0.168717979299309 0.372588664134223 0.055996218820245 0.160803362128791 0.380503281304741 0.0585536215978786 0.155803419555626 0.385503223877906
0.220785283645828 0.0491667817773423 0.124282913187543 0.317287654104113 0.052137449309936 0.118482694513351 0.323087872778306 0.0529856683263437 0.116825661479405 0.324744905812251
0.343750168519618 0.052907406851138 0.239915149792369 0.447585187246868 0.0590697517688827 0.227876177431148 0.459624159608088 0.056927499898413 0.232063249216918 0.455437087822318
0.191221922511098 0.0613370008886188 0.0708048993128441 0.311638945709352 0.0632100998468766 0.0671508730425151 0.315292971979681 0.0660847742718223 0.061539326004838 0.320904519017359
0.240857769962825 0.0572461825791872 0.128502860113518 0.353212679812132 0.0610540563288586 0.121066738175131 0.36064880175052 0.0622252839757028 0.118778236085644 0.362937303840006
0.291604069628126 0.0595884795026593 0.174628713007565 0.408579426248687 0.064248888269116 0.165531761694275 0.417676377561977 0.063178544298951 0.167621996804655 0.415586142451597
0.288309252254692 0.0611280558322606 0.168332542123174 0.40828596238621 0.0660980131721668 0.15862675567444 0.417991748834944 0.0659971808362774 0.158823773113169 0.417794731396216
0.325932170238782 0.0589740542019949 0.210141949162871 0.441722391314693 0.0647113924601893 0.198946452003647 0.452917888473917 0.0647462805704239 0.198878321316223 0.452986019161341
0.262171849393552 0.0569366181035382 0.150383643586912 0.373960055200191 0.0604655420882391 0.143499242303627 0.380844456483476 0.0588125606686075 0.146724923585621 0.377618775201483
0.255966964850033 0.0557655583066219 0.14648357726358 0.365450352436487 0.0594892851850357 0.139217858007395 0.372716071692672 0.0607678485810159 0.136721344064942 0.375212585635125
0.179243257762975 0.0547503455780282 0.071763851458642 0.286722664067309 0.0568232223294709 0.0677191286280902 0.29076738689786 0.0601118673578044 0.0612972475357624 0.297189267990188
0.160734717677547 0.0501239330922335 0.0623476108592836 0.25912182449581 0.05175862165309 0.0591571047885612 0.262312330566532 0.053357166262609 0.0560355951883316 0.265433840166762
0.211079560857558 0.0496209857813608 0.113699423900211 0.308459697814905 0.0522346683196512 0.108594536344754 0.313564585370362 0.0539494490156428 0.105243518044174 0.316915603670942
0.296209030198204 0.0593705987760943 0.179660448924954 0.412757611471454 0.0644320177434762 0.169780432889177 0.42263762750723 0.0630422886871527 0.172494490376683 0.419923570019725
0.281976012830404 0.0667078341832304 0.151027081545738 0.41292494411507 0.0713754981187619 0.141916146959256 0.422035878701552 0.0734176993340594 0.137927033265319 0.42602499239549
0.28091133980373 0.0586851946839113 0.165733763162981 0.39608891644448 0.0631328999693245 0.157047305451982 0.404775374155479 0.0640165020882452 0.155320622208162 0.406502057399299
0.271481072583398 0.0576769560600808 0.158264835718657 0.38469730944814 0.0623444910368686 0.149152392416403 0.393809752750393 0.0645855124432274 0.144773732333393 0.398188412833404
0.26723606506103 0.0682182931398537 0.13331381298901 0.40115831713305 0.072505830438317 0.124946696705905 0.409525433416156 0.0719281408496859 0.126074554653937 0.408397575468123
0.260294724791518 0.0657862148700198 0.131099165379755 0.389490284203281 0.0694604601471402 0.123936516776823 0.396652932806214 0.0690837004975009 0.124671354836012 0.395918094747024
0.155536043552697 0.0520425442824583 0.0533791518046575 0.257692935300736 0.0537531534405799 0.0500408121005285 0.261031275004865 0.0565851080068148 0.0445104390669759 0.266561648038418
0.249017195577669 0.0541100864085103 0.142826121075523 0.355208270079814 0.0575089654745431 0.136187397826733 0.361846993328605 0.0571432736950763 0.136901929126803 0.361132462028535
0.301459673075374 0.0607579425813474 0.182206389056566 0.420712957094183 0.065794221777521 0.172371620555461 0.430547725595288 0.0646341606765349 0.174637956360785 0.428281389789964
0.274276100128951 0.0493510121470676 0.177428425568216 0.371123774689687 0.0539024270313165 0.168536095101275 0.380016105156627 0.0536252678178802 0.169077863055439 0.379474337202463
0.302916953402595 0.056992158542725 0.191048333793552 0.414785573011638 0.06230123854869 0.180681717572228 0.425152189232962 0.0606772011249911 0.183854279552903 0.421979627252287
0.205868849428415 0.056364257765099 0.0952430103090616 0.316494688547769 0.05893044568689 0.0902326498735658 0.321505048983265 0.0601922766006748 0.0877678102480551 0.323969888608775
0.263830374223864 0.0554130339346036 0.155091090476796 0.372569657970932 0.0593826699412456 0.14733546943582 0.380325279011908 0.0586002020750321 0.148864728681932 0.378796019765796
0.317410867535403 0.0633854743677316 0.192983524397322 0.441838210673484 0.0692306274063855 0.181572431632695 0.453249303438111 0.0674384251105765 0.185072874905808 0.449748860164999
0.293671521477052 0.0497082823484781 0.19611713288663 0.391225910067474 0.0544285118864412 0.186896175502105 0.400446867451999 0.0540628328272382 0.187610900552123 0.399732142401981
0.253843288694151 0.0549359102674898 0.14602418149141 0.361662395896893 0.058425697612588 0.139209108326193 0.36847746906211 0.0602263123407699 0.135690593003578 0.371995984384725
0.226666886265699 0.0562835765310394 0.11619041784593 0.337143354685468 0.0592772792020748 0.110346330816551 0.342987441714846 0.0632968709443721 0.102492981731643 0.350840790799754
0.277377994050179 0.0556234435910955 0.168197506620746 0.386558481479613 0.0596439982321606 0.160347736754603 0.394408251345756 0.0599396245388854 0.159770239109675 0.394985748990683
0.234430568968371 0.0587277346709678 0.119084431729446 0.349776706207296 0.0616280590440912 0.113432545767192 0.35542859216955 0.0638138322132966 0.109169324332506 0.359691813604236
0.270141968419945 0.0579237164424341 0.15639155133867 0.383892385501221 0.0617057840893534 0.149017286655294 0.391266650184597 0.0619168160087454 0.148605545942895 0.391678390896996
0.221457044980176 0.0523357123430025 0.118744050840649 0.324170039119703 0.0553021503524845 0.112950836251987 0.329963253708365 0.0565785118402531 0.110456897499381 0.332457192460972
0.214956606643408 0.066661552258192 0.0840540282590214 0.345859185027795 0.068938117365407 0.0796158945087634 0.350297318778053 0.0695804533012334 0.0783631120034694 0.351550101283347
0.29672858844615 0.0604467415618851 0.178120941070432 0.415336235821868 0.0657848412835627 0.16768858328851 0.42576859360379 0.0662949348280412 0.166691204925539 0.426765971966761
0.248143331884367 0.0587653990128491 0.132783185914452 0.363503477854283 0.0628020743490077 0.124904403553186 0.371382260215549 0.065787437114778 0.119072620227022 0.377214043541713
0.235255696928831 0.0521238569935697 0.132963471167886 0.337547922689776 0.055701193196151 0.125975768344877 0.344535625512784 0.0571548096052175 0.123134744415993 0.347376649441668
0.250684530286559 0.0644340652693261 0.124218918857237 0.377150141715882 0.0682264537094363 0.116813947570878 0.384555113002241 0.0714729470485728 0.110470382146546 0.390898678426573
0.267009393939434 0.0528600597045523 0.1632560408315 0.370762747047367 0.0566740769342232 0.155808950989813 0.378209836889055 0.0572527620034137 0.15467839500612 0.379340392872748
0.290247905454627 0.0547051456755213 0.182860078413346 0.397635732495907 0.0593042433843565 0.173882139225388 0.406613671683865 0.0591300373161979 0.174222408658631 0.406273402250622
0.198987346224549 0.0526962574915653 0.0955341816379932 0.302440510811104 0.0553376298518158 0.0903804834112528 0.307594209037845 0.0574214243874025 0.0863117858400851 0.311662906609013
0.274074834396303 0.0578151806994927 0.16061072823963 0.387538940552975 0.062068979055018 0.15230194919693 0.395847719595676 0.0633362868501385 0.149825135581278 0.398324533211327
0.260215523600711 0.0537952320112839 0.154630102034336 0.365800945167086 0.0577487901427811 0.146909809887213 0.373521237314209 0.060119726943869 0.142276539162024 0.378154508039398
0.204975843805335 0.0565234048347648 0.0940006243275773 0.315951063283092 0.0589305794456 0.0893052003397439 0.320646487270926 0.0610356272015425 0.0851962838607794 0.32475540374989
0.201194704593753 0.0560283962186806 0.0911906313598373 0.311198777827669 0.0584220412256182 0.0865216787244634 0.315867730463043 0.0600573948283157 0.0833298157472165 0.31905959344029
0.210439942797978 0.0500569449530451 0.112213496351805 0.308666389244151 0.0529897522913649 0.106483637329356 0.3143962482666 0.0550975038506689 0.102363387183779 0.318516498412177
0.196280570856522 0.0590756610414701 0.0803208142013584 0.312240327511685 0.0616262840753676 0.075342393921919 0.317218747791124 0.0655192477242656 0.0677380236350802 0.324823118077963
0.223181836495657 0.0559306830675514 0.11341138179986 0.332952291191453 0.059129167456377 0.107165293232855 0.339198379758458 0.0611031879926013 0.103308074020854 0.34305559897046
0.298229843881838 0.0642462640187516 0.172144234070863 0.424315453692812 0.0698666602050711 0.161165264592141 0.435294423171534 0.0687205849573635 0.163404988341548 0.433054699422127
0.218163837343551 0.0496893631696659 0.120646307660169 0.315681367026933 0.052628783307333 0.114905476795977 0.321422197891125 0.0536122373859418 0.112983776139669 0.323343898547432
0.132008542580739 0.0720335430228745 -0.00948261589296967 0.273499701054448 0.0730074043173656 -0.0113791537254129 0.275396238886891 0.0752999555867675 -0.0158462036098151 0.279863288771294
0.187040163383854 0.0599983286371968 0.0692550124185797 0.304825314349129 0.0619214005124343 0.0655031048084293 0.308577221959279 0.0650646135816986 0.0593664862038397 0.314713840563869
0.241552246506785 0.0566924280429745 0.130269015586921 0.352835477426649 0.0600129042494236 0.12378743408985 0.35931705892372 0.0622397529373406 0.119437581108696 0.363666911904874
0.236691351382264 0.0546885268961314 0.129356533049547 0.34402616971498 0.0577679249775428 0.123343375852017 0.35003932691251 0.0597099887252845 0.119548813232064 0.353833889532463
0.215675479461356 0.0681411437604263 0.0817881629234689 0.349562795999243 0.070493969928593 0.077209056807191 0.354141902115521 0.0712095590579069 0.0758155294500054 0.355535429472707
0.293165723502222 0.0558967981044465 0.183448768964134 0.40288267804031 0.0606896880431602 0.174090192797311 0.412241254207133 0.0590097567345021 0.177371716624907 0.408959730379538
0.193370127190863 0.061417130770568 0.0728284146820287 0.313911839699696 0.0639032160708855 0.0679744757188067 0.318765778662918 0.0678497055931786 0.0602638234817619 0.326476430899963
0.246896019764407 0.0611054602657813 0.126927719394967 0.366864320133846 0.0646202632384029 0.120070368772021 0.373721670756792 0.0648273603615525 0.119666114425249 0.374125925103565
0.204332875854888 0.0578025201665334 0.0908428530492154 0.317822898660562 0.060209853726263 0.0861475586471879 0.322518193062589 0.0618891715109292 0.0828701363740728 0.325795615335704
0.184419560056824 0.0512759763955516 0.0837891624089799 0.285049957704669 0.0533299747723478 0.0797780189647459 0.289061101148903 0.056454670525629 0.0736720764318146 0.295167043681834
0.268240287575433 0.0692265775342542 0.132283856069414 0.404196719081451 0.0735397709938552 0.123875827135716 0.412604748015149 0.0728060063673093 0.125306965617353 0.411173609533512
0.331456154988922 0.0551352635671744 0.22327795090368 0.439634359074165 0.0614545701645198 0.210924341570793 0.451987968407052 0.0593823245364208 0.214976855664353 0.447935454313491
0.269093275321392 0.0552601993881877 0.160649119968102 0.377537430674682 0.0595730419892887 0.152223620602346 0.385962930040438 0.0614041410474286 0.148644174697516 0.389542375945268
0.204314119653144 0.0583281120719932 0.089812910377317 0.318815328928972 0.0606550210255392 0.0852722433159361 0.323355995990353 0.0615927114382501 0.0834416226725166 0.325186616633772
0.321303024776252 0.0579237050033319 0.207595621804728 0.435010427747776 0.0639434814152859 0.19584309554846 0.446762954004044 0.0635059043572377 0.196697958469794 0.44590809108271
0.240767769474968 0.0520557610768126 0.13859711584898 0.342938423100956 0.0550966993559465 0.132659452150835 0.348876086799101 0.055885250876006 0.131118967103606 0.350416571846329
0.336007051507626 0.0568083895701716 0.224507670787649 0.447506432227603 0.0627493084031152 0.212904236631886 0.459109866383366 0.0621006375443523 0.214171916655505 0.457842186359746
0.206357768100107 0.05729984854555 0.093905261946776 0.318810274253439 0.060267786714989 0.0881088864202264 0.324606649779988 0.0633481221881323 0.0820890880527847 0.33062644814743
0.266216022665597 0.0627370911618273 0.143055227935141 0.389376817396052 0.0663877032501655 0.135931169307757 0.396500876023436 0.0667475550787258 0.135228569173292 0.397203476157902
0.231339427715247 0.0590030635472713 0.11552402147582 0.347154833954675 0.0624715538635654 0.108752961551778 0.353925893878717 0.0667236862183628 0.100444864552265 0.36223399087823
0.281309921391959 0.0529692838578187 0.177356513516649 0.385263329267269 0.0577534095202809 0.168010804017693 0.394609038766225 0.0577931288594753 0.167933171143907 0.394686671640011
0.262132308587174 0.0555977693090014 0.153010143333705 0.371254473840643 0.0594723183055719 0.145444120536375 0.378820496637972 0.0601086746564128 0.144200805436708 0.380063811737639
0.268701394259371 0.0541631805771109 0.162376032614459 0.375026755904283 0.0583344843902111 0.154233900349541 0.3831688881692 0.0585031713683621 0.153904437531919 0.383498350986823
0.34299279526057 0.0577360845389624 0.229697029072497 0.456288561448643 0.0646455616725495 0.216193603849328 0.469791986671811 0.0603337834105302 0.224622367546036 0.461363222975103
0.241066959902081 0.0625118419366706 0.118302738146353 0.363831181657808 0.0657830594568956 0.111925860476084 0.370208059328077 0.0654525498477566 0.112570463426971 0.36956345637719
0.298792251395906 0.0556258045517502 0.189634490788087 0.407950012003724 0.0608406457454604 0.179445022688894 0.418139480102918 0.0594688500597459 0.182126478780708 0.415458024011103
0.240860238426882 0.0560576629712682 0.130813121791911 0.350907355061852 0.0595192846145083 0.124057493457164 0.357662983396599 0.06250311254792 0.118229402308055 0.363491074545709
0.22947339864527 0.0616709312800737 0.108414733901887 0.350532063388653 0.0649446084949512 0.102025202570911 0.35692159471963 0.0647300137790485 0.102444210221619 0.356502587068921
0.286846099352552 0.0600669581897167 0.168953931185799 0.404738267519304 0.0641687661568784 0.160943896808708 0.412748301896395 0.0648375025572165 0.159637298466772 0.414054900238331
0.233766965300061 0.0569128002298314 0.122057668595312 0.345476262004809 0.0601285621917145 0.115779595653854 0.351754334946267 0.0625605674666945 0.111028399814521 0.3565055307856
0.312197561258826 0.0615727682412922 0.191303312930035 0.433091809587616 0.0663226079240761 0.182036606842541 0.44235851567511 0.0656279321900424 0.183392647617138 0.441002474900513
0.319464495725693 0.0649770721470304 0.191916008981987 0.4470129824694 0.0705411770803409 0.18105339494397 0.457875596507417 0.0687652320990842 0.184522006090132 0.454406985361254
0.262777435208224 0.0575276280143032 0.149877327114434 0.375677543302013 0.06159896451088 0.141925145791043 0.383629724625404 0.0631826926159242 0.138829945146399 0.386724925270048
0.290348176407218 0.0579460477021114 0.17662685514396 0.404069497670476 0.0629977695004932 0.166758786164597 0.413937566649839 0.0635008927785591 0.165775422112027 0.414920930702409
0.207892070885872 0.0532060280997196 0.103466272034635 0.312317869737109 0.0558313028712016 0.0983402172793402 0.317443924492405 0.0574446153620916 0.0951883953253413 0.320595746446403
0.225847175042923 0.0621568585012397 0.103848580749522 0.347845769336325 0.0651880933678854 0.0979305865704742 0.353763763515373 0.0667729351585 0.0948348166981363 0.356859533387711
0.267625170538391 0.0570270305728791 0.155706562404265 0.379543778672516 0.0613821010541476 0.14720007698606 0.388050264090721 0.0616057445739728 0.146763030012287 0.388487311064494
0.178180602262927 0.0528498402142119 0.0744584289444789 0.281902775581376 0.0547272578292551 0.0707925387415299 0.285568665784325 0.0593039517359398 0.0618490946563535 0.294512109869501
0.216258047205921 0.0449167458959387 0.128124882118722 0.30439121229312 0.0480569059474469 0.121988277801357 0.310527816610485 0.0528874815504403 0.112540510283488 0.319975584128354
0.280697409869098 0.0561645078448905 0.1704286415873 0.390966178150897 0.0602120858990896 0.162531085520835 0.398863734217361 0.0581208351582853 0.166612734008057 0.394782085730139
0.294346096393508 0.0629538476603976 0.170709756230745 0.41798243655627 0.0674199076579868 0.162002825720999 0.426689367066016 0.0663666073306163 0.164057431489196 0.42463476129782
0.334078277226747 0.0571221617192994 0.221965889338282 0.446190665115213 0.0626753769234172 0.211119496660424 0.457037057793071 0.0602523423311473 0.215853807835291 0.452302746618204
0.327722863593069 0.068784472117517 0.192607298861105 0.462838428325033 0.0739718810649049 0.182499182510121 0.472946544676017 0.0716927662198677 0.186942339942024 0.468503387244114
0.307872574711758 0.0578526962607814 0.194325821613171 0.421419327810344 0.0632286610534196 0.18382604064583 0.431919108777686 0.0613668381934934 0.187463813899051 0.428281335524464
0.112961855869876 0.0545398168978228 0.00590370513208203 0.220020006607671 0.0553750209930661 0.00427397226305617 0.221649739476697 0.0583228917280654 -0.00148140190259219 0.227405113642345
0.222189921911664 0.0496739504821806 0.124694383009595 0.319685460813732 0.0525255051333262 0.119126498870197 0.32525334495313 0.0545673418086999 0.115137056050444 0.329242787772883
0.251088293993024 0.0609094097712854 0.1315493548506 0.370627233135447 0.0648114854861249 0.123928436241797 0.378248151744251 0.0660167670019371 0.121573218368223 0.380603369617825
0.19068879026398 0.0508046493637924 0.0909637065074631 0.290413874020497 0.0529566912314247 0.0867633424406655 0.294614238087295 0.0568934702271907 0.0790730263134917 0.302304554214469
0.267739335527727 0.0547740426903516 0.160239752399459 0.375238918655995 0.0586590734995029 0.152652108016055 0.382826563039399 0.0582753653470988 0.153401821540347 0.382076849515107
0.26294178595515 0.049570901810918 0.165680743345407 0.360202828564892 0.0534530584100522 0.158092904482362 0.367790667427938 0.0524648862127412 0.160024913159992 0.365858658750307
0.329840366577285 0.0559206128253276 0.220080259664374 0.439600473490195 0.0615553478489674 0.209075904092809 0.45060482906176 0.0597633048224749 0.212577273562104 0.447103459592465
0.19345140409869 0.0687911542226761 0.0583535693860705 0.328549238811309 0.0708891387212539 0.0542648896722085 0.332637918525171 0.0728059836446474 0.0505269331832168 0.336375875014163
0.319047145164231 0.06133296922601 0.198628012972843 0.439466277355618 0.0664316621910834 0.188679299481316 0.449414990847145 0.0641789608803249 0.193076577268661 0.4450177130598
0.279270601742442 0.0551950571393971 0.170955043437946 0.387586160046939 0.0594469095842331 0.162648591251908 0.395892612232977 0.0604239259916279 0.160738844799084 0.397802358685801
0.266326001197284 0.0597764308857781 0.14899051337327 0.383661489021298 0.0639109782234597 0.140918964937339 0.39173303745723 0.0642626739128696 0.140232005917098 0.392419996477471
0.244643722567083 0.053844145838069 0.138954788049551 0.350332657084615 0.0571230527964136 0.132553696229865 0.356733748904301 0.0593035856779634 0.12829386380566 0.360993581328506
0.223705783786487 0.0528269392786787 0.120029348304018 0.327382219268956 0.0556573613253433 0.114501786047929 0.332909781525044 0.0582081594793716 0.10951712092421 0.337894446648763
0.299627208817289 0.0630462262662619 0.175866191123828 0.42338822651075 0.0681627407265701 0.165878284736129 0.433376132898449 0.0678086902953334 0.166569807394382 0.432684610240195
0.179235948938328 0.0653945396255349 0.0508375416392405 0.307634356237416 0.0673699856646936 0.046985207661307 0.311486690215349 0.069210283609494 0.0433944748229241 0.315077423053732
0.259376190033517 0.0635743271777541 0.134512100027618 0.384240280039416 0.0670500499117699 0.127738372935123 0.391014007131911 0.0680318993808378 0.125823482791654 0.39292889727538
0.188133370366828 0.0532792515478356 0.0835517461266513 0.292714994607005 0.0556167824966483 0.0789891814491104 0.297277559284546 0.0581496058006821 0.0740421340494427 0.302224606684214
0.345951223164905 0.0541946668375079 0.239611878329101 0.452290568000709 0.0607727288025805 0.226753976507428 0.465148469822382 0.0576653650026633 0.23282980594831 0.4590726403815
0.296358065963177 0.0597290207685512 0.179116204726672 0.413599927199681 0.0644922263650589 0.169816556051924 0.42289957587443 0.0642244336458886 0.170339670716463 0.42237646120989
0.255140378860033 0.0565371431389249 0.144181977147624 0.366098780572443 0.0600340040024024 0.137352615431558 0.372928142288509 0.0620334864500431 0.133445256451304 0.376835501268763
0.262509172460511 0.0560195530015034 0.152551738582775 0.372466606338246 0.0594610454230115 0.145832967827543 0.379185377093478 0.0618703120609154 0.141126042688893 0.383892302232128
0.21935326664681 0.0594307481084162 0.102699459426365 0.336007073867255 0.0623923209245804 0.0969182268136543 0.341788306479965 0.0633418731478773 0.0950637202122304 0.343642813081389
0.285988021665509 0.0599859825796719 0.168259173857078 0.403716869473941 0.0647106724518287 0.159031236342896 0.412944806988123 0.0645138518594907 0.15941583753769 0.412560205793329
0.233567698970636 0.0606662976483369 0.114429364502292 0.352706033438979 0.0635228230931983 0.10886098790503 0.358274410036241 0.0651737714539973 0.105640351454684 0.361495046486587
0.218666291898708 0.0603330154805069 0.100232549901055 0.337100033896362 0.0630527159311204 0.094924773495751 0.342407810301665 0.0632376620118006 0.0945636919944655 0.342768891802951
0.214682133210453 0.0569140546063271 0.102962617667285 0.326401648753622 0.0596936360979426 0.0975374378654458 0.331826828555461 0.0615572313411758 0.0938978564001031 0.335466410020803
0.291825588222562 0.053310861307663 0.187211039354181 0.396440137090943 0.0583119614398255 0.17743909480185 0.406212081643274 0.0575283660558606 0.17897088470263 0.404680291742494
0.246153292609346 0.0530106592955901 0.142112392136862 0.35019419308183 0.0565329942523103 0.135233686496022 0.35707289872267 0.0587973026176434 0.130808739659451 0.361497845559241
0.415291633446813 0.0592879208691608 0.298931664515451 0.531651602378176 0.0686848208230853 0.280570441817053 0.550012825076574 0.0615048467742657 0.294603049083603 0.535980217810024
0.284701366500862 0.0567438979952314 0.173358011414795 0.396044721586929 0.0611101703340384 0.164825699297516 0.404577033704209 0.0615012309402964 0.16406116883434 0.405341564167384
0.197978074776452 0.0563270740083934 0.0874123601795157 0.308543789373388 0.0584502034984335 0.0832686446299887 0.312687504922915 0.0608859075009489 0.0785119697998285 0.317444179753075
0.195423949804967 0.0558049751508546 0.0858564780808073 0.304991421529126 0.0579293281248545 0.081713192745614 0.309134706864319 0.0603731715733854 0.076943360269154 0.313904539340779
0.285358152270938 0.0575203023697537 0.172458451181802 0.398257853360074 0.0620037638075803 0.163703734080732 0.407012570461144 0.0627502778301584 0.162245158670175 0.408471145871701
0.256471755311062 0.0569818076940631 0.144595024379736 0.368348486242389 0.0602596847431781 0.138200595267137 0.374742915354988 0.0613584115068776 0.136055816871267 0.376887693750858
0.349178672437664 0.0573125191330911 0.2366891530867 0.461668191788629 0.063912458797842 0.223797924261545 0.474559420613783 0.060890415936162 0.22970306518091 0.468654279694419
0.294086775833576 0.0615477716158543 0.173310074812525 0.414863476854626 0.0667182886292652 0.163207312664274 0.424966239002877 0.0658151443181951 0.164972678666333 0.423200873000819
0.17725389729028 0.0608694130705229 0.057737373609866 0.296770420970694 0.0627393078784246 0.054091114115166 0.300416680465394 0.0664981634239258 0.0467553397757512 0.307752454804809
0.213089634388579 0.0536033688649864 0.107859177967082 0.318320090810076 0.0562197502206946 0.102753823683562 0.323425445093597 0.0568738774534812 0.101476784549184 0.324702484227974
0.296943449325064 0.0593120869579471 0.180476716221008 0.41341018242912 0.0641430191880925 0.171053815241485 0.422833083408642 0.0645004999688209 0.170356008592188 0.42353089005794
0.29059342061079 0.0595528943198235 0.173707481406547 0.407479359815033 0.0641595024877338 0.164711674172139 0.41647516704944 0.0657916725935659 0.161522232631385 0.419664608590194
0.310425686069598 0.0589644783639542 0.194673742461274 0.426177629677923 0.0643652117093613 0.184131032403946 0.436720339735251 0.0633770092600056 0.186061156803552 0.434790215335644
0.242783424427208 0.0598012138322899 0.125372133244186 0.36019471561023 0.0632421417763553 0.118659471952249 0.366907376902167 0.0643759852243835 0.116446104818426 0.36912074403599
0.222242178803946 0.0614911153241383 0.101511947154348 0.342972410453545 0.0642014694311823 0.0962252730436521 0.348259084564241 0.0642719752488869 0.0960876913247229 0.34839666628317
0.209290917787303 0.0591433403476883 0.093180317423349 0.325401518151256 0.061846100067399 0.0879071111040092 0.330674724470596 0.0655643155511698 0.080646522786697 0.337935312787908
0.262293083037719 0.0542030260042019 0.155900454189409 0.36868571188603 0.0578380290311893 0.148803739924633 0.375782426150805 0.0588508149042564 0.146825265709662 0.377760900365777
0.29577011244746 0.0582015577191496 0.181526504343167 0.410013720551754 0.0630591892360444 0.172042252882536 0.419497972012385 0.0639895783438569 0.170224497061165 0.421315727833756
0.192194858979146 0.0510870689134486 0.0919420713536181 0.292447646604674 0.0534223553835055 0.087380573101318 0.297009144856974 0.0546930046908442 0.0848975359974913 0.299492181960801
0.282759767557809 0.0631544051995591 0.158814828062636 0.406704707052982 0.0674051083313393 0.15051285754138 0.415006677574238 0.0675575806068184 0.150214932780062 0.415304602335556
0.210438525235313 0.0537798135902441 0.104899247252485 0.315977803218141 0.0564765921442449 0.0996318107504295 0.321245239720196 0.0565500425011353 0.0994882973742088 0.321388753096416
0.230743710186478 0.0693859654342488 0.0943137521884541 0.367173668184501 0.0718245936221023 0.0895772040164564 0.371910216356499 0.0737136822699982 0.0859041951977553 0.3755832251752
0.192779432755948 0.0558273970231934 0.0831826719376006 0.302376193574295 0.0582552101766167 0.0784455133832231 0.307113352128673 0.0610173842153645 0.0730519983989774 0.312506867112919
0.232531152812054 0.0681717123556198 0.0987260985572602 0.366336207066847 0.0713187642233873 0.0925822081977676 0.37248009742634 0.0717810855107035 0.0916792809919858 0.373383024632122
0.170662820995047 0.08232015891251 0.00874870788295432 0.33257693410714 0.0836398363776609 0.00618884039419668 0.335136801595898 0.0875766556314365 -0.00145695077784419 0.342782592767939
0.206714224547153 0.0557388437703891 0.0972956463615103 0.316132802732796 0.0579712120331103 0.0929394846228107 0.320488964471496 0.0591303553304014 0.090676457245817 0.32275199184849
0.235371147246768 0.0588608453924443 0.119849253169199 0.350893041324338 0.0622169948346675 0.113295380245041 0.357446914248496 0.0643824698922375 0.109064087889823 0.361678206603714
0.250498453388793 0.063851490835466 0.125073895289775 0.37592301148781 0.0667527492288342 0.119422306993383 0.381574599784202 0.0675335819608219 0.117900259718985 0.3830966470586
0.312259046735638 0.0571530560845165 0.2001127529911 0.424405340480177 0.0634793141450986 0.187748230812998 0.436769862658279 0.0619117747335047 0.190813249054596 0.43370484441668
0.184993052354268 0.0527402275772093 0.0814387118621202 0.288547392846417 0.0548118023338126 0.0773987775531301 0.292587327155407 0.057350467540315 0.0724440919492192 0.297542012759318
