estimate std lowerCI upperCI
NA NA NA NA
NA NA NA NA
NA NA NA NA
NA NA NA NA
NA NA NA NA
NA NA NA NA
NA NA NA NA
NA NA NA NA
NA NA NA NA
NA NA NA NA
NA NA NA NA
NA NA NA NA
NA NA NA NA
NA NA NA NA
NA NA NA NA
NA NA NA NA
NA NA NA NA
NA NA NA NA
NA NA NA NA
NA NA NA NA
NA NA NA NA
NA NA NA NA
NA NA NA NA
NA NA NA NA
NA NA NA NA
NA NA NA NA
NA NA NA NA
NA NA NA NA
NA NA NA NA
NA NA NA NA
NA NA NA NA
NA NA NA NA
NA NA NA NA
NA NA NA NA
NA NA NA NA
NA NA NA NA
NA NA NA NA
NA NA NA NA
NA NA NA NA
NA NA NA NA
NA NA NA NA
NA NA NA NA
NA NA NA NA
NA NA NA NA
NA NA NA NA
NA NA NA NA
NA NA NA NA
NA NA NA NA
NA NA NA NA
NA NA NA NA
NA NA NA NA
NA NA NA NA
NA NA NA NA
NA NA NA NA
NA NA NA NA
NA NA NA NA
NA NA NA NA
NA NA NA NA
NA NA NA NA
NA NA NA NA
NA NA NA NA
NA NA NA NA
0.235154972777905 0.0533954160252929 0.130499957368331 0.339809988187479
NA NA NA NA
NA NA NA NA
NA NA NA NA
NA NA NA NA
NA NA NA NA
NA NA NA NA
0.322283477495034 0.0502017098605487 0.223888126168358 0.420678828821709
NA NA NA NA
NA NA NA NA
NA NA NA NA
NA NA NA NA
NA NA NA NA
NA NA NA NA
NA NA NA NA
NA NA NA NA
NA NA NA NA
NA NA NA NA
NA NA NA NA
0.255624614798944 0.0573375692198335 0.14324297912807 0.368006250469817
NA NA NA NA
NA NA NA NA
NA NA NA NA
NA NA NA NA
NA NA NA NA
NA NA NA NA
NA NA NA NA
NA NA NA NA
NA NA NA NA
NA NA NA NA
NA NA NA NA
NA NA NA NA
NA NA NA NA
NA NA NA NA
NA NA NA NA
NA NA NA NA
NA NA NA NA
NA NA NA NA
NA NA NA NA
NA NA NA NA
NA NA NA NA
NA NA NA NA
NA NA NA NA
NA NA NA NA
NA NA NA NA
NA NA NA NA
NA NA NA NA
NA NA NA NA
NA NA NA NA
NA NA NA NA
NA NA NA NA
NA NA NA NA
NA NA NA NA
NA NA NA NA
NA NA NA NA
NA NA NA NA
NA NA NA NA
NA NA NA NA
NA NA NA NA
NA NA NA NA
NA NA NA NA
NA NA NA NA
NA NA NA NA
NA NA NA NA
NA NA NA NA
NA NA NA NA
NA NA NA NA
NA NA NA NA
0.185382529954472 0.0535928814969035 0.0803404822205416 0.290424577688403
NA NA NA NA
NA NA NA NA
NA NA NA NA
NA NA NA NA
NA NA NA NA
NA NA NA NA
NA NA NA NA
NA NA NA NA
NA NA NA NA
0.289015659131521 0.0517447250018904 0.187595998127816 0.390435320135227
0.305045472657177 0.0518567977619362 0.203406149043782 0.406684796270572
0.25685884731495 0.0470800667644755 0.164581916456577 0.349135778173322
0.277694879446366 0.0504484853639683 0.178815848132988 0.376573910759743
0.209442273446045 0.0497109799546963 0.11200875273484 0.30687579415725
0.255834479172025 0.0496927295917408 0.158436729172213 0.353232229171837
0.245801125213149 0.0564772000037461 0.135105813205806 0.356496437220491
0.179105271235234 0.0514221033587534 0.0783179486520776 0.279892593818391
0.228061181487223 0.0548746425304592 0.120506882127523 0.335615480846923
0.25152409972764 0.0576823879506923 0.138466619344283 0.364581580110997
0.227086134932252 0.04895658749563 0.131131223440817 0.323041046423687
0.298890326288706 0.056564034668144 0.188024818339144 0.409755834238268
0.226070832028496 0.0493625020696623 0.129320327971958 0.322821336085034
0.312150046188326 0.0488103577396598 0.216481745018593 0.407818347358059
0.306266154063632 0.052519993023358 0.20332696773785 0.409205340389413
0.268718387154805 0.0461665020610183 0.178232043115209 0.359204731194401
0.317414189578974 0.050863618873018 0.217721496587858 0.417106882570089
0.253433698786996 0.0510150734104446 0.153444154902524 0.353423242671467
0.300591749845292 0.0471714382153868 0.208135730943134 0.39304776874745
0.293424840551028 0.060496309587952 0.174852073758642 0.411997607343414
0.291599793085189 0.0474461565908346 0.198605326167154 0.384594260003225
0.228674553946141 0.0556452075912121 0.119609947067366 0.337739160824917
0.235582342337129 0.0590710025307602 0.119803177376839 0.351361507297419
0.23159137766289 0.0542583903403175 0.125244932595867 0.337937822729912
0.216045853098066 0.0449449551114053 0.127953741079712 0.30413796511642
0.365570240964552 0.0539141178754529 0.259898569928665 0.47124191200044
0.263285191233147 0.0445221329148787 0.176021810719985 0.350548571746309
0.288275514766391 0.0545178122052977 0.181420602844008 0.395130426688775
0.226126341541407 0.0481713757404331 0.131710445090158 0.320542237992655
0.298104957571619 0.0486190869203335 0.202811547207766 0.393398367935473
0.279132588685891 0.0617505364542031 0.158101537235653 0.400163640136129
0.25791513782048 0.0425904854329947 0.174437786371811 0.34139248926915
0.180973821328621 0.0490289387257265 0.0848771014261976 0.277070541231045
0.355558912295306 0.0522434402859162 0.25316176933491 0.457956055255702
0.236290159898472 0.0556840813713642 0.127149360410598 0.345430959386346
0.330418685679442 0.0492603452245464 0.233868409039331 0.426968962319553
0.202245192878852 0.0441831662901593 0.11564618695014 0.288844198807564
0.2874643239404 0.0536047854815973 0.18239894439647 0.392529703484331
0.333082401063407 0.0499028001241838 0.235272912820007 0.430891889306807
0.21934340310624 0.0491437058801575 0.123021739581131 0.315665066631348
0.267003666672726 0.0460994219721059 0.176648799607398 0.357358533738054
0.234286376681618 0.0541657356135793 0.128121534879003 0.340451218484234
0.368617709459756 0.0508045566806917 0.269040778365601 0.468194640553912
0.199716979331074 0.0497276098511779 0.102250864022765 0.297183094639383
0.236767636047975 0.0578942563787301 0.123294893545664 0.350240378550286
0.271608593704253 0.0525164447266193 0.168676362040079 0.374540825368427
0.152662025532311 0.0498660012993119 0.0549246629856599 0.250399388078962
0.334498397591072 0.0512922674076318 0.233965553472113 0.43503124171003
0.184384118014366 0.0466514093529409 0.0929473556826015 0.27582088034613
0.358388590874163 0.0575174750912012 0.245654339695409 0.471122842052918
0.284312495142967 0.0597503642561646 0.167201781200885 0.40142320908505
0.232036843498449 0.0544829380283043 0.125250284962973 0.338823402033926
0.306193868063377 0.0491711589448514 0.209818396531468 0.402569339595286
0.288792052655671 0.046738877058989 0.197183853620053 0.380400251691289
0.304536229652023 0.0545533005429365 0.197611760587868 0.411460698716179
0.224597147436972 0.0517771038881676 0.123114023816164 0.326080271057781
0.254366524888074 0.0505103606110933 0.155366218090331 0.353366831685817
0.221554162532364 0.0457763999847789 0.131832418562198 0.311275906502531
0.363032817385696 0.0531944979198652 0.25877160146276 0.467294033308632
0.268938491489466 0.0546041004022068 0.161914454701141 0.375962528277792
0.380198009191321 0.0554185691705111 0.271577613617119 0.488818404765523
0.241180581564841 0.0473769107950927 0.148321836406459 0.334039326723223
0.248461082968828 0.049083235295146 0.152257941790342 0.344664224147314
0.251726360784765 0.0502443710625686 0.15324739350213 0.350205328067399
0.210292832862018 0.0541051313117927 0.104246775490904 0.316338890233131
0.247701581545756 0.0507025311462011 0.148324620499202 0.34707854259231
0.251282816436015 0.0576988673756083 0.138193036379822 0.364372596492207
0.308905585886753 0.058388805768442 0.194463526580607 0.423347645192899
0.103590299836842 0.0568793698111346 -0.00789326499298174 0.215073864666666
0.288034894739846 0.0539052933718916 0.182380519730938 0.393689269748754
0.274834223602318 0.049720227088697 0.177382578508472 0.372285868696164
0.200240616085736 0.0503859670747535 0.101484120619219 0.298997111552253
0.285152207363079 0.0567578210553144 0.173906878094662 0.396397536631495
0.289450438105369 0.0534624871475608 0.18466396329615 0.394236912914588
0.226938513080396 0.0507321559327663 0.127503487452174 0.326373538708618
0.164760863360024 0.0443973400586561 0.077742076845058 0.25177964987499
0.28865097118057 0.0596426510490233 0.171751375124484 0.405550567236656
0.319165705867097 0.0507970706709321 0.21960344735207 0.418727964382124
0.270078687221592 0.044291790102013 0.183266778621646 0.356890595821538
0.291549355589056 0.0562886688794006 0.181223564585431 0.401875146592681
0.210795665442849 0.0524758201171954 0.107943058013146 0.313648272872551
0.248545688076427 0.0504573757399546 0.149649231626116 0.347442144526738
0.317035702661211 0.0512026152859067 0.216678576700833 0.417392828621588
0.226444263745601 0.0469091628846358 0.134502304491715 0.318386222999487
0.290329818537576 0.0542858360621779 0.183929579855707 0.396730057219444
0.186565420766203 0.0541253823029654 0.0804796714523909 0.292651170080015
0.233588703336212 0.0515198626776257 0.132609772488066 0.334567634184359
0.204015912310282 0.0571754571211959 0.091952016352738 0.316079808267826
0.248578318267198 0.0510613509003534 0.148498070502505 0.34865856603189
0.261391347117602 0.0544861601308301 0.154598473261175 0.368184220974029
0.263391602484306 0.0511600581582584 0.163117888494119 0.363665316474492
0.263522591446955 0.0540788185085516 0.157528107170194 0.369517075723716
0.298777599013013 0.0515378003604898 0.197763510306453 0.399791687719573
0.200322096310235 0.0447612660514904 0.112590014849314 0.288054177771156
0.20773535048394 0.0444173393506656 0.120677365356635 0.294793335611244
0.221379741105081 0.0512537189738475 0.12092245191634 0.321837030293822
0.326709834369707 0.0492410675865601 0.230197341900049 0.423222326839365
0.265828213849842 0.0541431483320482 0.159707643119027 0.371948784580657
0.244874110776807 0.0481513846251242 0.150497396911564 0.339250824642051
0.329775957910645 0.0576330704680735 0.21681513979322 0.442736776028069
0.2436227201252 0.0507198201067683 0.144211872715934 0.343033567534466
0.230877057536588 0.0506067888081426 0.131687751472628 0.330066363600547
0.251028570284353 0.0509507260406733 0.151165147244634 0.350891993324073
0.270337794828623 0.0545766061701469 0.163367646735135 0.377307942922111
0.308195926833132 0.0554195037897755 0.199573699405172 0.416818154261092
0.236390734148136 0.0524230770386483 0.133641503152386 0.339139965143887
0.244086021422086 0.0494336813048043 0.14719600606467 0.340976036779503
0.280223154956432 0.0540397627529492 0.174305219960652 0.386141089952213
0.262575432370096 0.0490149727020404 0.166506085874097 0.358644778866095
0.205602934114066 0.0532724362497918 0.101188959064474 0.310016909163658
0.296535029002798 0.0558746782353342 0.187020659661543 0.406049398344053
0.234276864613702 0.0521618644311768 0.132039610328595 0.336514118898808
0.231406248930055 0.0509457897351136 0.131552501049233 0.331259996810878
0.285634957908771 0.0517698047688418 0.184166140561841 0.387103775255701
0.24406076236275 0.04765046118199 0.15066585844605 0.33745566627945
0.297861829698767 0.0520656775959718 0.195813101610663 0.399910557786872
0.330172769630043 0.050589009004337 0.231018311981542 0.429327227278543
0.32916284123938 0.0489611467557587 0.233198993598093 0.425126688880667
0.218978332420261 0.0505556019990407 0.119889352502141 0.318067312338381
0.199028573641575 0.0536917088487514 0.0937928242980225 0.304264322985128
0.307953080241582 0.0530856307980823 0.203905243877341 0.412000916605823
0.235603775038115 0.0557380272182662 0.126357241690313 0.344850308385917
0.279258855799728 0.056564967924198 0.1683915186683 0.390126192931156
0.279389190531423 0.0492017155087104 0.182953828134351 0.375824552928496
0.309477854942712 0.0524780036048988 0.20662096787711 0.412334742008313
0.164148489166678 0.0513527725139256 0.0634970550393836 0.264799923293972
0.208783673143232 0.0492090806772758 0.112333875015771 0.305233471270692
0.177672482995505 0.0474819570957609 0.084607847087814 0.270737118903197
0.201272995709174 0.0516514989276295 0.10003605781102 0.302509933607328
0.307184747502133 0.0505464380454289 0.208113728933092 0.406255766071174
0.197560452951182 0.0542069024349667 0.0913149241786471 0.303805981723717
0.229851422581061 0.050435888881903 0.130997080372531 0.328705764789591
0.314693687550901 0.0490835418224845 0.218489945578831 0.410897429522971
0.23463047139016 0.0521939299587802 0.132330368670951 0.336930574109369
0.335577328992683 0.0507870468771521 0.236034717113465 0.435119940871901
0.311380790556388 0.0481965064883462 0.21691563783923 0.405845943273547
0.18079313663809 0.0539857421026374 0.0749810821169211 0.286605191159259
0.173918702717773 0.0503374213239891 0.0752573569227543 0.272580048512791
0.266356728576606 0.0605858023300578 0.147608556009693 0.385104901143519
0.322427799344924 0.0544207330976389 0.215763162473552 0.429092436216296
0.358819390153923 0.0542584985980826 0.252472732901681 0.465166047406165
0.328908229542835 0.052138513902144 0.226716742294632 0.431099716791037
0.298126094250451 0.0524418401601891 0.19534008753648 0.400912100964421
0.257732532630034 0.0589876676581549 0.142116704020051 0.373348361240018
0.247099379938578 0.0481942807532189 0.152638589662269 0.341560170214887
0.264030915554673 0.0504418608727271 0.165164868244128 0.362896962865218
0.202395438027058 0.0501392843662303 0.104122440669246 0.300668435384869
0.206382992184978 0.0566931151605211 0.0952644864703563 0.317501497899599
0.215694469880365 0.0464450578398947 0.124662156514171 0.306726783246559
0.252476349698982 0.0545086262202555 0.145639442307281 0.359313257090682
0.287872315364977 0.0488366278354413 0.192152524807512 0.383592105922442
0.309650490633909 0.0496774113099707 0.212282764466367 0.407018216801452
0.26071035389694 0.0569196191705356 0.149147900322691 0.37227280747119
0.228335142724221 0.0582819552932923 0.114102510349368 0.342567775099074
0.279074700501745 0.0554651596303567 0.170362987626246 0.387786413377244
0.22206875653403 0.0516569261570222 0.120821181266266 0.323316331801793
0.290048601078353 0.0540785376099374 0.184054667362876 0.396042534793831
0.224707513140362 0.0468486916509699 0.132884077504461 0.316530948776263
0.231719458042686 0.0474991793671458 0.138621066483081 0.324817849602292
0.331430917304611 0.0562939141588693 0.221094845553227 0.441766989055995
0.2763532033971 0.0547380250800389 0.169066674240224 0.383639732553976
0.169483993418957 0.0464729784558836 0.0783969556454253 0.260571031192489
0.265808105954976 0.0522764329918233 0.163346297291002 0.368269914618949
0.261132028808279 0.0487435939267341 0.16559458471188 0.356669472904678
0.20053543202284 0.0527730101482601 0.0971003321322501 0.30397053191343
0.221199961657389 0.0561425667266503 0.111160530873154 0.331239392441623
0.284673240888609 0.0504283350252955 0.185833704239029 0.383512777538188
0.20197044443393 0.0541790946515489 0.0957794189168941 0.308161469950966
0.283165352979714 0.0555033916812143 0.174378705284534 0.391952000674894
0.292278555781333 0.0500588231209502 0.194163262464271 0.390393849098396
0.25011838620409 0.0516654876942939 0.148854030323273 0.351382742084906
0.214198262751367 0.0520845943653207 0.112112457795338 0.316284067707396
0.185836125849376 0.0487579282715207 0.0902705864371957 0.281401665261557
0.175176695840484 0.0562091078831849 0.0650068443894419 0.285346547291527
0.227090427292395 0.0528975216283923 0.123411284900746 0.330769569684044
0.214034818778347 0.0497395761163915 0.11654524959022 0.311524387966475
0.263218757995206 0.0529318155401679 0.159472399536477 0.366965116453935
0.297094968593084 0.0527431640824035 0.193718366991573 0.400471570194594
0.162216961855666 0.0463239265838856 0.0714220657512501 0.253011857960082
0.20312008775431 0.0536598862079918 0.0979467107866466 0.308293464721974
0.201996286261436 0.0525423081042526 0.0990133623771008 0.304979210145771
0.206238589137138 0.049447016692318 0.109322436420194 0.303154741854081
0.246014987140482 0.0537015298225057 0.140759988688371 0.351269985592593
0.296480155628065 0.0497006987057321 0.19906678616483 0.3938935250913
0.23336456851402 0.0499122245337237 0.135536608427922 0.331192528600119
0.314974094111869 0.0573167452404415 0.202633273440604 0.427314914783134
0.227840129791603 0.0457646529894677 0.138141409932246 0.31753884965096
0.352917946686902 0.0484656524707721 0.257925267844188 0.447910625529615
0.381580928749204 0.0555021468400111 0.272796720942782 0.490365136555625
0.245430525035596 0.0492821265766515 0.148837556945359 0.342023493125833
0.276458293524631 0.0641094254454194 0.150803819651609 0.402112767397653
0.246234651342935 0.0539472511851608 0.14049803902002 0.35197126366585
0.272059535224253 0.0550133880821466 0.164233294583246 0.37988577586526
0.115676401210688 0.0530079042979347 0.0117809087867364 0.21957189363464
0.290880990189351 0.0478205472440796 0.197152717590955 0.384609262787747
0.295019957945233 0.0528824873495991 0.191370282740019 0.398669633150447
0.201823491338292 0.0573952710196315 0.0893287601398142 0.31431822253677
0.221261207585721 0.0520965234036494 0.119152021714568 0.323370393456874
0.238586938837623 0.0523294433375121 0.136021229896099 0.341152647779147
0.272636236758801 0.0537059553603002 0.167372564252612 0.377899909264989
0.219258627030608 0.0517066666783199 0.117913560341101 0.320603693720115
0.204260866045429 0.0483148321146376 0.109563795100739 0.298957936990118
0.234312861083215 0.0536411564262542 0.129176194487757 0.339449527678673
0.263651085615302 0.0511731959615102 0.163351621530742 0.363950549699862
0.290033898822101 0.044060504525294 0.203675309952525 0.376392487691677
0.327105227935579 0.0502694681010278 0.228577070457564 0.425633385413594
0.283897839968455 0.0515722350490571 0.182816259272303 0.384979420664607
0.26918973982931 0.051143818259033 0.168947856041605 0.369431623617015
0.184020390553608 0.0454348396424334 0.0949681048544384 0.273072676252777
0.359076440591295 0.0505580378781764 0.25998268635007 0.458170194832521
0.199169513095403 0.0528299881306148 0.0956227363593981 0.302716289831408
0.213268466957896 0.0583526003842088 0.0988973702048472 0.327639563710946
0.294147635137191 0.048698201395572 0.19869916040187 0.389596109872513
0.295701904852035 0.0562054657283654 0.185539192024439 0.405864617679632
0.341585639247638 0.0532465082551691 0.237222483067507 0.44594879542777
0.25710440087974 0.0557315645102102 0.147870534439728 0.366338267319752
0.277451707635067 0.0470951914476983 0.185145132397579 0.369758282872556
0.20343023617498 0.0506712131907218 0.104114658321165 0.302745814028794
0.139707760221126 0.0447758611750526 0.0519470723180231 0.227468448124229
0.218742822916861 0.0478576398066787 0.124941848895771 0.312543796937951
0.293739894547993 0.0541879662824561 0.187531480634379 0.399948308461607
0.280761203326503 0.0597668916187316 0.163618095753789 0.397904310899217
0.296546599296296 0.0569778285041081 0.184870055428244 0.408223143164348
0.276514770842741 0.0514446476384387 0.175683261471401 0.377346280214081
0.250735406019516 0.0605112240498646 0.132133406881781 0.36933740515725
0.238481326240322 0.057475467427244 0.125829410082924 0.35113324239772
0.139406835284477 0.0466767185961534 0.0479204668360162 0.230893203732938
0.24113622698117 0.049305899616773 0.144496663732294 0.337775790230045
0.294522801093474 0.0579938292621444 0.180854895739671 0.408190706447277
0.287883659626225 0.0482412672126393 0.193330775889452 0.382436543362998
0.301739731303627 0.0527264275914991 0.198395933224289 0.405083529382965
0.227132348886644 0.0462318154746914 0.136517990556249 0.317746707217039
0.266014491337222 0.0506033198368686 0.166831984456959 0.365196998217484
0.348414111567568 0.0607942243155341 0.229257431909121 0.467570791226015
0.312730429601461 0.0465554461596337 0.221481755128579 0.403979104074343
0.278948871610226 0.0511629857419041 0.178669419556094 0.379228323664358
0.245877140745731 0.0535090309223909 0.140999440137844 0.350754841353617
0.295680977971479 0.0475859139117243 0.202412586704499 0.388949369238458
0.245372460534907 0.0539772828099228 0.139576986227458 0.351167934842355
0.300537676346287 0.0511695800421583 0.200245299463657 0.400830053228917
0.241106244538504 0.0473685083932471 0.14826396808774 0.333948520989268
0.205895750660924 0.0558920279912284 0.0963473757981163 0.315444125523732
0.297307843414383 0.0573569697740679 0.18488818265721 0.409727504171556
0.238449955039204 0.0496681969770246 0.141100288964236 0.335799621114172
0.235188365182985 0.050652652308164 0.135909166658983 0.334467563706986
0.232915549074857 0.0586182006997655 0.118023875703317 0.347807222446398
0.275931321703376 0.0454740195739037 0.186802243338525 0.365060400068227
0.299751793383197 0.0486020909916372 0.204491695039588 0.395011891726806
0.191871933606324 0.0500700856707151 0.093734565691722 0.290009301520925
0.288736867161773 0.0521198349540259 0.186581990651882 0.390891743671664
0.266323120688021 0.0473732140200002 0.173471621208821 0.359174620167221
0.225620874876072 0.0497568115156795 0.128097524305341 0.323144225446804
0.194690205649551 0.0507723126303123 0.0951764728941394 0.294203938404963
0.220479740614851 0.0475775990636414 0.127227646450114 0.313731834779588
0.198150947730192 0.0528256926714876 0.0946125900940761 0.301689305366307
0.243732993917656 0.0469988925578832 0.151615164504205 0.335850823331107
0.300735246227681 0.0579418232608157 0.187169272636482 0.41430121981888
0.205676385750421 0.0491863894315119 0.109271062464658 0.302081709036185
0.133158742984378 0.0577462917255347 0.0199760112023298 0.246341474766426
0.221279362475729 0.0521241659880577 0.119115997139136 0.323442727812323
0.247023354434426 0.0519043925992733 0.14529074493985 0.348755963929002
0.239517822477348 0.0460872959563236 0.149186722402954 0.329848922551742
0.208679163164427 0.0511643819330258 0.108396974575697 0.308961351753158
0.309669701493489 0.0540296643060327 0.203771559453665 0.415567843533313
0.206523853054316 0.0564627671937866 0.0958568293544943 0.317190876754138
0.249050949419424 0.0574867231345335 0.136376972075738 0.361724926763109
0.210210958622956 0.0509735272617895 0.110302845189849 0.310119072056064
0.179705968715803 0.0510822102920227 0.0795848365434388 0.279827100888168
0.261996915363368 0.056244042319041 0.151758592418047 0.372235238308688
0.32931376861305 0.0528034385100762 0.225819029133301 0.432808508092799
0.304851931275959 0.0502732155490841 0.206316428799754 0.403387433752164
0.209247254628419 0.0535448219347002 0.104299403636406 0.314195105620431
0.353481983668157 0.0491852374064753 0.257078918351465 0.449885048984848
0.256067631816681 0.0491980801274282 0.159639394766922 0.35249586886644
0.359283249110247 0.0542830757585605 0.252888420623468 0.465678077597025
0.205171767856355 0.0560274192939644 0.0953580260401848 0.314985509672525
0.280229200915293 0.0560571996446052 0.170357089611867 0.390101312218719
0.210852329999786 0.049717710685291 0.113405617056616 0.308299042942957
0.273474548919676 0.0490361895498019 0.177363617402064 0.369585480437287
0.282656729123719 0.0508228618752586 0.183043919848212 0.382269538399226
0.266778867223406 0.0486713068333662 0.171383105830009 0.362174628616804
0.317004969741121 0.0579368763402651 0.203448692114201 0.43056124736804
0.225105059741886 0.0544593539189427 0.118364726060758 0.331845393423013
0.312361768083847 0.0529407247803629 0.208597947514336 0.416125588653358
0.271035055052872 0.0505118094142206 0.172031908601 0.370038201504745
0.19848000890691 0.0573014633902628 0.0861691406619949 0.310790877151825
0.291895125238378 0.051306891305906 0.191333618278802 0.392456632197954
0.247528719113319 0.0529308399565923 0.143784272798399 0.35127316542824
0.335007415555172 0.0532602824582362 0.230617261937029 0.439397569173315
0.311287917198283 0.0532404372042801 0.206936660277894 0.415639174118672
0.303615772738424 0.0498440375555158 0.205921459129613 0.401310086347235
0.296962862764861 0.0551322198582985 0.188903711842596 0.405022013687126
0.209049099773267 0.0493618120636231 0.112299948128566 0.305798251417969
0.223116826124035 0.0549613818880302 0.115392517623496 0.330841134624575
0.28269638324405 0.0524754650425739 0.179844471760605 0.385548294727494
0.188180442521115 0.0498816615809831 0.0904123858223881 0.285948499219842
0.252098915418589 0.046688214374484 0.1605900152446 0.343607815592578
0.264972973302271 0.0491184702339503 0.168700771643729 0.361245174960814
0.314247705379615 0.0517522225463516 0.212813349188765 0.415682061570464
0.331087585176182 0.0530019622081721 0.227203739248165 0.4349714311042
0.321187452946988 0.0542422050801039 0.214872730989985 0.427502174903992
0.318580151513054 0.0502454227195561 0.220099122982724 0.417061180043383
0.108802751464857 0.0475559697288779 0.0155930507962562 0.202012452133458
0.212180609833104 0.0462196864661567 0.121590024359437 0.302771195306772
0.259300987179869 0.059197003477042 0.143274860364867 0.375327113994872
0.205104533639864 0.0482221340920802 0.110589150819387 0.299619916460341
0.274588088875767 0.0493831554811179 0.177797104132775 0.371379073618758
0.265522792935573 0.0493372369271853 0.16882180855829 0.362223777312856
0.314728663799447 0.0547341483874898 0.207449732959967 0.422007594638927
0.184694428203882 0.0556779402370401 0.0755656653392838 0.293823191068481
0.322734573169976 0.0563531922443583 0.212282316371033 0.433186829968918
0.297571999372569 0.0519176796815405 0.19581334719675 0.399330651548388
0.286655620000784 0.0537312703435931 0.181342330127341 0.391968909874226
0.278259541546935 0.0515687846034497 0.177184723724173 0.379334359369696
0.239320680310237 0.0525694691665757 0.136284520743749 0.342356839876725
0.310946670633103 0.0522763558671033 0.20848501313358 0.413408328132625
0.181653671462886 0.055461921469103 0.0729483053834443 0.290359037542328
0.275760640527474 0.0559517896915006 0.166095132732133 0.385426148322815
0.184977990091214 0.0514543319610786 0.0841274994474997 0.285828480734928
0.335774965275057 0.0540812327346952 0.229775749115054 0.441774181435059
0.292816027178852 0.0570481334581411 0.181001685600895 0.404630368756808
0.273506275117809 0.0507948899607656 0.173948290794708 0.37306425944091
0.286706906727326 0.0504769592193637 0.187772066657374 0.385641746797279
0.200281747106056 0.0577982632168038 0.0869971512011209 0.313566343010992
0.278172140003932 0.0590059908537295 0.162520397930622 0.393823882077242
0.226081489232778 0.0556571310365289 0.116993512401181 0.335169466064375
0.213184770314224 0.049834678084903 0.115508801267814 0.310860739360633
0.202901652054393 0.0501351822287992 0.104636694885947 0.301166609222839
0.30565982860098 0.0505602887442909 0.20656166266217 0.40475799453979
0.250928709543575 0.0483028560946719 0.156255111598018 0.345602307489132
0.428679621592441 0.0532640532448326 0.324282077232569 0.533077165952313
0.281916753019799 0.0519631642203042 0.180068951148002 0.383764554891595
0.20304125940963 0.0495673667022456 0.105889220673229 0.300193298146031
0.196386470650803 0.0461585458856668 0.105915720714896 0.28685722058671
0.276558818878491 0.0498466790523 0.178859327935983 0.374258309820999
0.248034986945288 0.0487650426298843 0.152455503390714 0.343614470499861
0.346622305999809 0.0553586542875628 0.238119343596186 0.455125268403432
0.31248908426825 0.0629517922745382 0.189103571410155 0.435874597126345
0.189926287412531 0.0494651856474712 0.0929745235434873 0.286878051281574
0.204800712051213 0.0487689588331012 0.109213552738335 0.300387871364092
0.319576436804478 0.0477025680241596 0.226079403477125 0.413073470131831
0.289995749416066 0.0539025554513574 0.184346740731406 0.395644758100727
0.32896499080398 0.0533549618589407 0.224389265560456 0.433540716047504
0.240432372216795 0.0541020806902026 0.134392294063998 0.346472450369592
0.198406974648191 0.0534186084208942 0.0937065021432383 0.303107447153143
0.220194640659358 0.0512336057993893 0.119776773292555 0.320612508026161
0.256586950468966 0.0473931584052678 0.163696359994641 0.34947754094329
0.273664480986792 0.0551353404709773 0.165599213663676 0.381729748309907
0.199404187780765 0.0513004506578574 0.0988553044913649 0.299953071070166
0.278499401857841 0.0542137755173243 0.172240401843885 0.384758401871796
0.200542782760784 0.0484522845650814 0.105576305013224 0.295509260508343
0.257564496752957 0.0480210114606354 0.163443314290111 0.351685679215802
0.171514722999731 0.0523454975288291 0.0689175478432263 0.274111898156236
0.242637222008412 0.05676917203771 0.131369644814501 0.353904799202324
0.179593538951458 0.0534840935404472 0.0747647156121819 0.284422362290735
0.2080863946394 0.0480888108669969 0.113832325340086 0.302340463938714
0.243255179571494 0.0504939955251424 0.144286948342215 0.342223410800773
0.268997547066297 0.0501488392534683 0.170705822129499 0.367289272003094
0.325751095335683 0.0503819809565618 0.227002412660822 0.424499778010544
0.182062604603872 0.045628442457438 0.092630857387294 0.271494351820451
0.222025294785156 0.04566225929511 0.132527266566741 0.311523323003572
0.261811215831856 0.0551015097790068 0.153812256665003 0.369810174998709
0.221084453300914 0.052393512730149 0.118393168349822 0.323775738252006
0.211288478038477 0.0489768056721432 0.115293938921076 0.307283017155878
0.303341999335282 0.0581437730445918 0.189380204167882 0.417303794502682
0.184477973672479 0.0565061362051311 0.073725946710422 0.295230000634536
0.334823903673202 0.0529029538038447 0.231134114217667 0.438513693128738
0.211982951539685 0.0485049497175115 0.116913250093362 0.307052652986007
0.286227886929357 0.0483792531732093 0.191404550709867 0.381051223148848
0.202405016846102 0.0529827325843391 0.0985588609807978 0.306251172711407
0.292222155387746 0.0503194346336959 0.193596063505702 0.39084824726979
0.309188494833042 0.0550219449586503 0.201345482714087 0.417031506951996
0.219195980678409 0.0526610798596077 0.115980264153578 0.32241169720324
0.230953092801236 0.0547122181128811 0.123717145299989 0.338189040302483
0.231556320129702 0.0499288500905269 0.133695773952269 0.329416866307134
0.232421089210296 0.0486085283093303 0.137148373724008 0.327693804696583
0.326611485071283 0.0512869906970017 0.22608898330516 0.427133986837406
0.193768010306652 0.0489358635886674 0.0978537176728643 0.28968230294044
0.168655786862404 0.0490521127899163 0.0725136457941682 0.26479792793064
0.317754223200227 0.0582637072277375 0.203557357033861 0.431951089366593
0.179688907631935 0.0501648674004214 0.0813657675271091 0.278012047736761
0.233335507717643 0.0585029412788416 0.118669742811114 0.348001272624173
0.211412965163263 0.0546572184134076 0.104284817072984 0.318541113253542
0.257179208666306 0.0570160142595287 0.14542782071763 0.368930596614982
0.291328006394087 0.0510145363622409 0.191339515124095 0.39131649766408
0.214780476010031 0.0475837262490873 0.12151637256182 0.308044579458242
0.254259914199038 0.0488958530596048 0.158424042202212 0.350095786195863
0.232338815600553 0.0519104354179896 0.130594362181294 0.334083269019813
0.211806244288503 0.0487989025626226 0.116160395265763 0.307452093311244
0.259753425911564 0.0479898654907623 0.16569328954967 0.353813562273458
0.315899919901439 0.0516022756242362 0.214759459677936 0.417040380124942
0.23687373277936 0.0529626443573778 0.133066949838899 0.34068051571982
0.178186980295506 0.0544810834830912 0.0714040566686473 0.284969903922365
0.262435682869853 0.0571967155976126 0.150330120298532 0.374541245441174
0.303997056379324 0.051225776391464 0.203594534652054 0.404399578106593
0.204403224990902 0.0575101855715381 0.0916832612706872 0.317123188711116
0.285767551674402 0.0477096814530011 0.19225657602652 0.379278527322285
0.259640699957458 0.0541491919094224 0.15350828381499 0.365773116099926
0.222355552970257 0.0487766785345061 0.126753263042625 0.317957842897889
0.309911514874581 0.0492259578010621 0.2134286375845 0.406394392164663
0.197250534670614 0.0487804139407327 0.101640923346778 0.29286014599445
0.189142482117126 0.0522836318525172 0.0866665636861928 0.29161840054806
0.246055348346939 0.0476221290300094 0.152715975448121 0.339394721245757
0.217352525250385 0.0532010928288701 0.1130783833058 0.321626667194971
0.250087348991608 0.042068517377287 0.167633054932126 0.332541643051091
0.264073838692553 0.0527560685064936 0.160671944419825 0.36747573296528
0.151829067406694 0.0588658637322863 0.0364519744914132 0.267206160321975
0.131900035954822 0.0520290819466107 0.029923035339465 0.233877036570179
0.227716752414899 0.0490421050877957 0.13159422644282 0.323839278386979
0.345086323918742 0.0604508819362055 0.226602595323779 0.463570052513705
0.310977806060757 0.0517838554807785 0.209481449318431 0.412474162803083
0.180850872318453 0.0527543358808814 0.0774523739919256 0.284249370644981
0.288066742318594 0.055925683075243 0.178452403491118 0.39768108114607
0.201153294959939 0.0513536206578387 0.100500198470575 0.301806391449303
0.227708797076922 0.0516810651862102 0.12641390931195 0.329003684841894
0.231288859763237 0.0510857105779684 0.131160867030419 0.331416852496055
0.283642918530149 0.0468301086782987 0.191855905520683 0.375429931539614
0.215132136229335 0.0493052435842498 0.118493858804205 0.311770413654465
0.187970783694128 0.0546709550510554 0.0808157117940594 0.295125855594197
0.28139886383666 0.0548274666165344 0.173937029268253 0.388860698405068
0.205262240916991 0.0466933013539795 0.113743370263191 0.296781111570791
0.314453518617075 0.0628740522048573 0.191220376295555 0.437686660938596
0.206748698947744 0.0531097532857628 0.102653582507649 0.310843815387839
0.250883316794419 0.0524717716165292 0.148038644426022 0.353727989162816
0.176945949957442 0.0529802907026692 0.0731045801802108 0.280787319734674
0.250235851518531 0.0466041766528306 0.158891665278983 0.341580037758079
0.255996826250695 0.0524419233857584 0.153210656414609 0.358782996086782
0.247098004918896 0.0507132483162866 0.147700038218974 0.346495971618818
0.295377632793668 0.0575195533168172 0.182639308292706 0.408115957294629
0.0972930274804862 0.0465369526674558 0.00608060025227274 0.1885054547087
0.248513516664912 0.0546166011896095 0.141464978333278 0.355562054996547
0.261846187334481 0.0577844985354309 0.148588570205037 0.375103804463926
0.269224447828048 0.051684043087602 0.167923723376348 0.370525172279748
0.248471861420313 0.0517422903479616 0.147056972338309 0.349886750502318
0.258189364020159 0.04708617241705 0.165900466082741 0.350478261957577
0.239370889811962 0.0530203827591518 0.135450939604025 0.3432908400199
0.278803359437281 0.0496874040640545 0.181416047471734 0.376190671402828
0.274601838664483 0.0526546654068163 0.171398694467123 0.377804982861843
0.366742677984878 0.0539316109951378 0.261036720434408 0.472448635535348
0.196896229181665 0.0538970488390278 0.0912580134571706 0.30253444490616
0.243451958609479 0.0539483628888187 0.137713167347394 0.349190749871563
0.214329396423447 0.0525164961334118 0.11139706400196 0.317261728844935
0.337359412898122 0.0508841732387131 0.237626433350244 0.437092392445999
0.209990977962382 0.0607664333067791 0.090888768681095 0.329093187243669
0.269678787970614 0.0539105737516244 0.16401406341743 0.375343512523797
0.344625219474851 0.0540892130528596 0.238610361891246 0.450640077058456
0.287652619641702 0.0520252464300628 0.185683136638779 0.389622102644625
0.219897190384545 0.0555885832919646 0.110943567132295 0.328850813636796
0.268326855661914 0.0484993978691192 0.17326803583844 0.363385675485388
0.359971021157105 0.0491604171011259 0.263616603638899 0.456325438675312
0.188281241701521 0.0482155050975883 0.0937788517102483 0.282783631692794
0.158168917228388 0.055992134946713 0.0484243327328301 0.267913501723945
0.185593947767625 0.0477892476908774 0.091927022293505 0.279260873241744
0.23297810591141 0.0485657818354955 0.137789173513839 0.328167038308981
0.321183243576501 0.0590546113094381 0.205436205410002 0.436930281742999
0.247926398989514 0.0589100507069011 0.132462699603988 0.36339009837504
0.21265874586954 0.0496244122404543 0.115394897878249 0.30992259386083
0.29037854800241 0.0499869358644441 0.1924041537081 0.388352942296721
0.24894320998957 0.0546257326882145 0.14187677392067 0.356009646058471
0.201433090197236 0.0521714024145825 0.0991771414646538 0.303689038929817
0.155744568833929 0.0494187593409101 0.0588838005257447 0.252605337142112
0.178803909967717 0.0507473698286498 0.0793390651035636 0.278268754831871
0.230287706235691 0.0532877859628177 0.125843645748569 0.334731766722814
0.296051536982919 0.0495353696607127 0.198962212447922 0.393140861517915
0.229450001878906 0.0584760486542761 0.114836946516525 0.344063057241287
0.282194541298669 0.0529621827437795 0.178388663120861 0.386000419476477
0.198312498176435 0.0552788214230751 0.0899660081872083 0.306658988165663
0.18057666785826 0.048479929586096 0.0855560058695118 0.275597329847008
0.313743919902767 0.0511866196950784 0.213418145300413 0.414069694505121
0.147500535716131 0.0479090001488972 0.053598895424293 0.24140217600797
0.229464419788306 0.0512035935264546 0.129105376476455 0.329823463100157
0.301319066815485 0.0575874319025472 0.188447700286493 0.414190433344478
0.193182647396468 0.0550310187466419 0.0853218506530498 0.301043444139886
0.210527586447125 0.0493354508405913 0.113830102799566 0.307225070094684
0.304786577138259 0.053027509141391 0.200852659221133 0.408720495055385
0.264191544464406 0.0497776188922647 0.166627411435567 0.361755677493244
0.257134457934364 0.0550724162117769 0.149192522159281 0.365076393709446
0.248107819163602 0.0574163338279949 0.135571804860732 0.360643833466472
0.262857382461836 0.0589021300687471 0.147409207527091 0.37830555739658
0.263682732201523 0.0569735312936086 0.15201461086605 0.375350853536996
0.236919398721032 0.0506920701286517 0.137562941268875 0.336275856173189
0.251087650813244 0.0551992519846225 0.142897116923384 0.359278184703104
0.253834238103127 0.0497627729080468 0.156299203203355 0.351369273002898
0.281759793235483 0.0533605403744042 0.177173134101651 0.386346452369316
0.256602446268297 0.0480566626500637 0.162411387474173 0.350793505062422
0.384289791882498 0.056273664882081 0.273993408713619 0.494586175051377
0.276274149306241 0.051080374946366 0.176156614411364 0.376391684201119
0.202644434926909 0.0483761602528363 0.107827160831349 0.297461709022468
0.273633834177614 0.0520689839375083 0.171578625660097 0.37568904269513
0.293299679759131 0.0535329163588692 0.188375163695747 0.398224195822515
0.306522181901621 0.051675002841104 0.205239176333058 0.407805187470185
0.225212729205617 0.0509674341732306 0.125316558226085 0.325108900185149
0.259100332125768 0.0528703365530476 0.155474472481794 0.362726191769741
0.222175235197465 0.0492705903060674 0.125604878197573 0.318745592197357
0.254199446338569 0.053130531150827 0.150063605282948 0.358335287394189
0.314764311990202 0.0524150609247055 0.21203079257778 0.417497831402625
0.231816703776507 0.0533745529921884 0.127202579911817 0.336430827641196
0.351052435716228 0.0493090595206655 0.254406679055724 0.447698192376733
0.254478950091402 0.0522607554580025 0.152047869393717 0.356910030789087
0.15848945524116 0.0517879537001836 0.0569850659887998 0.25999384449352
0.234325187821207 0.0536824841093454 0.12910751896689 0.339542856675524
0.248874627692289 0.0495413725831499 0.151773537429315 0.345975717955262
0.253984369265503 0.0497024088892439 0.156567647842585 0.351401090688421
0.204923413597175 0.0517809070735337 0.103432835733049 0.306413991461301
0.242756256541581 0.0548251262470721 0.135299009097319 0.350213503985842
0.237265917031495 0.0567083465723847 0.12611755774962 0.348414276313369
0.246273494924999 0.0575834854478802 0.133409863447154 0.359137126402844
0.223043637651834 0.0575756548847143 0.110195354077794 0.335891921225874
0.189629839180259 0.0502097362787209 0.0912187560739659 0.288040922286552
0.257442640181351 0.0497499253540041 0.159932786487502 0.354952493875199
0.225875098386371 0.0505726211891133 0.126752760855709 0.324997435917033
0.265272804237166 0.0610487376564402 0.145617278430543 0.384928330043789
0.262416878761534 0.0496402483805491 0.165121991935658 0.359711765587411
0.252270945559689 0.0552147912923023 0.144049954626777 0.360491936492602
0.253333505975698 0.0489302643593635 0.157430187831345 0.34923682412005
0.198169669403538 0.0511010937891814 0.0980115255767423 0.298327813230333
0.268328804962563 0.0545529237708235 0.161405074371749 0.375252535553377
0.291390562012777 0.0559303187202293 0.181767137321128 0.401013986704427
0.157217950694527 0.0497315859243539 0.0597440422827934 0.254691859106261
0.245333398881027 0.0505711649422198 0.146213915594276 0.344452882167778
0.390325780235896 0.0513947272433586 0.289592114838914 0.491059445632879
0.223637085044952 0.0465822678583414 0.132335840042603 0.314938330047301
0.249296373561703 0.0601016679499341 0.131497104379832 0.367095642743574
0.233616921970096 0.0502873654423094 0.135053685703169 0.332180158237022
0.286130619973103 0.0480405990733864 0.191971045789266 0.38029019415694
0.334248440524263 0.051545893778819 0.233218488717778 0.435278392330748
0.207366619603338 0.048601079846567 0.112108503104067 0.302624736102609
0.296269447302778 0.0504096754337304 0.197466483452667 0.39507241115289
0.165422518474558 0.0547129141738295 0.0581852066938523 0.272659830255264
0.27187071192751 0.0562113103022633 0.161696543735074 0.382044880119946
0.252662368400347 0.0588748866034143 0.137267590657655 0.368057146143039
0.287736136489509 0.0593130121332648 0.17148263270831 0.403989640270708
0.220176169762069 0.0489197529445113 0.124293453990827 0.316058885533311
0.294658009739857 0.0486271928744724 0.199348711705891 0.389967307773822
0.310759169323804 0.0491226650061988 0.214478745911655 0.407039592735954
0.194351108846405 0.0518965810735202 0.0926338099423053 0.296068407750505
0.24056229936681 0.0567632692961209 0.129306291546413 0.351818307187207
0.129572839744682 0.0453072426520074 0.0407706441467475 0.218375035342616
0.305848279689599 0.0525609969404371 0.202828725686343 0.408867833692856
0.25014702734558 0.0483745460302408 0.155332917126308 0.344961137564852
0.322868495559058 0.0586482989273142 0.207917829661522 0.437819161456594
0.274968517395131 0.0515125309098369 0.174003956811851 0.375933077978412
0.301134501130317 0.0498453152076772 0.203437683323269 0.398831318937364
0.281305389630765 0.0524451751003044 0.178512846434168 0.384097932827362
0.217088881298715 0.0516284857828629 0.115897049164304 0.318280713433126
0.198804851831207 0.0461521303652171 0.108346676315382 0.289263027347033
0.251206029996477 0.0523265583017086 0.148645975725128 0.353766084267826
0.286496604449734 0.0528840878393401 0.182843792284627 0.39014941661484
0.276516313881435 0.0494728130909486 0.179549600223176 0.373483027539694
0.271489329034507 0.0500043205159349 0.173480860823274 0.369497797245739
0.247032632842366 0.0465884888957706 0.155719194606656 0.338346071078076
0.131907967359842 0.0521266206684759 0.0297397908496297 0.234076143870055
0.298620771779995 0.0500926102255635 0.200439255737891 0.3968022878221
0.296698036749272 0.061660419076846 0.175843615358654 0.41755245813989
0.260960532055017 0.0540385064783207 0.155045059357508 0.366876004752525
0.297509808866751 0.055592486123587 0.188548536064521 0.406471081668982
0.183376981035873 0.0498250370582513 0.0857199084017003 0.281034053670045
0.233459863732574 0.0495331364086198 0.136374916371679 0.330544811093469
0.328898606268311 0.0584438944691004 0.214348573108874 0.443448639427748
0.326048505430828 0.0520477082917682 0.224034997178962 0.428062013682693
0.237714290330124 0.0482127782301488 0.143217244999032 0.332211335661215
0.24079261458609 0.0535880566128529 0.135760023624898 0.345825205547282
0.350522495526418 0.0534474519224395 0.245765489758437 0.455279501294399
0.228220062419611 0.0451697217037971 0.139687407880169 0.316752716959053
0.309016788456273 0.0535956802038938 0.203969255256641 0.414064321655905
0.262401887839617 0.0606583246384948 0.143511571548168 0.381292204131067
0.242107311025839 0.0473234484490717 0.149353352065659 0.33486126998602
0.313867410878036 0.0551734864664344 0.205727377403824 0.422007444352247
0.181751211286939 0.0473512448593188 0.0889427713626742 0.274559651211204
0.290827071276613 0.0569223522950075 0.179259260778399 0.402394881774828
0.231000960500381 0.049835928368409 0.1333225408983 0.328679380102463
0.217671710584746 0.055941805460234 0.108025771882687 0.327317649286804
0.277248751576232 0.0475220094288376 0.18410561309571 0.370391890056753
0.202321542822347 0.0474730954014696 0.109274275835466 0.295368809809227
0.318127766952511 0.0568014080643498 0.206797007146385 0.429458526758636
0.304435437457709 0.0536831159772142 0.19921653014237 0.409654344773049
0.252644941181293 0.0520135138137761 0.150698454106292 0.354591428256294
0.210780286394502 0.0459071217922852 0.120802327681623 0.300758245107381
0.161818995125056 0.0482386850366094 0.0672711724533011 0.25636681779681
0.334858544452877 0.0531191853564776 0.230744941154181 0.438972147751573
0.244195171030809 0.0448095488145758 0.156368455354241 0.332021886707378
0.383633741656897 0.0552042634725885 0.275433385250623 0.49183409806317
0.311171466352067 0.0525803189991159 0.2081140411138 0.414228891590335
0.245762830907443 0.0545405338968454 0.138863384469626 0.35266227734526
0.260587497032672 0.0521934216844308 0.158288390531188 0.362886603534157
0.338719132401765 0.0521419265644133 0.236520956335515 0.440917308468015
0.281353318090173 0.0465051597926485 0.190203204896582 0.372503431283764
0.212568343755333 0.0461240913766706 0.122165124657058 0.302971562853607
0.3811849689444 0.0502448483014863 0.282705066273487 0.479664871615313
0.3563744270784 0.0572734290960291 0.244118506050183 0.468630348106617
0.282685396550922 0.055213168033425 0.174467587205409 0.390903205896435
0.246707124759287 0.0547792921764543 0.139339712093437 0.354074537425138
0.29007404062722 0.0499400642103372 0.192191514774959 0.38795656647948
0.159624407238002 0.0495764012064945 0.062454660873273 0.256794153602732
0.234038730787106 0.0509599860298653 0.13415715816857 0.333920303405642
0.232365980447297 0.0480617277010151 0.138164994153307 0.326566966741287
0.24720975200071 0.0534806613696649 0.142387655716167 0.352031848285253
0.310748350586675 0.0442283969283455 0.224060692607118 0.397436008566232
0.323908692234263 0.0558437874324831 0.214454868866596 0.43336251560193
0.205406138390868 0.0505736449147862 0.106281794357886 0.304530482423849
0.27571953693947 0.0456456070760206 0.186254147070469 0.36518492680847
0.258697502624045 0.0480463219800423 0.164526711543163 0.352868293704928
0.289640960473051 0.0547102410940556 0.182408887928702 0.3968730330174
0.268251633941029 0.0531156516056718 0.164144956793913 0.372358311088146
0.249469160861055 0.049395302117714 0.152654368710336 0.346283953011775
0.290695620055002 0.0541383131808371 0.184584526220562 0.396806713889443
0.335447587987768 0.0464067610022028 0.244490336423451 0.426404839552086
0.328669492200693 0.0554350773788173 0.220016740538211 0.437322243863175
0.154414326833541 0.0482173820973432 0.0599082579227481 0.248920395744333
0.284682257773922 0.0513909734884697 0.183955949736521 0.385408565811322
0.285959689317234 0.0537338465749694 0.180641350030294 0.391278028604174
0.218184629437033 0.0487289727093789 0.122675842926651 0.313693415947416
0.267638143066475 0.0502934824692709 0.169062917426704 0.366213368706246
0.272559224375556 0.0475243374142774 0.179411523043572 0.36570692570754
0.245254781897203 0.0478232726753147 0.151521167453586 0.33898839634082
0.260797448970672 0.0560679580841638 0.150904251125711 0.370690646815633
0.397667669213378 0.0625677247887926 0.275034928627344 0.520300409799412
0.151706953601989 0.0477426462946476 0.0581313668644797 0.245282540339498
0.220610531061282 0.0487632545434155 0.125034552156188 0.316186509966376
0.12015538472191 0.0441953268206134 0.0335325441535078 0.206778225290312
0.198330134918471 0.0577140043278993 0.0852106864357885 0.311449583401154
0.232518683319361 0.0541482084792311 0.126388194700068 0.338649171938654
0.199052545613097 0.0529131827726476 0.0953427073787077 0.302762383847486
0.276301678261406 0.0561949239056797 0.166159627406274 0.386443729116538
0.276210455105748 0.0484220911415986 0.181303156468215 0.371117753743281
0.186767695033854 0.0468292601389522 0.0949823451615076 0.2785530449062
0.293451885596246 0.0548732132118158 0.185900387701087 0.401003383491405
0.292054392918373 0.0470124937463918 0.199909905175445 0.384198880661301
0.210986190874533 0.0500226301879585 0.112941835706134 0.309030546042931
0.151148774158556 0.0504220489872906 0.0523215581434663 0.249975990173645
0.215629861471156 0.0526606881033437 0.112414912788602 0.318844810153709
0.223397495538613 0.0530918280457582 0.119337512568927 0.327457478508299
0.233461885737068 0.0519055624800002 0.131726983276268 0.335196788197869
0.220723599023629 0.0435207045708732 0.135423018064718 0.306024179982541
0.252479816169797 0.0494569670095607 0.155544160831058 0.349415471508536
0.210710165123768 0.0580692031206321 0.0968945270073292 0.324525803240207
0.230925715266383 0.0481076627709827 0.136634696235257 0.325216734297509
0.237338138743851 0.0493155999499069 0.140679562842034 0.333996714645669
0.250589942141125 0.0510949729890023 0.150443795082681 0.35073608919957
0.301715113220119 0.0544723438299795 0.19494931931336 0.408480907126879
0.247373172960679 0.0492517719059014 0.150839700025112 0.343906645896246
0.241781597941346 0.0513118700411272 0.141210332660737 0.342352863221955
0.288316894712487 0.0548335700677371 0.180843097379723 0.395790692045252
0.114111757357561 0.0560713844977648 0.00421184374194211 0.22401167097318
0.169254058491374 0.0566875536762382 0.0581464532859476 0.280361663696801
0.275740114001729 0.0497421019693624 0.178245594141779 0.373234633861679
0.280311967641227 0.0526601037028245 0.177098164383691 0.383525770898763
0.269361348263399 0.054058656147002 0.163406382215275 0.375316314311523
0.217450485689479 0.0536578897466214 0.112281021786101 0.322619949592857
0.23290303068766 0.0555089127770927 0.124105561644559 0.341700499730762
0.347046264060583 0.0458006010646186 0.25727708597393 0.436815442147235
0.224183933190443 0.0489713981798457 0.128199992757945 0.32016787362294
0.299888922934096 0.0508042527068523 0.200312587628665 0.399465258239526
0.327189646454011 0.0591640651141584 0.211228078830261 0.443151214077762
0.252986376150992 0.0521681224937285 0.150736856063284 0.3552358962387
0.271948614528373 0.0563714716748891 0.161460530045591 0.382436699011156
0.244526699691076 0.0472345023021227 0.151947075178915 0.337106324203236
0.268569210832563 0.0518612606253911 0.166921140006796 0.370217281658329
0.335718742654854 0.0524477689558291 0.232921115501429 0.438516369808279
0.265244750448573 0.05638589324729 0.154728399683884 0.375761101213261
0.303648733024365 0.0470937576887598 0.211344967954396 0.395952498094335
0.260041178829707 0.0504848408537518 0.161090890756353 0.35899146690306
0.263979758674999 0.0521071528476482 0.161849739093609 0.36610977825639
0.290916021144463 0.0562792247461353 0.180608740642038 0.401223301646888
0.225391483774177 0.0469252081146284 0.133418075869505 0.317364891678848
0.292785848606807 0.0476167870559755 0.199456945977095 0.386114751236519
0.289909466570507 0.0526706623286722 0.18667496840631 0.393143964734705
0.292610461080855 0.0475067356199576 0.199497259265738 0.385723662895972
0.300194592672173 0.0536019620772995 0.195134747000666 0.40525443834368
0.251889066500898 0.0498424920613214 0.154197782060709 0.349580350941088
0.291094446140093 0.0471715857843303 0.198638138002806 0.383550754277381
0.33967450249 0.0596767481851859 0.222708076047036 0.456640928932964
0.218418841050531 0.0557809110010296 0.109088255488513 0.327749426612549
0.199479898578749 0.0459286500545242 0.109459744471881 0.289500052685616
0.149601744061522 0.0540231725631889 0.0437163258376717 0.255487162285372
0.231619784471506 0.0559994762384731 0.121860811044099 0.341378757898913
0.252588520057923 0.0482134855407225 0.158090088398107 0.347086951717739
0.173406450634565 0.0512333743187632 0.0729890369697891 0.273823864299341
0.28919806735615 0.0545800618472998 0.182221146135442 0.396174988576858
0.2876362890301 0.0524731518116756 0.184788911479216 0.390483666580985
0.254794088062241 0.0502059235585146 0.156390477887552 0.353197698236929
0.248755603070111 0.0547793069747906 0.141388161399522 0.356123044740701
0.183717360532934 0.0438488702833183 0.0977735747776299 0.269661146288238
0.249166348382706 0.0557797908466239 0.139837958323324 0.358494738442089
0.234748470902707 0.0548904529637151 0.127163183093826 0.342333758711589
0.18134179521505 0.0445265965338845 0.0940696660086362 0.268613924421463
0.238068566478517 0.0481606995982079 0.14367359526603 0.332463537691004
0.249088808406781 0.052887068009557 0.145430155108049 0.352747461705512
0.259617816279948 0.0538197329738838 0.154131139651136 0.36510449290876
0.212957587861541 0.0484861112031148 0.117924809903436 0.307990365819646
0.192943349533237 0.0487259346708025 0.0974405175784645 0.28844618148801
0.150134583693463 0.0573680978590079 0.0376931118898072 0.262576055497118
0.287260972321444 0.0521091729729754 0.185126993294412 0.389394951348476
0.171962182031811 0.0477338816086274 0.0784037740789016 0.265520589984721
0.359165147710701 0.0532665807823361 0.254762649377322 0.46356764604408
0.288827037613158 0.0487427307632151 0.193291285317256 0.38436278990906
0.309122745127189 0.0529282731273706 0.205383329797543 0.412862160456836
0.326561485832571 0.0489743291615195 0.230571800675993 0.42255117098915
0.250862369911556 0.0477207332713399 0.15732973269973 0.344395007123382
0.31267533338558 0.0456223975724661 0.223255434143546 0.402095232627613
0.204403002267143 0.0483322274886281 0.109671836389432 0.299134168144854
0.283320087516037 0.0514972208712862 0.182385534608316 0.384254640423758
0.150238358161875 0.052455368025655 0.0474258368315914 0.253050879492159
0.277280552472 0.0537410834300481 0.171948028949105 0.382613075994894
0.284076035509543 0.0556659658854988 0.174970742373966 0.393181328645121
0.300907722508326 0.0575411008126241 0.188127164915583 0.41368828010107
0.324510427888592 0.053018424121004 0.220594316611424 0.42842653916576
0.201567398150557 0.0486191586106472 0.106273847273689 0.296860949027426
0.204795115136807 0.0505122824182202 0.105791041597096 0.303799188676519
0.279922258949822 0.0480488367198016 0.185746538979011 0.374097978920633
0.244519268514279 0.0513495147068597 0.143874219688834 0.345164317339724
0.264156930477199 0.0494103279351791 0.167312687724248 0.36100117323015
0.285110357099586 0.0522695443286004 0.18266205021553 0.387558663983643
0.206159553362388 0.0480648941818648 0.111952360765933 0.300366745958843
0.237414848581716 0.0496172789954658 0.140164981750603 0.334664715412829
0.258069168965211 0.049383140025285 0.161278214515652 0.354860123414769
0.322180594400608 0.0549190879229753 0.214539182071576 0.429822006729639
0.244292210209201 0.0594642649374927 0.127742250931715 0.360842169486687
0.276294550208529 0.0517525879319819 0.174859477861844 0.377729622555213
0.332231193115929 0.0513373675723736 0.231609952674077 0.432852433557781
0.404173837855648 0.0537666102859625 0.298791281695161 0.509556394016134
0.228902259030403 0.0545830933299005 0.121919396103798 0.335885121957008
0.31569874687645 0.0528101497318746 0.212190853401976 0.419206640350924
0.27748972132795 0.0556944640657853 0.168328571759011 0.38665087089689
0.173030295500301 0.0498622752562614 0.0753002359980282 0.270760355002573
0.3318427369344 0.0567734121756614 0.220566849070104 0.443118624798696
0.272530599953398 0.0534301638968751 0.167807478715522 0.377253721191273
0.160373472516311 0.0516589509982355 0.0591219285597697 0.261625016472853
0.217707302418653 0.0531375766390782 0.11355765220606 0.321856952631247
0.248189260219805 0.0485468226753261 0.153037487776166 0.343341032663445
0.229814259908145 0.045212695520532 0.141197376687903 0.318431143128388
0.217461897326604 0.0536411054861203 0.112325330573808 0.3225984640794
0.217095390475272 0.0531529699803634 0.11291556931376 0.321275211636785
0.28172956964907 0.0637924572522901 0.156696353434582 0.406762785863559
0.189991517710893 0.0537634962633473 0.0846150650347325 0.295367970387054
0.239293421894239 0.0482541314334053 0.144715324284765 0.333871519503714
0.338558498510418 0.0557078251120393 0.229371161290821 0.447745835730015
0.266009528996799 0.0574985439526762 0.153312382849554 0.378706675144044
0.266137767576958 0.0463142857798717 0.175361767448409 0.356913767705506
0.270395497176413 0.0511546051988631 0.170132470986641 0.370658523366185
0.295119637406528 0.0493393513351443 0.198414508789645 0.391824766023411
0.273701610409889 0.0559586899984794 0.164022578012869 0.383380642806908
0.16427128081184 0.0438734670390648 0.0782792854152728 0.250263276208407
0.275550344567073 0.04898356137601 0.179542564270094 0.371558124864053
0.193440124277074 0.0535612472176298 0.0884600797305194 0.298420168823628
0.173780892165232 0.0482489669607764 0.0792129169221101 0.268348867408354
0.329065642486576 0.0473850163160354 0.236191010507146 0.421940274466005
0.342990055975742 0.0545293254254732 0.236112578141814 0.449867533809669
0.186518974259974 0.0495203990399423 0.0894589921416872 0.283578956378261
0.304897144034877 0.0485382498255882 0.209762174376724 0.40003211369303
0.237882837963808 0.0529015977428158 0.134195706387889 0.341569969539727
0.256414776173129 0.0527834804928986 0.152959154407048 0.35987039793921
0.237383028245748 0.0508306687651401 0.137754917466073 0.337011139025423
0.338732628874719 0.0548387149007781 0.231248747669193 0.446216510080244
0.230426449911956 0.0488835325158197 0.134614726180949 0.326238173642963
0.165015806653602 0.0491051195858168 0.0687697722654012 0.261261841041803
0.252973611419526 0.0530328957237554 0.149029135800966 0.356918087038087
0.315902071370195 0.0519774363392675 0.21402629614523 0.417777846595159
0.188716641595682 0.0569920008914199 0.0770123198484993 0.300420963342865
0.190516579383384 0.0419629348549675 0.108269227067647 0.27276393169912
0.246672996312075 0.0515095394001852 0.145714299087712 0.347631693536438
0.284993723472688 0.0498453170176321 0.187296902118129 0.382690544827247
0.20297946409188 0.0451246969383319 0.114535058092749 0.29142387009101
0.207192710767005 0.0474164320246049 0.114256503998779 0.30012891753523
0.282258339906487 0.0486528893085953 0.18689867686164 0.377618002951334
0.287140352218382 0.0469096440287151 0.195197449922101 0.379083254514664
0.262686700272805 0.0504416111437904 0.163821142430976 0.361552258114634
0.362512115695582 0.0499731314625744 0.264564778028937 0.460459453362228
0.300958335038806 0.0475277287309293 0.207803986726185 0.394112683351428
0.267072869311425 0.0494274214150942 0.17019512333784 0.363950615285009
0.325008836981506 0.0562815483626792 0.214697002190655 0.435320671772357
0.194616902532621 0.0522431643253021 0.0922203004550285 0.297013504610213
0.271503000450995 0.04886784561472 0.175722023046144 0.367283977855846
0.201399983131203 0.05412048409067 0.0953238343134902 0.307476131948916
0.259219419601417 0.0515890658868784 0.158104850463136 0.360333988739699
0.26210825409884 0.0496906581694588 0.164714564086701 0.35950194411098
0.204849598587031 0.0618754861888874 0.0835736456568122 0.326125551517251
0.343607359648472 0.0556209445085984 0.234590308411619 0.452624410885325
0.262795983142798 0.0535268384043157 0.157883379870339 0.367708586415257
0.211622256605881 0.0462168733717663 0.121037184797219 0.302207328414543
0.183042926318428 0.0476075687430771 0.0897320915819972 0.276353761054859
0.258120135637829 0.0510970478353328 0.157969921880577 0.358270349395081
0.249082352885146 0.0446245641388782 0.161618207172944 0.336546498597347
0.269267063270841 0.0522437884459223 0.166869237916834 0.371664888624849
0.271553995341578 0.050293646594614 0.172978448016135 0.370129542667022
0.381218691504892 0.0492609647633663 0.284667200568694 0.47777018244109
0.181838028788385 0.0547410675462634 0.0745455363977089 0.289130521179062
0.223242631219043 0.0509750390845721 0.123331554613282 0.323153707824804
0.143027844925336 0.0528498607393413 0.0394421178762272 0.246613571974445
0.19817259964176 0.0488126576111658 0.102499790723875 0.293845408559645
0.181039606050116 0.0596652168253315 0.0640957810724666 0.297983431027766
0.207082714265874 0.0523386110621328 0.104499036584093 0.309666391947654
0.278384056100539 0.0484219357953424 0.183477061941668 0.37329105025941
0.273191958156859 0.0510054199642842 0.173221335026862 0.373162581286856
0.224908582273561 0.0574137268235347 0.112377677699433 0.337439486847689
0.121506339152764 0.0452024711134943 0.0329094957703147 0.210103182535213
0.242933962799864 0.0535625942218704 0.137951278124999 0.34791664747473
0.323978840665711 0.0524042678294785 0.221266475719933 0.426691205611489
0.261332208910194 0.0543435231276957 0.154818903579911 0.367845514240478
0.314071545743988 0.0565416285502637 0.203249953785471 0.424893137702505
0.279251256365063 0.051696721722143 0.177925681789662 0.380576830940463
0.222542081035831 0.046390871385262 0.131615973120717 0.313468188950944
0.315146276392939 0.0463372206334344 0.224325323951407 0.40596722883447
0.296172245695951 0.0494687388880567 0.19921351747536 0.393130973916542
0.188755267728257 0.0445435094773251 0.1014499891527 0.276060546303814
0.299325253522987 0.0529857165467562 0.195473249091345 0.403177257954629
0.336776002364795 0.0521890768939952 0.234485411652564 0.439066593077026
0.209004652974785 0.0552413482607908 0.100731610383635 0.317277695565935
0.363198573171008 0.058342086515047 0.248848083601516 0.4775490627405
0.191466107392349 0.0539491033421506 0.0857258648417336 0.297206349942964
0.229097159537625 0.0526727636366662 0.125858542809759 0.33233577626549
0.205024817947682 0.0507216003268755 0.105610481307007 0.304439154588358
0.283619021710879 0.0506262845907308 0.184391503913046 0.382846539508711
0.196193005490856 0.0446788205172596 0.108622517277028 0.283763493704685
0.307124043646642 0.0494942525656716 0.210115308617925 0.404132778675358
0.2749145134755 0.0547832357118171 0.167539371480339 0.382289655470662
0.294937421694869 0.0603418660143996 0.176667364306646 0.413207479083092
0.201781377432453 0.0509604953317297 0.101898806582263 0.301663948282644
0.260721069814017 0.0537194517132389 0.155430944456069 0.366011195171966
0.244174042848362 0.0480637271886283 0.149969137558651 0.338378948138073
0.233986750082538 0.0501244045139123 0.13574291723527 0.332230582929806
0.182385058440703 0.050250732845764 0.0838936220630051 0.2808764948184
0.337772623124955 0.0532779154219846 0.233347908897866 0.442197337352045
0.169811753292278 0.0476060737699352 0.076503848703205 0.263119657881351
0.329832617749296 0.0580622325582779 0.216030641935071 0.44363459356352
0.18210815419609 0.0536033789947126 0.0770455313664529 0.287170777025726
0.251830689196995 0.0493204877697574 0.15516253316827 0.348498845225719
0.28968846919419 0.0511493492422882 0.189435744679305 0.389941193709074
0.212263852836102 0.0502563956041612 0.113761317451946 0.310766388220258
0.256872638510878 0.0564648798195024 0.146201474064653 0.367543802957103
0.298978444170157 0.0505375497426036 0.199924846674654 0.39803204166566
0.298539871732322 0.060802293159429 0.179367377139841 0.417712366324802
0.317875128760424 0.050244463410722 0.219395980475409 0.416354277045439
0.305524966973441 0.0531407582346529 0.201369080833522 0.409680853113361
0.219345836731896 0.0525264677584004 0.116393959925431 0.322297713538361
0.206629962060385 0.0539480061193549 0.100891870066449 0.31236805405432
0.165004049480993 0.0450501324986859 0.0767057897835681 0.253302309178417
0.308192942885237 0.0532794431134123 0.203765234382949 0.412620651387525
0.217182291164711 0.0489287715743602 0.121281898878965 0.313082683450457
0.250341955411689 0.0529641279486911 0.146532264632254 0.354151646191123
0.239712328562386 0.0473276259751413 0.146950181651109 0.332474475473663
0.267992342859469 0.0629304380143553 0.144648684351333 0.391336001367606
0.30106587049603 0.0473178706543595 0.208322844013486 0.393808896978575
0.259905659049066 0.0521539446866382 0.157683927463255 0.362127390634877
0.282641469776203 0.0462526877499058 0.191986201786387 0.373296737766018
0.294405643272541 0.0471815741506655 0.201929757937237 0.386881528607846
0.20625881306999 0.0528793921549489 0.102615204446291 0.30990242169369
0.273821397155544 0.0586339351742624 0.15889888421399 0.388743910097098
0.236948732944871 0.0450195121729903 0.14871048908581 0.325186976803932
0.345744420717718 0.0503192221853298 0.247118745234471 0.444370096200964
0.262147176282925 0.0477158515157727 0.168624107312011 0.35567024525384
0.17270624653872 0.0483121092924862 0.0780145123254473 0.267397980751993
0.245919789647169 0.0468082888463975 0.15417554350823 0.337664035786108
0.235623527816195 0.0553927751309748 0.127053688559485 0.344193367072906
0.227009865631021 0.0501551738751118 0.128705724835802 0.32531400642624
0.169309787330309 0.0431171971149095 0.0848000809850868 0.253819493675532
0.165244958554452 0.0499745499796696 0.0672948405942992 0.263195076514604
0.282976479756518 0.0555080364799746 0.174180728255767 0.391772231257268
0.13537311801423 0.0472843589619849 0.0426957744487395 0.22805046157972
0.251439679996305 0.0504959623317812 0.152467593826014 0.350411766166596
