estimate std_1 lowerCI_1 upperCI_1 std_2 lowerCI_2 upperCI_2 std_3 lowerCI_3 upperCI_3
0.238898861828235 0.049346993866266 0.142044834865049 0.33575288879142 0.0525241879259474 0.135840848503013 0.341956875153456 0.0551808104731032 0.130649461054374 0.347148262602096
0.27301044533469 0.056250520573788 0.162600347338319 0.383420543331061 0.060483549802479 0.154335322472488 0.391685568196893 0.0603738910952545 0.154549541407137 0.391471349262243
0.210291552924805 0.0564803023736911 0.0994274429861784 0.321155662863431 0.0591933896110472 0.0941315568521226 0.326451548997487 0.0618945826983376 0.0888552681903406 0.331727837659269
0.297939973417805 0.063375195913332 0.173538652275162 0.422341294560449 0.0684607154504734 0.163610182468596 0.432269764367015 0.0667886861127078 0.166875788942963 0.429004157892648
0.241365573425039 0.0555765100450272 0.132307254399517 0.350423892450561 0.0595810383763474 0.124483111467515 0.358248035382563 0.0637182467211576 0.116393644774862 0.366337502075216
0.244583968220247 0.0521982136824469 0.142141374549719 0.347026561890774 0.0556603205800464 0.13537963053292 0.353788305907573 0.0581348802200059 0.130543314546741 0.358624621893752
0.297815808942329 0.0513354326765721 0.197081522680532 0.398550095204126 0.0567215108823706 0.186555738374019 0.409075879510639 0.0582972632760937 0.183474267867345 0.412157350017313
0.164616904732298 0.0518401060506181 0.0628608110464271 0.266372998418169 0.0537715251222738 0.0590910567638023 0.270142752700794 0.055494815387229 0.0557257321842689 0.273508077280327
0.219545431595188 0.0548057385325868 0.111951534229046 0.32713932896133 0.0578119430607123 0.106085673579352 0.333005189611024 0.0579702357188352 0.105776656725283 0.333314206465093
0.24773862342919 0.0497528471160398 0.150080150156384 0.345397096701997 0.0531819699002844 0.143385454995454 0.352091791862926 0.0573979156121611 0.135146606002478 0.360330640855903
0.31661279629864 0.0567523663561997 0.205234043067376 0.427991549529904 0.0624938517484412 0.194017680137824 0.439207912459456 0.0631343885129455 0.192765551518268 0.440460041079011
0.209401993082498 0.057155465368604 0.0971589490641174 0.321645037100878 0.0594868902116286 0.0926144066160768 0.326189579548918 0.0634170582211447 0.084945606887908 0.333858379277087
0.231326148156328 0.0564016739203919 0.120586096552737 0.342066199759918 0.0593540842718602 0.114827179695833 0.347825116616823 0.0600051894771444 0.113556427421726 0.349095868890929
0.146362483232278 0.0540093800235725 0.0403522768194581 0.252372689645098 0.055604882208721 0.0372380322806601 0.255486934183896 0.0592242469251138 0.0301685240000213 0.262556442464535
0.254946777104758 0.0516461564263622 0.153611205099098 0.356282349110418 0.0556919235951454 0.14570414112344 0.364189413086076 0.0570792722666013 0.142991289372334 0.366902264837182
0.277470177149303 0.0536681786362811 0.17218177100982 0.382758583288786 0.0588009804316634 0.162145824219979 0.392794530078627 0.0624841809212243 0.154939647437587 0.400000706861019
0.224569843139128 0.0522497947543084 0.122004106249647 0.327135580028609 0.055437556594975 0.115781972201222 0.333357714077034 0.0578397543797125 0.111089576500481 0.338050109777774
0.16053755350863 0.0631235472414007 0.0365826884009754 0.284492418616285 0.064539389837374 0.0338228510529384 0.287252255964322 0.0690220953833127 0.025077090259201 0.295998016758059
0.342722949883248 0.0631199061783971 0.21880117354976 0.466644726216735 0.0694116844402428 0.206521443515165 0.47892445625133 0.0672419109427148 0.210758390386965 0.47468750937953
0.247178124590295 0.0571910080999071 0.134951193420371 0.359405055760219 0.0610127969675348 0.127484399744841 0.366871849435749 0.0620402844475105 0.125475983869627 0.368880265310962
0.267017650537788 0.0577801564464073 0.153633554088185 0.38040174698739 0.0620887506917841 0.145215498690855 0.38881980238472 0.061593460570997 0.146183560569687 0.387851740505888
0.219218602560762 0.0565197217289766 0.108263780208787 0.330173424912737 0.0595425819217461 0.102364914919182 0.336072290202342 0.0637645503594691 0.0941183536053141 0.344318851516209
0.262241108983336 0.0514629236274927 0.161249024800984 0.363233193165689 0.0554591813312408 0.153441980169392 0.37104023779728 0.0570529692938471 0.150326463042231 0.374155754924442
0.257343304553285 0.0533862050018318 0.152593885443397 0.362092723663172 0.0579496813377645 0.143674612871019 0.37101199623555 0.0617550313485918 0.136231806373434 0.378454802733135
0.266241584717484 0.0500895256353742 0.167965602507324 0.364517566927645 0.0542161931305817 0.159899135427118 0.37258403400785 0.0543472765827302 0.159642799419991 0.372840370014978
0.236550465672286 0.0501931103474472 0.138052236142859 0.335048695201714 0.0536246506796686 0.131348440420205 0.341752490924368 0.0567630575018839 0.125212922423411 0.347888008921162
0.272165464794452 0.0585662716798775 0.157206532240845 0.38712439734806 0.0631691980658813 0.148219767719299 0.396111161869605 0.062416390296996 0.149690243223762 0.394640686365142
0.245712272598579 0.0530123246983198 0.141661183750185 0.349763361446973 0.0567190255079504 0.134423539950153 0.357001005247006 0.0575978951523906 0.13270647123809 0.358718073959069
0.276649193742202 0.0582891978835389 0.162247880471596 0.391050507012807 0.0630848045995327 0.152881773243248 0.400416614241155 0.064243429992778 0.150617478109373 0.402680909375031
0.281498713267315 0.0594402139555545 0.164847483412435 0.398149943122195 0.0643644045690267 0.155228265794165 0.407769160740465 0.0646939103481712 0.154584250472336 0.408413176062294
0.260405619505048 0.0533205252004051 0.155768025648444 0.365043213361651 0.0575878076938839 0.147431415334263 0.373379823675832 0.0588789512538231 0.144907532074946 0.37590370693515
0.330313003557476 0.0521139886036756 0.22806884052701 0.432557166587942 0.0586586695006486 0.215272187944327 0.445353819170625 0.0587269533735733 0.215138604853179 0.445487402261774
0.291207738112787 0.0527869018381572 0.187601712062713 0.39481376416286 0.0576457094246388 0.178112470699274 0.4043030055263 0.0574222687700472 0.17854909497623 0.403866381249344
0.248546621538904 0.0500269770981439 0.150362939525307 0.346730303552501 0.053967128177581 0.14266739837291 0.354425844704897 0.0556220771045578 0.139432916686193 0.357660326391615
0.216082648872232 0.0517441454566369 0.114514927689897 0.317650370054568 0.0547389545264629 0.108668709404319 0.323496588340146 0.0579152815546071 0.102463106060065 0.3297021916844
0.234659290071147 0.0505886923148756 0.135386871829053 0.33393170831324 0.0538320380220827 0.129050535091436 0.340268045050857 0.0557467005994055 0.125307820174403 0.34401075996789
0.189405156293866 0.0518947584171972 0.0875427817063921 0.291267530881339 0.0542510952304535 0.0829432506938204 0.295867061893911 0.0562519892201319 0.0790351510610398 0.299775161526691
0.232726899517399 0.0526646787462251 0.129376205973439 0.336077593061359 0.0560182695581206 0.122825265383521 0.342628533651277 0.0595166886830588 0.115986429872404 0.349467369162393
0.270573799775287 0.0546112267487327 0.163415833979236 0.377731765571338 0.0593496815070376 0.154155597910213 0.386992001640361 0.0611679713197821 0.150600042742801 0.390547556807774
0.343351309872508 0.0558208361236397 0.233799417684348 0.452903202060669 0.0621952140407179 0.221346102040294 0.465356517704723 0.061201130970709 0.223289271302934 0.463413348442083
0.270226943188135 0.0572929481961949 0.157790526650986 0.382663359725283 0.0618960085543855 0.148798591777884 0.391655294598385 0.0631194262408451 0.14640726892297 0.394046617453299
0.213013577130129 0.0590032274621553 0.0971788238753288 0.328848330384929 0.0616086629051079 0.0920954747043074 0.33393167955595 0.0656079224962457 0.084285886369029 0.341741267891229
0.206671423119038 0.0526793228316082 0.103276066106712 0.310066780131365 0.0553228108264401 0.0981148708648348 0.315227975373241 0.0604740429786147 0.0880481692785101 0.325294676959566
0.261564722901644 0.055132701842034 0.153340335098824 0.369789110704464 0.0594297695590831 0.14495181224593 0.378177633557359 0.0595202256710775 0.144775126528495 0.378354319274793
0.265298694308041 0.0478886718329975 0.171348684277663 0.359248704338418 0.0523697539580709 0.162587112009853 0.368010276606228 0.0515948842268394 0.164102681551768 0.366494707064313
0.261883099134896 0.0570671944855753 0.149870452080733 0.373895746189059 0.0609487442791018 0.142291999800949 0.381474198468843 0.0608015854631707 0.142579450796355 0.381186747473437
0.219105415856337 0.0572303712454114 0.106776388960222 0.331434442752453 0.06013207450338 0.101111191857073 0.337099639855601 0.0628071810322889 0.0958849360623448 0.34232589565033
0.306387013263054 0.0544624291766096 0.1995228272621 0.413251199264007 0.0604809729372445 0.18775905104537 0.425014975480737 0.0599579216504581 0.18878190219507 0.423992124331038
0.249676575893416 0.050659235729056 0.150230211618353 0.34912294016848 0.0539976286728712 0.143714323662623 0.35563882812421 0.0568960513980481 0.138052249288378 0.361300902498455
0.310538009118521 0.0529929298390674 0.206524433957806 0.414551584279235 0.0580839966093984 0.196582103547797 0.424493914689244 0.0574655023378402 0.197790625122232 0.42328539311481
0.321410130347479 0.0553905681121146 0.212688119351171 0.430132141343786 0.0610798358292917 0.201577705461667 0.441242555233291 0.0601533958851551 0.203387943494943 0.439432317200014
0.26934777307473 0.0610169870745932 0.149585226314784 0.389110319834676 0.0657764910591788 0.140291409499157 0.398404136650303 0.0673785286332486 0.13716101420691 0.401534531942551
0.231851664622242 0.0540808963798619 0.125725562336061 0.337977766908423 0.058042100061111 0.117986521081351 0.345716808163133 0.0598958781825558 0.114362618142644 0.34934071110184
0.251541014209576 0.0523964312585152 0.148689562299706 0.354392466119446 0.0560746286750819 0.141509263304207 0.361572765114945 0.0580581283136423 0.137634318648995 0.365447709770158
0.202086771957554 0.0545004558295848 0.0950942507311699 0.309079293183939 0.0567345760597074 0.0907352022572595 0.313438341657849 0.0601923098751159 0.083983224144983 0.320190319770126
0.242204173416424 0.0489339842051268 0.146168331545638 0.338240015287211 0.0525806861583176 0.139045593159092 0.345362753673757 0.0539136872363911 0.136440371937432 0.347967974895417
0.152410177794234 0.0485027190340934 0.0571995695888329 0.247620785999635 0.0501173202467583 0.0540487912730445 0.250771564315424 0.0557658954300948 0.0430143585769273 0.261805997011541
0.222045376334326 0.0526182981616048 0.118781408676376 0.325309343992276 0.0559605753568213 0.112253300740678 0.331837451927974 0.0557544427446286 0.112656071812465 0.331434680856188
0.329572917962743 0.0539165672944156 0.223790346211637 0.435355489713849 0.0603649085399899 0.211182914705479 0.447962921220007 0.0581242528958652 0.21556526268103 0.443580573244456
0.254293525567808 0.0550924232759887 0.146151101071376 0.36243595006424 0.0589791619842395 0.138563476455647 0.370023574679969 0.0585236241525915 0.139453178994492 0.369133872141124
0.174877531010416 0.0550838486645863 0.0667425368738556 0.283012525146977 0.056999895107617 0.0630040167685066 0.286751045252326 0.0598635724543472 0.0574126477270622 0.29234241429377
0.318039302749212 0.064360792604168 0.191635010400697 0.444443595097726 0.0697018383752163 0.181222056264604 0.454856549233819 0.0680471441534589 0.18444990662439 0.451628698874033
0.223321557857298 0.0514654596110076 0.122333053538139 0.324310062176457 0.0548005544424836 0.115816682007949 0.330826433706647 0.0570143988866208 0.111488589788368 0.335154525926228
0.29261319531633 0.0516113504961407 0.191327574965728 0.393898815666931 0.0564955357499544 0.181785488504539 0.403440902128121 0.0571536269572114 0.180499020396796 0.404727370235863
0.292652696097535 0.0488171141934403 0.196868322263818 0.388437069931252 0.0535846178127593 0.187549719318478 0.397755672876591 0.0535737823041288 0.187570908500089 0.39773448369498
0.165587443954595 0.0503668419164127 0.066698466446481 0.264476421462709 0.0522437614970211 0.0630376646420739 0.268137223267116 0.0554756369295607 0.0567287047273821 0.274446183181808
0.180847057503382 0.0526718712344412 0.0774784524901345 0.28421566251663 0.054782057139129 0.073357441520457 0.288336673486307 0.0583294482408421 0.0664250825836516 0.295269032423113
0.21850568998361 0.0498638481804883 0.120659509546619 0.3163518704206 0.0531240707034583 0.114289486456486 0.322721893510733 0.0566636630220826 0.107368732134738 0.329642647832481
0.268846753478447 0.0547301934653493 0.161419575054089 0.376273931902806 0.0589199331559871 0.15323924277368 0.384454264183214 0.0598517453412335 0.151418752094444 0.386274754862451
0.308195943208999 0.0530211987825044 0.204142438014711 0.412249448403288 0.0583491592900718 0.19373329158969 0.422658594828309 0.0585412166750189 0.193357852075554 0.423034034342445
0.249924210633683 0.0517255726057797 0.148404038867785 0.351444382399581 0.0553582468575299 0.141309940688754 0.358538480578612 0.0571762902954687 0.137757195736378 0.362091225530988
0.245708370545917 0.0592402028503478 0.129420919717302 0.361995821374532 0.0629431699262953 0.122193020465735 0.369223720626099 0.0666681382824597 0.114915853730471 0.376500887361363
0.241152390264426 0.0490160068812713 0.144959105269739 0.337345675259114 0.0527667144552539 0.137632428506884 0.344672352021969 0.0577594429602817 0.127870423713164 0.354434356815689
0.227254401588507 0.052199267396686 0.12478906955718 0.329719733619834 0.0553626805006382 0.118614282581695 0.335894520595319 0.0591860810201118 0.111144415179668 0.343364387997346
0.18869021588689 0.0534056672644373 0.0838613980987033 0.293519033675077 0.0557644017312707 0.0792573206576908 0.298123111116089 0.061494953379529 0.068060445791012 0.309319985982768
0.255003104237096 0.0659212999298376 0.125588915219909 0.384417293254284 0.0699883869870976 0.117652288848438 0.392353919625755 0.0720517990248504 0.113622797960156 0.396383410514036
0.240551220111454 0.0486349321103975 0.145104976429379 0.335997463793529 0.0522431158031101 0.138056965469333 0.343045474753575 0.0533044563510445 0.135982616572403 0.345119823650505
0.26780104140389 0.0529090960152762 0.163962724983194 0.371639357824587 0.0570194462853684 0.155934447421909 0.379667635385871 0.0565067926019443 0.156936190338778 0.378665892469003
0.354994013692257 0.0522867793668766 0.252401792301227 0.457586235083287 0.0592689921275907 0.238752047334586 0.471235980049928 0.0579283286896125 0.24137423221085 0.468613795173665
0.218093011147533 0.059526793983783 0.101210804027263 0.334975218267804 0.0622849568651989 0.0958318729540662 0.340354149341 0.0642941096805541 0.0919108305262761 0.34427519176879
0.202649095819387 0.0587879451785079 0.0872556144886843 0.31804257715009 0.0612846694711743 0.0823822447545002 0.322915946884274 0.0651722287765493 0.074788262152838 0.330509929485936
0.254469546936784 0.0611461352946447 0.134473304396457 0.374465789477111 0.0649579081901067 0.12702762288873 0.381911470984838 0.0657452374829988 0.125488991289633 0.383450102583934
0.230497445569073 0.0489740442489162 0.134383853179951 0.326611037958196 0.052476405731071 0.12754300777582 0.333451883362327 0.0567618764413505 0.119165183441756 0.341829707696391
0.289717905695072 0.0565096057868901 0.17881541350863 0.400620397881514 0.0614676589153148 0.169130339329289 0.410305472060855 0.0633439684318724 0.165462612622588 0.413973198767556
0.233656534562095 0.0524896717871104 0.130654181670698 0.336658887453492 0.0557692188496876 0.12424710951373 0.34306595961046 0.0581957162439916 0.119503721232947 0.347809347891243
0.193433989489471 0.062504039251426 0.070748372134757 0.316119606844186 0.0649493831622951 0.0659751889383643 0.320892790040578 0.0669641881029741 0.0620403071514289 0.324827671827514
0.202480877024029 0.0540652763218403 0.0963435765974794 0.308618177450578 0.05667092370917 0.0912592015141975 0.31370255253386 0.0612858566688962 0.0822452680219999 0.322716486026058
0.249240986567571 0.0608319441231974 0.129826621687237 0.368655351447906 0.0647750743414425 0.122130213471739 0.376351759663404 0.0666546172633818 0.118459055655128 0.380022917480015
0.224773715503982 0.0583682895198597 0.110176923251082 0.339370507756882 0.0614275295282379 0.104208974251892 0.345338456756072 0.0626826771238211 0.101758897118277 0.347788533889688
0.26470450726516 0.0469062030676989 0.172671911571139 0.35673710295918 0.0510332357946368 0.16460503207042 0.3648039824599 0.0534717753214968 0.15983554400085 0.369573470529469
0.306503457050607 0.0542945413077535 0.199969983492932 0.413036930608281 0.0598750875039659 0.189062391916967 0.423944522184247 0.0590380739443681 0.190699106085184 0.422307808016029
0.30181266170394 0.0529420410280047 0.197901124707517 0.405724198700363 0.0578609827019565 0.188294627091396 0.415330696316484 0.0601566739869474 0.183807573491768 0.419817749916113
0.282783173604974 0.0625928239317277 0.159891742042728 0.405674605167219 0.0668885085849585 0.151510656387551 0.414055690822397 0.0692388409236297 0.146921186439241 0.418645160770707
0.292666683761189 0.0596929423755736 0.175474283737379 0.409859083784998 0.0642916168011198 0.166500312463969 0.418833055058408 0.0633040593223257 0.168428408146484 0.416904959375894
0.331141577375653 0.0535904673842896 0.225982591136824 0.436300563614482 0.0599782901539198 0.213498160055869 0.448784994695437 0.0574087104953869 0.218522058120456 0.44376109663085
0.253748542437413 0.0537500341151082 0.148228580993541 0.359268503881286 0.0575382554729382 0.14083561068557 0.366661474189257 0.0597769246312048 0.13646307130152 0.371034013573307
0.180696387076744 0.0469603593393714 0.0885241615334432 0.272868612620044 0.0491038709129068 0.084339476737088 0.2770532974164 0.0539689808432071 0.0748324723590371 0.286560301794451
0.239122066059121 0.0528073319976249 0.135455629630374 0.342788502487867 0.0559906070331274 0.129243299714758 0.349000832403484 0.0574455961734483 0.126401899941014 0.351842232177228
0.349087178324745 0.0592072049775472 0.232818503179011 0.465355853470479 0.06524027063696 0.221050761055016 0.477123595594474 0.0621211357480033 0.227137526705318 0.471036829944173
0.241879023810014 0.0606206721745357 0.12287361525259 0.360884432367437 0.0642919733820088 0.115708949614739 0.368049098005289 0.0658018016439349 0.11276052819402 0.370997519426007
0.190603884752952 0.0538282799298771 0.0849409409829526 0.296266828522951 0.0561210144431792 0.0804662872309296 0.300741482274974 0.0606203923732976 0.0716771254983885 0.309530644007516
0.324757916317035 0.0523333059501911 0.222087506113191 0.427428326520878 0.0584971549299497 0.210034725812175 0.439481106821894 0.0588868350182859 0.209272365695633 0.440243466938437
0.309635478368326 0.059404141208563 0.193054683546188 0.426216273190464 0.0649416372685106 0.182236818657017 0.437034138079634 0.0639185112593746 0.184236471522595 0.435034485214056
0.335320219438511 0.0524307483699609 0.232421456960939 0.438218981916083 0.058694026540502 0.220184870866849 0.450455568010173 0.0569547018941439 0.22358469622082 0.447055742656202
0.203911157890488 0.0533514554389519 0.0991674225398207 0.308654893241155 0.055952130870661 0.0940937620823247 0.313728553698651 0.0612218658579114 0.0838015810104122 0.324020734770563
0.252591983010333 0.0549999408318614 0.144665208910883 0.360518757109783 0.0591021738005333 0.136650025535109 0.368533940485558 0.0606668538924213 0.133591145279903 0.371592820740764
0.252988484851289 0.0534233487403053 0.148142421169971 0.357834548532607 0.0572875257032195 0.140594935285844 0.365382034416734 0.0577430233173391 0.13970481081397 0.366272158888609
0.22395545230718 0.0576849322836804 0.110722910753982 0.337187993860379 0.0608095859368619 0.104623941338059 0.343286963276302 0.0643505684249189 0.097706715798504 0.350204188815857
0.199892986567553 0.0482020944326375 0.105291947066651 0.294494026068455 0.0506758537765684 0.100461153465773 0.299324819669333 0.0530824923393785 0.0957584073364104 0.304027565798696
0.255278168174536 0.0496429621048583 0.157847356365747 0.352708979983325 0.0534994107587572 0.150315508693934 0.360240827655138 0.0561932070971975 0.145050270766564 0.365506065582508
0.273933584276336 0.0498639491733896 0.176081656246463 0.371785512306209 0.0540992628264904 0.167806743727048 0.380060424825624 0.0557499800466708 0.164579531132136 0.383287637420536
0.195822979235131 0.0505665804200075 0.0965822145444899 0.295063743925773 0.0530863059248184 0.091661599686677 0.299984358783585 0.0561909017097623 0.0855946165346872 0.306051341935575
0.333719718489497 0.0541065271643666 0.22752441717708 0.439915019801914 0.0600813562117958 0.215854050118134 0.45158538686086 0.0583633773103273 0.219211358996069 0.448228077982925
0.185252927429318 0.0537748593071975 0.0796987799335294 0.290807074925107 0.0559835595761427 0.0753877370397516 0.295118117818884 0.0611322873098877 0.0653288014349201 0.305177053423716
0.228127969495964 0.0522481120590526 0.125574430918534 0.330681508073395 0.0552617435433027 0.11969094806385 0.336564990928078 0.0582281384813017 0.113895235821543 0.342360703170385
0.2328997763313 0.0489986156935779 0.136728000957927 0.329071551704673 0.0522767672718816 0.130327036221664 0.335472516440936 0.0524982014422875 0.129894448481258 0.335905104181341
0.297136992210243 0.0535564443720614 0.19203446599562 0.402239518424867 0.0586042626237587 0.182172650087864 0.412101334332623 0.056901499198033 0.185500550084474 0.408773434336012
0.293773376052083 0.0577304745779682 0.180446803255097 0.407099948849069 0.0628428857852063 0.170466483545675 0.417080268558491 0.06085649734223 0.174345842729344 0.413200909374822
0.198280701478297 0.0578818798264213 0.084640051434844 0.311921351521749 0.0603261636235189 0.079872055220546 0.316689347736047 0.0637078368948312 0.0732700300037943 0.323291372952799
0.283411907179203 0.0548577436155341 0.175719835886329 0.391103978472077 0.0590052066073817 0.167624963910687 0.399198850447718 0.0603527119753453 0.164993010296391 0.401830804062015
0.268848564607199 0.0619885482925933 0.147140117869878 0.39055701134452 0.0657025092050696 0.139895089607679 0.397802039606719 0.0672746886037284 0.136825948343035 0.400871180871363
0.292716254106139 0.0564761472627505 0.181865052855791 0.403567455356486 0.0612366102073369 0.172569252326876 0.412863255885401 0.0605282536168634 0.173953143197868 0.411479365014409
0.220740928440457 0.0560390418328994 0.110721152843513 0.330760704037401 0.0592379143518397 0.104479952320429 0.337001904560486 0.0619118501866602 0.099258615045149 0.342223241835765
0.316556303309958 0.0508952266520261 0.216681596418312 0.416431010201603 0.0564896816520167 0.205749450174659 0.427363156445256 0.0564744696495535 0.205779193046708 0.427333413573207
0.240700396407897 0.0577185382049638 0.127407380916682 0.353993411899111 0.0611426441458405 0.120722775252632 0.360678017563161 0.0621763364530791 0.118703664440135 0.362697128375659
0.222931467351905 0.0451209280329309 0.134394492033716 0.311468442670094 0.0483627219747867 0.12805980382145 0.317803130882359 0.0486027484290288 0.127590577800939 0.318272356902871
0.236718385052518 0.0498094016461952 0.138969773359825 0.33446699674521 0.05307407306866 0.132592663515547 0.340844106589488 0.0556607214129746 0.127536570390216 0.345900199714819
0.243027119147352 0.0585795757308896 0.128056070584381 0.357998167710323 0.0621320294691205 0.121118876565909 0.364935361728795 0.0668801970188431 0.111838774174453 0.374215464120251
0.313813300483861 0.0510983915160137 0.213564405996116 0.414062194971606 0.0566583973792298 0.202693100340246 0.424933500627477 0.0558146111355174 0.204343583053386 0.423283017914336
0.241224741727352 0.0540753524794481 0.135105099119458 0.347344384335247 0.0580041752287837 0.127430188036594 0.35501929541811 0.0601021215714521 0.12332926678209 0.359120216672615
0.209844502875102 0.0587986187072459 0.094382347425182 0.325306658325022 0.0612617660672255 0.0895800878142026 0.330108917936002 0.0651800745558197 0.0819332513863536 0.337755754363851
0.352062480053437 0.0525390530613646 0.248969618338304 0.455155341768571 0.0597144448751633 0.23494384276935 0.469181117337524 0.0593387963955365 0.235678560771048 0.468446399335826
0.229874095315689 0.0585791116523154 0.114857819196102 0.344890371435276 0.0615455793324441 0.109071710509548 0.35067648012183 0.0648494154280836 0.102621796991616 0.357126393639763
0.20214641305374 0.0542266450618108 0.0957091790156598 0.308583647091819 0.0567379459281595 0.0908068311385068 0.313485994968972 0.0619511680924879 0.0806204919790794 0.3236723341284
0.221514812269491 0.0547531419870736 0.114048855216625 0.328980769322357 0.0577188085105673 0.108258502942251 0.33477112159673 0.060532900761877 0.102760242717271 0.340269381821711
0.258250411942966 0.0440104705832616 0.171902846249567 0.344597977636365 0.0479358737737136 0.164229256096869 0.352271567789063 0.0507801425720507 0.158665488948691 0.357835334937241
0.26454201316771 0.0604025876223734 0.146011644904392 0.383072381431029 0.0648881215145046 0.137247938406167 0.391836087929253 0.0668735859385103 0.133366512214771 0.395717514120649
0.259192308511968 0.0505838572541892 0.15992652486874 0.358458092155196 0.0549065215581362 0.151481168356257 0.366903448667679 0.0548857934582532 0.151521685370344 0.366862931653592
0.381065917178855 0.0547179328654603 0.273681377799211 0.4884504565585 0.0629051053722968 0.257682504000283 0.504449330357428 0.0594167847414729 0.264502353905376 0.497629480452335
0.318426132887108 0.0564930077495918 0.207540035777561 0.429312229996655 0.0623169498198047 0.196166640995072 0.440685624779145 0.0612092166561399 0.198331086766247 0.438521179007969
0.292913530448284 0.0534393270090205 0.188031311904208 0.39779574899236 0.0584133106352185 0.178316049449509 0.407511011447058 0.0566453526898599 0.181770592837615 0.404056468058953
0.315471518086155 0.0545246748263036 0.208471348720911 0.422471687451398 0.0602445168263972 0.197295303469289 0.433647732703021 0.0585034933904524 0.200698519352707 0.430244516819603
0.280033000591303 0.0513263424563078 0.179308452844084 0.380757548338521 0.0561113569874208 0.169959776223173 0.390106224959432 0.0572474544540869 0.16773873251569 0.392327268666915
0.273575620675348 0.0547022269470306 0.166218143783536 0.38093309756716 0.0592401994236632 0.157354348510116 0.389796892840581 0.0613468246678907 0.153236659125074 0.393914582225623
0.203059804680201 0.0496037320270739 0.105712162245108 0.300407447115294 0.0525609350976149 0.0999362899379601 0.306183319422442 0.0577353603546831 0.0898206441409899 0.316298965219412
0.236471087411244 0.0528343027939754 0.132768819818627 0.340173355003861 0.0562475430685616 0.126104531985724 0.346837642836764 0.0591558813223725 0.120421634961971 0.352520539860517
0.241395492067125 0.0563992753393092 0.130712002761325 0.352078981372925 0.0603551263137942 0.122985016872477 0.359805967261772 0.0632239820246116 0.117377343036644 0.365413641097605
0.184441901162618 0.0523908952314457 0.0815993053545325 0.287284496970704 0.0544272734258055 0.0776252224404273 0.291258579884809 0.057899473466338 0.0708437760559788 0.298040026269258
0.228943046339805 0.0556185779837891 0.119786489227683 0.338099603451926 0.0589927245230913 0.113196987546221 0.344689105133388 0.0628118521262711 0.105732662575395 0.352153430104214
0.256302991313582 0.0627961638428373 0.132949869660618 0.379656112966547 0.0662879020606028 0.126147481814502 0.386458500812663 0.0693334225545365 0.120207882501312 0.392398100125853
0.199001281050827 0.0512583255190945 0.0983850391379326 0.299617522963721 0.0537437764204877 0.0935337762259495 0.304468785875704 0.0580853512478462 0.0850518466675522 0.312950715434102
0.302491914636241 0.0554450045828869 0.193689104187524 0.411294725084958 0.0611369614780178 0.182566806373299 0.422417022899182 0.0596462426518963 0.185480953068407 0.419502876204074
0.230734573388828 0.0504674039607612 0.131696558528158 0.329772588249499 0.0542866763247101 0.124235271766858 0.337233875010798 0.0583190978836036 0.116351109455818 0.345118037321838
0.286901781765891 0.0526345895322169 0.183611296035406 0.390192267496377 0.0575253226405363 0.174055758694148 0.399747804837635 0.0599851806759131 0.169246160263789 0.404557403267994
0.292276103913027 0.0500904497950434 0.194001876618701 0.390550331207352 0.0555045108864249 0.183416705926661 0.401135501899393 0.0552377507602146 0.183938488962053 0.400613718864
0.263474104831765 0.0500867500177629 0.165186152042223 0.361762057621307 0.0543617609648433 0.156833398780997 0.370114810882532 0.0573955004978457 0.150901465318845 0.376046744344684
0.297723061868101 0.0517494460008879 0.196188549941511 0.399257573794691 0.0570445479923644 0.185837600901666 0.409608522834537 0.0569440159040936 0.186034214245408 0.409411909490794
0.277435902639624 0.0563892845281068 0.166763593978309 0.388108211300938 0.0608072537281424 0.158135224441211 0.396736580838036 0.0599567353740688 0.159796994854942 0.395074810424306
0.264188821643927 0.052602689334715 0.160936045204789 0.367441598083065 0.0565646763669617 0.153200767671462 0.375176875616393 0.0597757384898673 0.146926050249215 0.381451593038639
0.302605838543628 0.0583765002481669 0.188025325634413 0.417186351452844 0.0641714512668634 0.176708190636824 0.428503486450432 0.0639336109107827 0.177172959273341 0.428038717813915
0.251194450965123 0.0528090256954413 0.147540491142896 0.35484841078735 0.0565766747318815 0.140184124493702 0.362204777436544 0.0609586876890955 0.131620044446743 0.370768857483503
0.214523284176318 0.0575471558465563 0.10156780459504 0.327478763757595 0.0603460252179121 0.0961040837977045 0.332942484554931 0.0638042229924733 0.0893482091563221 0.339698359196313
0.252780461635324 0.063174053340531 0.128760541398344 0.376800381872305 0.0671054901118277 0.121088430784513 0.384472492486136 0.0659295466392972 0.123384087631878 0.382176835638771
0.254899206064084 0.0576751326486226 0.141678932864233 0.368119479263935 0.0615771331795927 0.134063138910611 0.375735273217556 0.0614475527921982 0.134316177702794 0.375482234425373
0.201266722486312 0.0503918585283344 0.102380427593329 0.300153017379295 0.0531798533123001 0.0969339929924745 0.30559945198015 0.0580947448743913 0.0873247954248835 0.315208649547741
0.346751970014431 0.0528133821758209 0.243132781554268 0.450371158474594 0.0600949228233476 0.228895581601536 0.464608358427326 0.058195567140923 0.232610910454281 0.46089302957458
0.245246179310179 0.0480324664306328 0.150982351877246 0.339510006743112 0.0514691259695938 0.144269481836467 0.346222876783891 0.054144471382788 0.139039887268842 0.351452471351516
0.280086615930265 0.0521197998719309 0.177826024521259 0.382347207339272 0.0572317369572933 0.167833186942964 0.392340044917567 0.0595491097623145 0.163300352528631 0.3968728793319
0.214648489010096 0.0530268442314456 0.110588298537436 0.318708679482756 0.0563074508286695 0.104179795414785 0.325117182605408 0.0604407490389978 0.0960993994757323 0.33319757854446
0.310042537946835 0.0576533803263565 0.196853210827032 0.423231865066639 0.0629709819401023 0.18647533983762 0.43360973605605 0.0620811386904674 0.188213006729842 0.431872069163828
0.273020741466908 0.0608276372758057 0.153627433463729 0.392414049470086 0.0653664712845389 0.14476518941749 0.401276293516325 0.0674720631461031 0.140650989259593 0.405390493674222
0.23950515026968 0.0493565510726561 0.142608661101837 0.336401639437524 0.0524198428570847 0.136631113691532 0.342379186847829 0.0551349244255929 0.131328379554572 0.347681920984789
0.160370294966855 0.0536515433956416 0.0550494545381418 0.265691135395569 0.0551040249822383 0.0522154312746758 0.268525158659035 0.0588425443752682 0.0449154496632002 0.275825140270511
0.336817714072573 0.0612848284831298 0.216531185526469 0.457104242618677 0.0682562853482525 0.202914522179016 0.47072090596613 0.0685446296843646 0.202350929406833 0.471284498738313
0.241439489396473 0.0573500776624762 0.128865719212347 0.354013259580598 0.0610882186015049 0.121568426857179 0.361310551935766 0.0619081953244813 0.119966813528686 0.362912165264259
0.339058361863406 0.0536568952407186 0.233774439916187 0.444342283810625 0.0602013399463845 0.220982148565584 0.457134575161227 0.0595202195586231 0.222314208789526 0.455802514937285
0.202458498620355 0.0498206877700033 0.104669817406641 0.300247179834068 0.0522876174433821 0.0998539104525629 0.305063086788146 0.0556958285886446 0.0931951480972697 0.31172184914344
0.266632570030861 0.0549891568491853 0.158713436286864 0.374551703774858 0.0592359236369208 0.15041844146666 0.382846698595062 0.0608424301489451 0.147278539349931 0.385986600711791
0.314485412704938 0.0484859191197827 0.219339414124719 0.409631411285158 0.054130309062034 0.208309098661616 0.420661726748261 0.054074231626204 0.208418750101814 0.420552075308063
0.243433959976337 0.0510577049332394 0.143211301405065 0.34365661854761 0.05430834654221 0.136865792595789 0.350002127356885 0.0570060034186686 0.131595527290384 0.35527239266229
0.272399276322857 0.0560866792088336 0.162317383915094 0.382481168730619 0.0607156329070847 0.153277456960975 0.391521095684738 0.0630086495709873 0.148796015764787 0.396002536880926
0.227174314485998 0.0570213351070159 0.115249957572268 0.339098671399729 0.060458565953615 0.108539657613279 0.345808971358718 0.0640584780019359 0.101505976953849 0.352842652018148
0.342456745603535 0.0552156080332187 0.234105286252788 0.450808204954282 0.0620744548644329 0.220700994515602 0.464212496691468 0.0599222979164091 0.224908853878492 0.460004637328578
0.187734316550979 0.0514382211661081 0.0867872966016002 0.288681336500357 0.0534829347092079 0.0827940956899904 0.292674537411967 0.0573605640869984 0.0752160004995829 0.300252632602375
0.266499716346292 0.0597551112409022 0.149211374273753 0.38378805841883 0.0644335986976677 0.140076261426331 0.392923171266252 0.0653101268634472 0.138363704568248 0.394635728124336
0.261975439310825 0.0557112538157918 0.152631946994885 0.371318931626766 0.0594932699767711 0.145246455148368 0.378704423473283 0.0598692041077544 0.144511968164236 0.379438910457414
0.171182109028392 0.0513254777472295 0.0704622533229864 0.271901964733797 0.0535049858701604 0.0662050333158642 0.276159184740919 0.0546458771655498 0.0639756356217972 0.278388582434986
0.321335220053188 0.0542131556589438 0.214933281656108 0.427737158450267 0.0602375929880974 0.203165249600221 0.439505190506154 0.0576422617938866 0.208236947663465 0.43443349244291
0.179979224010756 0.0525881283771791 0.076739756343576 0.283218691677935 0.0547669901697994 0.0724886380023047 0.287469810019206 0.0563550712204098 0.0693883425243542 0.290570105497157
0.367968232222844 0.0605974129656661 0.249058920827305 0.486877543618383 0.069198555577077 0.23224720622759 0.503689258218099 0.0670435675993789 0.236461501875926 0.499474962569762
0.292042292797335 0.0580833080597216 0.178048338895464 0.406036246699206 0.0633693927478192 0.167722977473198 0.416361608121471 0.0627110062769725 0.169009643838653 0.415074941756016
0.226769702760867 0.0556805864264117 0.117480903054623 0.336058502467111 0.0587026615811145 0.111580780146344 0.34195862537539 0.062681728860687 0.103805881905001 0.349733523616733
0.283979316595699 0.0540709943210175 0.177864258431119 0.390094374760278 0.0587228263338383 0.16877710881804 0.399181524373358 0.0615773319533734 0.1631966740882 0.404761959103198
0.290047704680875 0.0572080836554603 0.177746199781378 0.402349209580373 0.0616747616366553 0.169027208429919 0.411068200931831 0.062551129711617 0.167315376943187 0.412780032418564
0.313629804371786 0.057799139791645 0.200177664078727 0.427081944664844 0.0633982291743713 0.189244381507407 0.438015227236164 0.0635713695051937 0.188906070365359 0.438353538378213
0.248344270685093 0.0473821553675563 0.155380305232433 0.341308236137752 0.0512872129904955 0.14774699230725 0.348941549062936 0.0547299482356332 0.141012858067097 0.355675683303089
0.267920719656597 0.0555878820162172 0.158833909706529 0.377007529606666 0.0597135922094908 0.150774095547917 0.385067343765278 0.0608153121046782 0.148620648758205 0.38722079055499
0.206351315210285 0.0461602723239202 0.115787573528885 0.296915056891684 0.0489787010700698 0.110278437576798 0.302424192843771 0.0527066282218773 0.102986936020431 0.309715694400139
0.349876686344297 0.0541750943652513 0.243547315414328 0.456206057274267 0.0604229471256735 0.231343165930274 0.468410206758321 0.0592831853907566 0.233570775545971 0.466182597142624
0.259985506731424 0.0620362383788183 0.138195496992675 0.381775516470172 0.0662233025687901 0.130024868162975 0.389946145299873 0.0670757320218775 0.128360371347626 0.391610642115221
0.370969747603327 0.0566543568955348 0.259791558343087 0.482147936863568 0.0649217934767944 0.243633915217805 0.498305579988849 0.0622244646710162 0.248908152631977 0.493031342574677
0.231372334618981 0.0487749888073778 0.135653489812487 0.327091179425475 0.0519248159144237 0.129500788024008 0.333243881213954 0.0545014421068963 0.12446433649712 0.338280332740842
0.255830181506753 0.0499469927652807 0.157828088650629 0.353832274362877 0.0540218503312955 0.149864136659979 0.361796226353527 0.055547363921516 0.146881017192456 0.36477934582105
0.247008878097421 0.0545769522638015 0.139901558038676 0.354116198156166 0.0582041160058614 0.132816786552576 0.361200969642267 0.0599624502187046 0.129380274194524 0.364637482000318
0.186124623698972 0.0529575084988435 0.0821902853398602 0.290058962058083 0.0549582353035438 0.0782836460149563 0.293965601382987 0.0586837405655991 0.0710041112091148 0.301245136188828
0.235893692651563 0.0539646440706882 0.129979954604127 0.341807430698999 0.0571458800923447 0.1237677697789 0.348019615524227 0.0611342952764668 0.115973009167042 0.355814376136085
0.252372289682648 0.0660684518984233 0.122583277239512 0.382161302125785 0.0698922410658523 0.115135065461256 0.38960951390404 0.068749733953062 0.117361585785011 0.387382993580286
0.315963518508678 0.0574163991170178 0.203268692048264 0.428658344969092 0.0635353703077389 0.191317900051595 0.440609136965761 0.0615621345227041 0.195173582795945 0.436753454221411
0.172185283995429 0.0523167511519539 0.0695202391332588 0.274850328857598 0.0543310237249944 0.0655858677490417 0.278784700241815 0.0590427676147339 0.0563759009687385 0.287994667022119
0.288707114110292 0.0577792406480344 0.175289977511215 0.402124250709368 0.0626429245273711 0.165794400471264 0.411619827749319 0.0623178985652051 0.166429315738009 0.410984912482575
0.277087430216097 0.0493305831911987 0.180284376465104 0.37389048396709 0.0536391929106981 0.171865652550674 0.38230920788152 0.0538284359580966 0.171495699328576 0.382679161103618
0.208816677684445 0.0540516195181032 0.102746157595727 0.314887197773164 0.056720297245263 0.0975333432242882 0.320100012144603 0.0606125994956208 0.0899251013775051 0.327708253991386
0.298582787727823 0.0676356910763985 0.165740416136637 0.431425159319009 0.0721006295679517 0.157038068023378 0.440127507432268 0.0712370723181887 0.158722121062844 0.438443454392802
0.27463310602976 0.0560090857555948 0.164731487640079 0.384534724419441 0.0604480614713093 0.15605701919912 0.3932091928604 0.0606484305896635 0.155665292514493 0.393600919545028
0.233343069685892 0.0534971002655854 0.128358343295442 0.338327796076342 0.0569847741908506 0.121545499934188 0.345140639437596 0.0607018977207802 0.114278994323176 0.352407145048608
0.182331437094602 0.0507025572017287 0.082825371163584 0.28183750302562 0.0529222890782368 0.0784905875707041 0.2861722866185 0.0565003221994768 0.0714983011948137 0.293164572994391
0.298402750652396 0.069275576977437 0.162348264759712 0.43445723654508 0.074518667219483 0.152126531258348 0.444678970046445 0.0727072602104457 0.155659753223686 0.441145748081107
0.318600979660333 0.0569266992712707 0.206894604107319 0.430307355213346 0.0628860679969306 0.195248600933818 0.441953358386847 0.0638079856298465 0.193445864320535 0.44375609500013
0.26524225056111 0.0487947132358418 0.169505355273371 0.36097914584885 0.0529921791063526 0.161300649089101 0.36918385203312 0.0557876978662554 0.155832810242402 0.374651690879818
0.297621962149577 0.0599511051134377 0.179960489730482 0.415283434568672 0.0652784962271863 0.16955498502705 0.425688939272104 0.0652061923489475 0.169696286299247 0.425547637999907
0.197249530628237 0.0610551305354191 0.0773464581107928 0.31715260314568 0.0632173712334747 0.0731321158782251 0.321366945378248 0.065062136390584 0.069534141190121 0.324964920066352
0.218211096675056 0.0495505423730572 0.120970328422712 0.3154518649274 0.0525520392691033 0.115107503476245 0.321314689873867 0.0553567844227656 0.109625267180723 0.326796926169389
0.306071194938159 0.0531147781768763 0.20182802594734 0.410314363928979 0.0586671622499493 0.190981734709828 0.421160655166491 0.0598074966048066 0.188752559382568 0.423389830493751
0.222418962915025 0.0501150495868963 0.124050506093367 0.320787419736682 0.0530362641454435 0.118347693969691 0.326490231860358 0.0564974895187556 0.11158493721102 0.333252988619029
0.289412085353451 0.0602917122242431 0.171075542595406 0.407748628111497 0.0655404763525037 0.160825190734728 0.417998979972174 0.0666439647310159 0.158668748621713 0.42015542208519
0.177623067781189 0.0571345648393224 0.0654734394250406 0.289772696137338 0.0592179429514272 0.0614072317854627 0.293838903776916 0.0631444272970085 0.0537379183111436 0.301508217251235
0.227039585021545 0.054521379385583 0.120015201767765 0.334063968275325 0.0574750183055287 0.114250287889984 0.339828882153106 0.0591638273377075 0.110951977577314 0.343127192465776
0.225471034436992 0.0552879300959548 0.116970366240596 0.333971702633389 0.0585863618186125 0.110527660200882 0.340414408673102 0.0590487014642767 0.109624203145613 0.341317865728372
0.238835164175574 0.0550706715030459 0.130738354780701 0.346931973570447 0.0586957771510303 0.123661221899035 0.354009106452113 0.0616509266291685 0.117887390375074 0.359782937976074
0.267262529060638 0.0581004056127919 0.153217170147475 0.3813078879738 0.0628174851234104 0.144007547572936 0.390517510548339 0.0626306030298323 0.144372616148907 0.390152441972369
0.258948596793606 0.0564794404212064 0.148079257389554 0.369817936197658 0.0603338705940576 0.140555607172385 0.377341586414827 0.0625606375994821 0.136205747516915 0.381691446070297
0.27517847184006 0.0546789958055181 0.167861823224363 0.382495120455757 0.059212435883926 0.159007898934811 0.391349044745309 0.0596014614813167 0.158247688763558 0.392109254916562
0.299262623815402 0.0510176833356612 0.199157124269992 0.399368123360812 0.0565078861356748 0.188426310379673 0.41009893725113 0.0569431453802601 0.187575106056925 0.410950141573879
0.198479513600778 0.050926821353726 0.098525107329937 0.298433919871619 0.0535260833140224 0.0934500527427638 0.303508974458792 0.0591171755052879 0.0825227437033024 0.314436283498254
0.229825017230277 0.0494545097248559 0.132752181306778 0.326897853153776 0.052698804812064 0.126418471621495 0.333231562839059 0.0552599292900881 0.121414542460468 0.338235492000085
0.207468181892452 0.0566844636336782 0.0962290772511788 0.318707286533726 0.0593558786935673 0.0910112380891913 0.323925125695713 0.0607240048980308 0.0883378027098871 0.326598561075018
0.309633826208732 0.0488540891651742 0.213777202182206 0.405490450235257 0.0543858377329604 0.202963920036567 0.416303732380897 0.0537398885171029 0.204227194705831 0.415040457711632
0.265332141539973 0.0490394731226721 0.169107761331707 0.361556521748239 0.053436838289082 0.160513816459432 0.370150466620515 0.0539473654430069 0.159515567625919 0.371148715454028
0.251478707737958 0.0511996398091037 0.151010941530683 0.351946473945233 0.0550840298173237 0.143421011438403 0.359536404037513 0.0573944758370234 0.138903646516074 0.364053768959842
0.311460690513942 0.0529024049313811 0.20765537832865 0.415266002699234 0.0588737265589971 0.195984361089165 0.426937019938718 0.056858042057701 0.199925551165417 0.422995829862467
0.215438089405787 0.0517648931272996 0.113857849023833 0.317018329787741 0.0545315380127714 0.108453123183993 0.322423055627581 0.0575494924040935 0.102553743078655 0.328322435732919
0.217951750628265 0.0561383668700447 0.107713266469383 0.328190234787146 0.0585941700680419 0.102925264621698 0.332978236634831 0.0628538008756389 0.0946115347464897 0.341291966510039
0.24413831645831 0.0531015400244155 0.139925638085263 0.348350994831358 0.0564847961951078 0.133317540415434 0.354959092501187 0.0604407827425469 0.12558466706598 0.362691965850641
0.246427766171027 0.0547247079591405 0.138991947923949 0.353863584418105 0.0583031557009126 0.132009066669052 0.360846465673002 0.062875441560262 0.123077305106449 0.369778227235605
0.300796460479457 0.0528665931112884 0.197057123386894 0.404535797572021 0.058338325132221 0.186364153294327 0.415228767664588 0.0593442272999309 0.184397189756766 0.417195731202149
0.237679094235629 0.0529492944018863 0.133737226725336 0.341620961745921 0.0564202613443951 0.12696260098888 0.348395587482378 0.0584142339228485 0.123067845072299 0.352290343398959
0.233153105458774 0.0578631478617172 0.119571696864988 0.34673451405256 0.0612397217125519 0.112980644901034 0.353325566016514 0.064953458540533 0.105725330497491 0.360580880420057
0.252343217058295 0.0535117455600203 0.147342571984251 0.357343862132338 0.0578953541466574 0.138776037151831 0.365910396964758 0.0584306395533117 0.13772946966406 0.36695696445253
0.262141301653756 0.0519312674045073 0.160222982800041 0.36405962050747 0.0560836528207939 0.152112294814932 0.372170308492579 0.0571498035457416 0.150028565861767 0.374254037445744
0.190795200579881 0.0517948152987803 0.0891435427332209 0.292446858426542 0.0539833358059654 0.0848699877046034 0.29672041345516 0.0573201283047789 0.0783497490039182 0.303240652155845
0.295497608623128 0.0584286508772376 0.180823039706512 0.410172177539743 0.0635452749451339 0.170829532887835 0.42016568435842 0.0637851883592201 0.170360680206653 0.420634537039602
0.223477662121342 0.0522625161475401 0.120884681626931 0.326070642615753 0.0548700460702786 0.115795843265554 0.331159480977131 0.0572932970139571 0.111063224681156 0.335892099561529
0.238856241619762 0.0579723936741795 0.125012325964997 0.352700157274526 0.0609604010962284 0.11918681077649 0.358525672463033 0.0610867872869257 0.118940272971936 0.358772210267587
0.267289371323252 0.0540180241506749 0.161285264668216 0.373293477978287 0.0587447292130139 0.15205021228541 0.382528530361093 0.0611354778908242 0.14737590251819 0.387202840128314
0.210498388407278 0.0471459872289473 0.117973386613614 0.303023390200941 0.0499983563177589 0.112402352662436 0.308594424152119 0.0552616691363667 0.102112686598665 0.31888409021589
0.287814360001319 0.0600516345763471 0.169943000958301 0.405685719044337 0.0643745580932378 0.161502711219472 0.414126008783165 0.0662187745368237 0.157899489222253 0.417729230780384
0.307741834163707 0.0586679995607405 0.192548685300012 0.422934983027403 0.0634808844622812 0.183159069841617 0.432324598485798 0.0638441825305225 0.182449781936157 0.433033886391258
0.311332126568839 0.0561421776200162 0.201132656988821 0.421531596148856 0.0614791416862778 0.190711283767143 0.431952969370534 0.0625318974160967 0.188654083212927 0.43401016992475
0.239694327445074 0.052919016861863 0.135795575114998 0.343593079775149 0.0562830890625064 0.129232451680742 0.350156203209406 0.0583511808389861 0.125194382874027 0.35419427201612
0.19192407372713 0.0541613626441484 0.0856244149335237 0.298223732520736 0.0564820202958387 0.0810932246165599 0.302754922837699 0.0605170090043346 0.073208777876762 0.310639369577497
0.283248450908068 0.0543591103657582 0.176579599774221 0.389917302041916 0.0595223737626191 0.166490078428098 0.400006823388039 0.0615941611157434 0.162438888665287 0.40405801315085
0.232574591308581 0.0597835585502302 0.115208458008634 0.349940724608528 0.0633691840558926 0.108211679897543 0.356937502719618 0.0658259009396938 0.103414055084071 0.361735127533091
0.280927954883129 0.0590347276202647 0.16503161281654 0.396824296949717 0.0634700341870524 0.156375825668177 0.405480084098081 0.0651798127542508 0.15303647713938 0.408819432626877
0.264384531371248 0.0528019287401321 0.160761680140092 0.368007382602403 0.0569107567703205 0.152735331531337 0.376033731211158 0.0585428650623294 0.149545101947566 0.379223960794929
0.3146658645398 0.0572701099507377 0.202261937358661 0.42706979172094 0.062646180563811 0.191762031625481 0.437569697454119 0.0620785833601077 0.192871187359619 0.436460541719982
0.196565210924498 0.0540293062801553 0.0905067220462538 0.302623699802742 0.0566534719157284 0.085385105432345 0.307745316416651 0.0572507887579343 0.084218770947861 0.308911650901135
0.248885479147369 0.0510385522190279 0.148717071827197 0.349053886467542 0.0548443661872523 0.141283986945296 0.356486971349443 0.0545402623633519 0.141878191812308 0.35589276648243
0.199493514665349 0.0545305432129293 0.0924302184095997 0.306556810921098 0.056660682007851 0.0882753964954815 0.310711632835216 0.059160851719781 0.0833952619073467 0.315591767423351
0.20373078439323 0.0535484704322448 0.098613967086613 0.308847601699848 0.0557793622950689 0.0942604042953296 0.313201164491131 0.0596074561298644 0.0867836659091943 0.320677902877266
0.275390984245058 0.0533684158217451 0.170677106026694 0.380104862463421 0.0584390228863672 0.160766030873394 0.390015937616721 0.063406038376805 0.151049666793942 0.399732301696173
0.209410660707424 0.0539697559156844 0.103499617475106 0.315321703939743 0.0569426205182638 0.0976925898667263 0.321128731548122 0.0578803185439385 0.0958601259261889 0.32296119548866
0.244589665129422 0.0559588218414809 0.134747138076643 0.354432192182201 0.0595413621609955 0.127753602953447 0.361425727305397 0.0609424136823037 0.125016847994702 0.364162482264142
0.300623353756782 0.0507416667412626 0.201070759100162 0.400175948413403 0.0564495953381904 0.189911027371571 0.411335680141994 0.0574941304766432 0.18786769434277 0.413379013170795
0.219444149295451 0.052310253075913 0.116762583178941 0.322125715411961 0.0550357575529427 0.111442685458626 0.327445613132275 0.0580280630430327 0.105597486175243 0.333290812415658
0.317978268228865 0.0514811988767292 0.216956727859068 0.418999808598662 0.0572038969149182 0.205773079202158 0.430183457255573 0.0567526437353449 0.206655410451654 0.429301126006077
0.311776942425319 0.051942780999834 0.209804756342824 0.413749128507814 0.0568015365171216 0.200320938827854 0.423232946022784 0.0556735900602795 0.202523781780973 0.421030103069666
0.184137669784452 0.0522502963317421 0.0815948268532735 0.286680512715631 0.0546597808567172 0.0768893181268865 0.291386021442018 0.0576717762248957 0.0710033494150225 0.297271990153882
0.184183979071816 0.0483854708252691 0.0892246427466463 0.279143315396985 0.0506868792998005 0.0847303267523093 0.283637631391322 0.0527881893351706 0.0806243781528447 0.287743579990787
0.264551136936968 0.0668283488399688 0.133339281598111 0.395762992275825 0.0707554006336304 0.125678790178272 0.403423483695664 0.0696914219021225 0.127755096540377 0.401347177333559
0.31342418042033 0.0578439646428631 0.199920867420635 0.426927493420024 0.0641532815341209 0.187589904852625 0.439258455988034 0.0625113411608404 0.190800262711059 0.4360480981296
0.338653160428096 0.0660071424598699 0.209029327003043 0.46827699385315 0.0717442778529341 0.197840650770461 0.479465670085731 0.0705234212551525 0.200223092949862 0.47708322790633
0.315431307410645 0.0510610014389992 0.215254289650026 0.415608325171264 0.0569982355223128 0.203645458456754 0.427217156364536 0.0553892761834158 0.20679255384603 0.424070060975261
0.281010637610457 0.0571620100566833 0.168812419940078 0.393208855280835 0.0618137825717229 0.159729207230395 0.402292067990518 0.0653093797159782 0.152897555618602 0.409123719602311
0.262021869485734 0.0592026133130617 0.145813623714799 0.37823011525667 0.0636260380224316 0.137177603260519 0.38686613571095 0.0652014751694069 0.134099687800126 0.389944051171343
0.262010456610145 0.0518626346540674 0.160226482569749 0.363794430650542 0.0561732533873127 0.151806634577101 0.37221427864319 0.0567815546132007 0.150617769104755 0.373403144115535
0.196787040584143 0.058830510947143 0.0812931600653841 0.312280921102901 0.061292737292067 0.0764891071594145 0.317084974008871 0.0675514728406778 0.0642643578739688 0.329309723294316
0.189072332212236 0.0501012785789095 0.0907522083930924 0.28739245603138 0.0521282059091971 0.0867933683780206 0.291351296046452 0.0558113735161633 0.0795948052391613 0.298549859185311
0.216653112350006 0.0543489347721396 0.109988063834703 0.323318160865309 0.0573675093654804 0.104093217872489 0.329213006827523 0.0589377605732407 0.101025060104045 0.332281164595967
0.213538647168746 0.0473608091167789 0.120572404579737 0.306504889757756 0.0499682746039143 0.115482806660731 0.311594487676762 0.0521491444453888 0.111222813115357 0.315854481222136
0.245535174445001 0.0514147573674299 0.144660203677513 0.346410145212488 0.0552150379560817 0.137231821959449 0.353838526930553 0.0578436628514606 0.132090743165376 0.358979605724625
0.285195916042435 0.0506924407880197 0.185692304410472 0.384699527674398 0.0551908691326432 0.176908971931043 0.393482860153826 0.056709361285512 0.173941772755796 0.396450059329073
0.302956766414678 0.0520320506454683 0.200851329254584 0.405062203574772 0.0572433226317714 0.190668458241499 0.415245074587857 0.0573974873045834 0.190367052882116 0.41554647994724
0.274850678523953 0.0585323212173175 0.159956740611067 0.38974461643684 0.0627618903514202 0.151699602219269 0.398001754828638 0.0642680203364722 0.148757270956027 0.40094408609188
0.223545162847294 0.0585126050342931 0.108672189160006 0.338418136534582 0.0614215159700379 0.102996663430506 0.344093662264083 0.0643147071029234 0.09734736691264 0.349742958781948
0.249208954351722 0.064395237708829 0.122760467035045 0.375657441668398 0.068350845665012 0.115046365873943 0.3833715428295 0.071446211293997 0.109004161628292 0.389413747075152
0.246678125624955 0.0634108682067985 0.12213243089176 0.371223820358149 0.0667110859124499 0.115701296376263 0.377654954873646 0.0673409646815277 0.114473039163314 0.378883212086595
0.284544551397714 0.0562667798132433 0.174117496662229 0.394971606133199 0.0612427396244881 0.164397654603062 0.404691448192366 0.0620762469653829 0.162768519736283 0.406320583059144
0.211234617172004 0.0487372565735459 0.115597156489322 0.306872077854685 0.0514399624069581 0.110317042843883 0.312152191500124 0.0555361986986595 0.102308526556007 0.320160707788
0.232176104667094 0.0493530567834546 0.135301612138534 0.329050597195654 0.0526654478657213 0.128835031614187 0.335517177720002 0.0538339797833092 0.126552324198368 0.337799885135821
0.337471060469468 0.0558648803630366 0.227856012849109 0.447086108089826 0.0624042666856448 0.215073530163978 0.459868590774957 0.0610309843635868 0.217759073285293 0.457183047653642
0.268232144224249 0.0594657918261432 0.151504910686338 0.384959377762159 0.0637350075405963 0.143170584030815 0.393293704417682 0.0642761262038796 0.142113603487191 0.394350684961307
0.171769127716178 0.054176949135309 0.0654147225947597 0.278123532837596 0.0558557828223621 0.0621391290548353 0.28139912637752 0.0591048117701352 0.0557953174186852 0.28774293801367
0.269653492524263 0.0539247517897481 0.163826796754706 0.37548018829382 0.0584506183500996 0.154985533930107 0.38432145111842 0.0597652246080054 0.152415857839508 0.386891127209019
0.256121877009739 0.052096506280214 0.153869399929177 0.358374354090302 0.0562151739425366 0.145826635770648 0.36641711824883 0.0568910047600624 0.144506105452337 0.367737648567142
0.213962161077929 0.0575155898458751 0.101060899277265 0.326863422878593 0.0602100736519571 0.0958020194738689 0.332122302681988 0.0628127395036796 0.0907188654382114 0.337205456717646
0.218269915033273 0.0545244605156316 0.111225810807707 0.325314019258839 0.0570985113112111 0.106203827183997 0.33033600288255 0.058990224931818 0.102510604453816 0.33402922561273
0.289756739054737 0.0548980132940349 0.182042567178367 0.397470910931108 0.060389391703382 0.17130855755753 0.408204920551944 0.0604113613016399 0.171265593072433 0.408247885037042
0.215959188444448 0.0610761210633355 0.0960406239056656 0.33587775298323 0.0640388761267393 0.0902618124746803 0.341656564414216 0.0653642861295372 0.0876750130372957 0.3442433638516
0.251779741502906 0.0633073362384443 0.127454219042111 0.3761052639637 0.0673703076064408 0.119532807599327 0.384026675406484 0.0676616406779851 0.118964428565166 0.384595054440645
0.30936557934558 0.0560743510712352 0.199318091457807 0.419413067233353 0.0613107181009961 0.189088825649263 0.429642333041897 0.060626513571982 0.190426072327833 0.428305086363327
0.250977825670814 0.0548980407199173 0.143228758005488 0.358726893336139 0.0586488009993853 0.135904579254786 0.366051072086841 0.0592123876715437 0.134803473329376 0.367152178012251
0.236106204749548 0.0571105135623006 0.123990851850292 0.348221557648805 0.0602512395328558 0.117862015164297 0.3543503943348 0.0615566812953658 0.115312998548218 0.356899410950878
0.203578236869109 0.0533207940121619 0.0989012411336186 0.308255232604599 0.0559897018874588 0.0936935114854357 0.313462962252782 0.0587216189987029 0.0883586485927687 0.318797825145449
0.204956499971335 0.0535680159429524 0.0998236359272561 0.310089364015415 0.0563839503947594 0.0943246922844965 0.315588307658174 0.059440778262356 0.0883512085460209 0.32156179139665
0.229084802247666 0.0523795059629119 0.126294028948187 0.331875575547144 0.0559863130466406 0.119248176263201 0.33892142823213 0.0585298143310994 0.114276180590334 0.343893423904997
0.221893105812157 0.0494735034461911 0.124812611766155 0.31897359985816 0.0526704997582037 0.118566198420216 0.325220013204099 0.0551091251673102 0.113798606784928 0.329987604839387
0.257455536533492 0.0556728739236311 0.14818768252921 0.366723390537774 0.0597376740728274 0.140249640627272 0.374661432439712 0.0623888016134435 0.13506846999942 0.379842603067564
0.277061383216837 0.0528782269936935 0.17327879187751 0.380843974556163 0.0570963841968484 0.165040841402855 0.389081925030818 0.059259687910232 0.160812859481004 0.393309906952669
0.17992446246173 0.0497589906883958 0.0822756992933179 0.277573225630142 0.0517743853130263 0.0783394227822819 0.281509502141178 0.0542402178744748 0.0735207112856265 0.286328213637834
0.191339804711448 0.0555848727306871 0.0822462383348322 0.300433371088064 0.0580442263052515 0.0774441968573363 0.30523541256556 0.0616679513457763 0.0703636183192787 0.312315991103617
0.187449036964824 0.0549509335356543 0.0795957496880293 0.295302324241618 0.0569296151417871 0.07573287764248 0.299165196287168 0.0618173801494939 0.066182882140455 0.308715191789193
0.197483427419331 0.0504459334131208 0.0984614835409755 0.296505371297687 0.0526582424877848 0.0941435583582073 0.300823296480455 0.0571114692497488 0.0854438786021745 0.309522976236488
0.23886668124879 0.0585037810468297 0.124024386546032 0.353708975951549 0.0622902033049735 0.116633538525919 0.361099823971661 0.0641201128162919 0.113059194657776 0.364674167839805
0.279484885870977 0.0569278380423822 0.167740789854371 0.391228981887584 0.061556779752251 0.158703317499445 0.40026645424251 0.0637005050528274 0.154514641347294 0.40445513039466
0.254856120812928 0.0568800371235392 0.143202115758494 0.366510125867363 0.0605032181215952 0.136129806613346 0.373582435012511 0.0631159372463881 0.131025930890566 0.378686310735291
0.313060550700934 0.0544751790497205 0.206163070975168 0.4199580304267 0.0602527836794423 0.194872638273363 0.431248463128504 0.0585964328844881 0.198110763213218 0.428010338188649
0.23561041120611 0.0560256861135396 0.125590711833411 0.345630110578808 0.0590492665738254 0.119695503087663 0.351525319324557 0.0613710641946273 0.115164616377405 0.356056206034814
0.336245246300339 0.0580199060633427 0.222346655790375 0.450143836810303 0.0641961063198623 0.21028914586762 0.462201346733058 0.0626558472600849 0.213297852192274 0.459192640408404
0.372629650394253 0.0529564353525148 0.268726890886367 0.476532409902138 0.0609695415101832 0.253059462974296 0.49219983781421 0.0581735393072333 0.258528615440796 0.486730685347709
0.227024514634193 0.0496505555617423 0.12960526990483 0.324443759363555 0.053019595042357 0.123021035299569 0.331027993968817 0.0575226671011316 0.114214062278989 0.339834966989396
0.263377616346958 0.0637576276108239 0.138236107067467 0.388519125626448 0.068377805104187 0.129214635728009 0.397540596965906 0.0693488249045146 0.127317483689651 0.399437749004265
0.248801905535497 0.0523526321900866 0.14607521013002 0.351528600940974 0.0564641422572696 0.138040654147095 0.359563156923899 0.0565591991044791 0.137854817635231 0.359748993435763
0.27400987837882 0.0550467911448629 0.16597992780341 0.38203982895423 0.0597016227747618 0.15688697226337 0.39113278449427 0.061287841781044 0.153786361802163 0.394233394955476
0.13611481467851 0.0581593090126306 0.0219375453638886 0.250292083993131 0.0593897836358637 0.0195372733746149 0.252692355982405 0.0647655004776984 0.00904134159283496 0.263188287764185
0.274938753778175 0.0479347382967209 0.180878574201801 0.36899893335455 0.0525586313118008 0.171842449009025 0.378035058547325 0.0545513036467636 0.167945688165129 0.381931819391221
0.263685332916206 0.055435553297058 0.154879959835529 0.372490705996884 0.0599839118289389 0.14599776274785 0.381372903084563 0.0640077862199403 0.138132599201053 0.38923806663136
0.219516644300337 0.0580618555503127 0.105537261476963 0.33349602712371 0.0610541703344755 0.0996976992705526 0.339335589330121 0.06261905943772 0.0966419210429943 0.342391367557679
0.227184732332834 0.0570097203642895 0.115272053305754 0.339097411359915 0.0605017721210673 0.108456503508789 0.345912961156879 0.0650062167469676 0.0996564670335423 0.354712997632126
0.268318503617443 0.0521311321426723 0.166042992412094 0.370594014822792 0.0568867674986778 0.156745266855737 0.379891740379149 0.0562051739965811 0.158078319314104 0.378558687920782
0.26944190299726 0.0542327132242906 0.162985954529956 0.375897851464563 0.0582264722947808 0.155189438040134 0.383694367954385 0.0574473755883103 0.156711041955441 0.382172764039079
0.223902652926699 0.0539232026676225 0.118069741805895 0.329735564047503 0.0567369494913009 0.11257550433014 0.335229801523258 0.059309057059096 0.107549825036114 0.340255480817285
0.195541217016051 0.0552157313008538 0.0871853631761828 0.30389707085592 0.0574995591036978 0.082724621649143 0.30835781238296 0.060978053970635 0.0759262299829814 0.315156204049121
0.264587174785215 0.049708056752814 0.1670461393464 0.36212821022403 0.05401700014194 0.158626186249616 0.370548163320814 0.0538078743658106 0.159035015135463 0.370139334434967
0.240012421349127 0.0577082292079402 0.126700770273149 0.353324072425104 0.061253047102274 0.11978678937516 0.360238053323093 0.0647652894624723 0.112929433783008 0.367095408915246
0.287911526455458 0.0464079340453958 0.196849751002529 0.378973301908388 0.0511633478564306 0.187555700181392 0.388267352729525 0.0515531674027224 0.186793414581804 0.389029638329113
0.31033529336618 0.0519888008014759 0.208329366287439 0.412341220444921 0.0579633684635868 0.196650017880335 0.424020568852026 0.0587011484741112 0.195206945627506 0.425463641104854
0.275780870224991 0.0523499991125419 0.17306116115699 0.378500579292992 0.0573845405759861 0.163221504791402 0.388340235658579 0.0594527043157504 0.159176827313645 0.392384913136337
0.259486180572134 0.0512245524626056 0.158955482706519 0.360016878437749 0.0550118550575684 0.151558050160538 0.367414310983731 0.0585976704286676 0.144548444653105 0.374423916491164
0.217961583599182 0.0474394208348959 0.124859979820248 0.311063187378116 0.050428965223145 0.119021053320357 0.316902113878006 0.051676939829449 0.116582259577555 0.319340907620808
0.345609876979678 0.0523765506955446 0.242818525567632 0.448401228391725 0.0586555367512127 0.23055092071832 0.460668833241037 0.0566618101859966 0.234448021824313 0.456771732135044
0.201611908398458 0.0577956911013306 0.0881554811269163 0.315068335669999 0.0599705819965736 0.083911579727628 0.319312237069288 0.064039574056019 0.0759651706914317 0.327258646105484
0.240641085547966 0.0568177716428532 0.129103773778846 0.352178397317085 0.0606457761342412 0.121632436435083 0.359649734660848 0.0629378066223912 0.117155444160064 0.364126726935867
0.307889785568052 0.052389274818521 0.205088125829679 0.410691445306426 0.0581623763166498 0.193805545977529 0.421974025158575 0.0577322541550507 0.194646584566951 0.421132986569153
0.287961747676934 0.0607585899319641 0.168694268126477 0.407229227227392 0.0657469668146597 0.158955825933987 0.416967669419882 0.0664700909698554 0.157543191540858 0.41838030381301
0.333179500801888 0.0563529846520784 0.222558741235213 0.443800260368563 0.06256955874406 0.210420601069392 0.455938400534385 0.0625800256584896 0.21040014899694 0.455958852606837
0.257344344764438 0.0564605268454774 0.14648983137428 0.368198858154596 0.0598924732294306 0.139794860070718 0.374893829458158 0.0586367441663284 0.142245364769073 0.372443324759803
0.256962180932635 0.0548331661851493 0.149320115350376 0.364604246514893 0.0586361314348383 0.141897658581228 0.372026703284041 0.0600080699926125 0.139218094315899 0.37470626754937
0.193119379958954 0.0517906255515132 0.0914585618381073 0.294780198079801 0.0542888099733533 0.0865824162611756 0.299656343656733 0.0584645032956167 0.0784247223156892 0.30781403760222
0.16354636571003 0.048564868267736 0.068226229859729 0.258866501560332 0.0502988775479227 0.0648411167591736 0.262251614660887 0.0525028502271013 0.0605360687935022 0.266556662626559
0.200037644546 0.0480639540009878 0.105718097088088 0.294357192003911 0.0504931719492274 0.100972878896747 0.299102410195252 0.0530857130770415 0.0959055497740504 0.304169739317949
0.298208764789251 0.053593853573791 0.193046560200039 0.403370969378464 0.059186103376646 0.182116933871218 0.414300595707284 0.0586088647292418 0.183245636422648 0.413171893155854
0.279297466993556 0.0641310348622258 0.153417706037026 0.405177227950085 0.0688730617045917 0.144159246697083 0.414435687290028 0.071797321030479 0.138445358932803 0.420149575054308
0.280914322662388 0.0568643189302936 0.169329109589167 0.392499535735608 0.0614356792518813 0.160397016353609 0.401431628971166 0.0623773482998115 0.158556094194587 0.403272551130188
0.273117767306446 0.0549192135636242 0.165335407459282 0.380900127153611 0.0598395681146693 0.155724112509056 0.390511422103837 0.0628115948917072 0.149913984576605 0.396321550036288
0.270554812087997 0.064049335443591 0.144816647228653 0.396292976947341 0.0686842423571487 0.13577099252056 0.405338631655434 0.0699255487208925 0.133346731214384 0.40776289296161
0.256028563736352 0.0613583878741362 0.135567157676192 0.376489969796512 0.0651373538656537 0.12819360094073 0.383863526531974 0.0653404915897952 0.127797023893105 0.384260103579599
0.149077628493141 0.051490016707812 0.047995228186717 0.250160028799566 0.0530875007285875 0.0448785928585337 0.253276664127749 0.0565936509043575 0.0380327947435194 0.260122462242764
0.243034459014969 0.0505747904342499 0.143782776566841 0.342286141463097 0.0540239620355139 0.1370453445439 0.349023573486039 0.0552911314291087 0.134568740665208 0.35150017736473
0.304716677887765 0.0543949851746237 0.19799282116308 0.411440534612451 0.0600483272284132 0.186941159605519 0.422492196170011 0.0598256118227519 0.187376742944105 0.422056612831425
0.274493704069803 0.0478168269360962 0.180669438388883 0.368317969750723 0.052500107855624 0.171516072935341 0.377471335204266 0.0525256227417458 0.171466180315662 0.377521227823944
0.308914470188891 0.0527235844547942 0.205461244380167 0.412367695997614 0.0586087874604136 0.193958288587554 0.423870651790227 0.0571425529412037 0.196825330431116 0.421003609946665
0.209407740918893 0.0519588583109812 0.107442519977749 0.311372961860038 0.0548063024932001 0.10188054978502 0.316934932052767 0.0574014855135561 0.0968082018012476 0.322007280036539
0.256966740252624 0.0535383160772596 0.151891656340178 0.362041824165069 0.0574365084389429 0.144278355068754 0.369655125436493 0.0582859198193143 0.142618496049445 0.371314984455802
0.325932971474116 0.0618110554950513 0.204598435494118 0.447267507454114 0.0680868666480323 0.192345252848945 0.459520690099287 0.0665239546694117 0.195398394222151 0.456467548726081
0.282137465843673 0.0483863152047835 0.187179692783077 0.377095238904269 0.0528661304798718 0.178427990988538 0.385846940698808 0.0537061603277202 0.176785898850453 0.387489032836894
0.265084860059893 0.051994687189358 0.163055958073887 0.367113762045898 0.0559677317964595 0.155292982600529 0.374876737519256 0.0578926997665395 0.151529495527788 0.378640224591997
0.231979883262235 0.0575925888444841 0.118917863423632 0.345041903100838 0.0606596866405629 0.112932832810849 0.35102693371362 0.0643876375591474 0.10565181786647 0.358307948658
0.281322973621269 0.0510407862396279 0.181164398809713 0.381481548432826 0.0554904075065251 0.172470052062286 0.390175895180252 0.0568835164347635 0.169746334294422 0.392899612948117
0.237484055058848 0.0555879285325336 0.128338326791668 0.346629783326027 0.0587018346950306 0.122264713956149 0.352703396161546 0.0609546410056182 0.117867042608687 0.357101067509008
0.283560653739181 0.0584898917795663 0.168671275707536 0.398450031770827 0.0626076520981048 0.160647113154548 0.406474194323815 0.0632314759926544 0.159430455273275 0.407690852205088
0.220016455070712 0.0495611459467119 0.122748798700219 0.317284111441206 0.0526366813723593 0.116742305470748 0.323290604670677 0.0553790352625892 0.111382692359914 0.328650217781511
0.22995506260379 0.0602374231937511 0.111691654855861 0.34821847035172 0.0630515172726661 0.106201811094389 0.353708314113192 0.0654208447098539 0.10157633055479 0.358333794652791
0.274531975213656 0.0599896383404983 0.156803370717179 0.392260579710133 0.0646390452744875 0.147721050962092 0.40134289946522 0.0668085011817251 0.143480391087433 0.405583559339879
0.245293501846417 0.0550028203468404 0.137338743460013 0.35324826023282 0.0591837947682429 0.129174062569191 0.361412941123642 0.0635280268156665 0.120682777072447 0.369904226620386
0.236751124159267 0.0529711500209257 0.132772029712684 0.340730218605849 0.0565436704113146 0.125798078191557 0.347704170126976 0.0585447907640069 0.121888801208034 0.351613447110499
0.233725339119838 0.062144659034555 0.111726366262148 0.355724311977529 0.0655858634493567 0.105011293389668 0.362439384850009 0.0713264317321768 0.0937974462337042 0.373653232005972
0.264817346857441 0.053218682801422 0.1603453340161 0.369289359698781 0.0569557249091559 0.153051367387522 0.376583326327359 0.0580312517813994 0.150950741826599 0.378683951888282
0.295131360317398 0.0502561981739928 0.196504730304585 0.393757990330211 0.0553639916203827 0.186525506014261 0.403737214620536 0.0558790817578966 0.185518537959332 0.404744182675465
0.202771770160163 0.0513480910380047 0.101971094341216 0.30357244597911 0.0541474458844902 0.0965080943951474 0.309035445925179 0.0564310693178965 0.0920482232195965 0.31349531710073
0.273373717818565 0.05841289407743 0.15872131078555 0.388026124851581 0.0626105869341899 0.150525086604877 0.396222349032254 0.0642897240306823 0.147244289804702 0.399503145832429
0.254242507401631 0.0517021704712196 0.152778176134702 0.355706838668559 0.0556202493894133 0.145124486988728 0.363360527814534 0.0587785429720737 0.138950292667842 0.369534722135419
0.19973548354293 0.0504083772072537 0.100812450590808 0.298658516495052 0.0529350988035961 0.0958771718368509 0.303593795249009 0.0563215174984966 0.0892581685534438 0.310212798532416
0.202317743851898 0.0530521710318133 0.098175087213253 0.306460400490543 0.0555857137345907 0.0932306694563085 0.311404818247488 0.0576879585247248 0.0891252355953882 0.315510252108408
0.219658517274634 0.0475887223989337 0.12629226625776 0.313024768291507 0.0509126356873855 0.119794781598012 0.319522252951255 0.0534987303859608 0.114736746284094 0.324580288265173
0.18763912934107 0.0546421835089815 0.0804047865142382 0.294873472167903 0.0571463971896838 0.0755139549319673 0.299764303750174 0.0624247196716197 0.0651966689252339 0.310081589756907
0.226862969891649 0.0562380371009288 0.116476520282212 0.337249419501086 0.059522447071312 0.110064587516634 0.343661352266664 0.0618333416993765 0.105550079668024 0.348175860115274
0.306142771602356 0.0621959056005362 0.184091083323634 0.428194459881077 0.0682680272640815 0.172226545660606 0.440058997544106 0.0674717984433923 0.173783060290769 0.438502482913942
0.229747389435484 0.0482785686292286 0.135010708047689 0.324484070823279 0.0516002869134981 0.128520629141791 0.330974149729177 0.0525571349144079 0.126650183956508 0.33284459491446
0.120794415464445 0.0615061974213199 4.11898118834741e-05 0.241547641117007 0.0624281493784441 -0.00175690971537548 0.243345740644266 0.0675898734847941 -0.0118324145534383 0.253421245482328
0.185738220843384 0.0567749366957115 0.0742844395712968 0.297192002115472 0.0587656228603406 0.070400178755687 0.301076262931081 0.0636309827397123 0.0608981641199296 0.310578277566839
0.247974164528148 0.0519946141595633 0.145949799498505 0.34999852955779 0.055754720807637 0.138602223893109 0.357346105163186 0.0584205458553294 0.133389695594591 0.362558633461704
0.234889881076353 0.0544823015506546 0.127950835436267 0.341828926716439 0.0575297025797194 0.122001530951364 0.347778231201342 0.0599282829488496 0.117315667437841 0.352464094714865
0.180971358630129 0.0547366284450358 0.0735091646584266 0.288433552601831 0.0567702139411074 0.0695421441853901 0.292400573074867 0.0604764530724583 0.0623060253729542 0.299636691887303
0.299356562792843 0.0511542570155439 0.198980316828536 0.399732808757151 0.0565362598255629 0.188461825480289 0.410251300105398 0.0554691384433834 0.190548297362509 0.408164828223178
0.191603624843011 0.0576259077773838 0.0785052857726096 0.304701963913412 0.0602082009002831 0.0734630454520579 0.309744204233963 0.0663270519236513 0.0615042934901089 0.321702956195912
0.252141372131642 0.0590692521131702 0.136179985789709 0.368102758473575 0.0628337851916792 0.128833460287775 0.375449283975509 0.0633190606042529 0.127885902014754 0.37639684224853
0.218029043410993 0.0482462082576076 0.123363571208489 0.312694515613497 0.0514270712156668 0.117147456185949 0.318910630636037 0.0547008884676252 0.110745505141437 0.325312581680549
0.179264172968141 0.0489490772078626 0.0832131647170138 0.275315181219269 0.0509731869373093 0.0792588856348469 0.279269460301436 0.0546418474125023 0.0720872216105671 0.286441124325716
0.269363586329973 0.0627935343988283 0.146102705490846 0.3926244671691 0.0675062094363748 0.136902741634349 0.401824431025598 0.067038636529102 0.13781597897275 0.400911193687197
0.338786045701593 0.0546984482783058 0.231449036041585 0.4461230553616 0.0613293265711038 0.21849057165096 0.459081519752226 0.059761993482528 0.221555033542458 0.456017057860727
0.273875860875538 0.0561867173178273 0.163592490863671 0.384159230887406 0.0605873723804718 0.15499968959753 0.392752032153547 0.0626533556959013 0.150962615466131 0.396789106284946
0.230437386645496 0.0538611176054218 0.124723460967314 0.336151312323679 0.0569925622093272 0.118609068489262 0.342265704801731 0.0584629866940566 0.115736294548284 0.345138478742709
0.33076273082792 0.0574351872421745 0.218020107461652 0.443505354194189 0.0638366285026352 0.205520231355314 0.456005230300526 0.0630177907493844 0.207120180588568 0.454405281067273
0.234819975710884 0.0494768943827356 0.137714906640378 0.331925044781389 0.0525121416684659 0.131787576818835 0.337852374602933 0.0545572531824972 0.127791212301686 0.341848739120082
0.329715504263588 0.0532375640808214 0.225257776974314 0.434173231552862 0.0592990852107628 0.21340895748504 0.446022051042136 0.0591577385733544 0.213685398654277 0.445745609872899
0.209858624193668 0.0556485422447414 0.100646943481169 0.319070304906168 0.0587917984556167 0.094507967276867 0.32520928111047 0.0624559346325471 0.0873464610046687 0.332370787382668
0.269467905923392 0.0582381104592111 0.155165972570832 0.383769839275952 0.0622217661151114 0.147386517399654 0.39154929444713 0.0636402493567293 0.14461478507405 0.394321026772735
0.241252410884024 0.0561023257343279 0.131143346456077 0.351361475311971 0.060021843406703 0.123488877188774 0.359015944579275 0.064844130505903 0.114062821782354 0.368441999985694
0.288373298684427 0.0516896151459238 0.186931092215926 0.389815505152929 0.0568117302189922 0.176924656615743 0.399821940753111 0.0571524386163536 0.176258654854849 0.400487942514005
0.265890647725488 0.0535221305932715 0.160848708680533 0.370932586770443 0.0576364584543004 0.152812802019663 0.378968493431313 0.0589679870315542 0.150210510618031 0.381570784832945
0.262647683155419 0.0521958002588479 0.160203282263281 0.365092084047558 0.0563181713110949 0.152152684128438 0.373142682182401 0.0568204028469809 0.151171313103429 0.37412405320741
0.336828119333619 0.058267054716281 0.222457467885755 0.451198770781484 0.0648987292445334 0.209506470428486 0.464149768238753 0.0622220328602033 0.214736178785685 0.458920059881553
0.250831953265318 0.0592733943340809 0.134452758378346 0.36721114815229 0.0629584404517971 0.1272642744288 0.374399632101836 0.0627275042855852 0.12771499741678 0.373948909113856
0.309492877844032 0.0534176339365152 0.204674985162052 0.414310770526012 0.0591918951599041 0.193389811710199 0.425595943977865 0.0578859510202761 0.195943242093427 0.423042513594637
0.249460635905068 0.0534131434156404 0.144621458001368 0.354299813808768 0.0572705172482447 0.137089753182431 0.361831518627705 0.0606813006135942 0.130424317593996 0.36849695421614
0.224210543427566 0.059367797804281 0.107691794267504 0.340729292587629 0.0626031320004439 0.101374238062316 0.347046848792817 0.0626169474675236 0.10134725065368 0.347073836201452
0.302137474888098 0.0556343623030242 0.192943307387615 0.41133164238858 0.060482842725018 0.183474391232977 0.420800558543219 0.0628150936984365 0.178916035171773 0.425358914604422
0.23666822308025 0.0565049029549984 0.125761625933043 0.347574820227457 0.0598147307056777 0.119299485795779 0.354036960364722 0.0623040440430767 0.11443597201582 0.35890047414468
0.304700771439579 0.055776263796015 0.195235733919442 0.414165808959716 0.0607167451114146 0.185585332581948 0.423816210297211 0.0610765693801719 0.184882074391632 0.424519468487527
0.306586308507835 0.0638309447678355 0.181262073808444 0.431910543207225 0.0690717809210588 0.17103623088933 0.442136386126339 0.0693236037609093 0.17054453650154 0.442628080514129
0.257373908712125 0.0549915069611322 0.149449824714825 0.365297992709425 0.0590675300910181 0.141488555413354 0.373259262010895 0.0622753315067979 0.135218287595146 0.379529529829104
0.296773931443368 0.0567981982689938 0.185317472857611 0.408230390029125 0.0621499520493476 0.174859994303058 0.418687868583677 0.0624460360280645 0.174281129761208 0.419266733125528
0.220960298212063 0.0496920730848116 0.123433852112258 0.318486744311867 0.0528256742120534 0.117314224948075 0.32460637147605 0.0556916683802413 0.111713070925992 0.330207525498133
0.236338411779492 0.0552948169532098 0.127842056759344 0.34483476679964 0.0589479767673549 0.120703063940208 0.351973759618776 0.0625468399900586 0.113665632144908 0.359011191414076
0.266779655758218 0.0572506247731611 0.154405556853948 0.379153754662488 0.0615674574207188 0.145977086684927 0.38758222483151 0.0621936261696204 0.144753787979108 0.388805523537328
0.177374926889885 0.0526926870215306 0.0739598123267191 0.280790041453052 0.054557903294897 0.070317885968411 0.28443196781136 0.0593465966266012 0.0609602495270162 0.293789604252755
0.2146431334387 0.0449680612721639 0.126414403043376 0.302871863834023 0.0480575719143649 0.120375890699795 0.308910376177605 0.0529212141849931 0.110862462041702 0.318423804835697
0.277652775391074 0.0529356576307434 0.173738700257066 0.381566850525081 0.0571096268461495 0.165590929089101 0.389714621693047 0.0561043288766363 0.167554204261989 0.387751346520159
0.281787886979096 0.0555759318579781 0.172689075698168 0.390886698260024 0.0601590733912674 0.163742729601196 0.399833044356996 0.0610783252397694 0.161947065843523 0.401628708114669
0.337815183442303 0.0553530783709534 0.229182374889286 0.446447991995319 0.0611802024244446 0.217798498680992 0.457831868203613 0.0590652146042771 0.221932018167706 0.4536983487169
0.301923169740686 0.0635377073086911 0.177141100717518 0.426705238763854 0.0683032880375048 0.167849684177959 0.435996655303413 0.0682245292592483 0.168003348516432 0.435842990964941
0.31813346361738 0.0557721469609054 0.208676896340455 0.427590030894305 0.0616743490701427 0.197146655347155 0.439120271887604 0.0602404057640404 0.199949276037681 0.436317651197079
0.110813466303742 0.0496827717659468 0.0133151833603827 0.208311749247102 0.0505454736219245 0.0116304609997347 0.20999647160775 0.0548266404050138 0.00326459878725395 0.218362333820231
0.220866124152217 0.050295922481601 0.12213967853865 0.319592569765784 0.0530857946986228 0.116693832040853 0.325038416263581 0.0551210709914728 0.112718235648778 0.329014012655656
0.250561332498176 0.0584285925487421 0.135887413866569 0.365235251129782 0.0624598777409553 0.128014574807868 0.373108090188483 0.0649632590007479 0.123122249994846 0.378000415001505
0.194558719614819 0.0501883893230663 0.0960427925611524 0.293074646668485 0.0524482260033045 0.0916320042388903 0.297485434990748 0.0567291144203214 0.0832689337579727 0.305848505471665
0.268714227125463 0.0477507337260996 0.175039750530405 0.362388703720521 0.0521621684689604 0.166413251554156 0.37101520269677 0.053227339654301 0.164329382315894 0.373099071935032
0.268016575369839 0.0484569140655148 0.172946423430657 0.363086727309021 0.0525609959274653 0.164923443973694 0.371109706765985 0.0520224251691475 0.165976652534491 0.370056498205187
0.329002755145899 0.0552800301452793 0.220488388994459 0.43751712129734 0.0609453843361223 0.209427063321529 0.448578446970269 0.0598574695745459 0.211552390356868 0.446453119934931
0.200117585083322 0.0591243177552369 0.0840811986402838 0.31615397152636 0.0616447000815433 0.0791595954325158 0.321075574734128 0.0651453771117637 0.0723192786820195 0.327915891484624
0.314483148097552 0.0544537510230531 0.20762055754485 0.421345738650255 0.0599510265772507 0.196880021451927 0.432086274743178 0.0588380939282002 0.199055466082242 0.429910830112863
0.266929746662871 0.0492039646191454 0.170391072762259 0.363468420563482 0.0535237050115199 0.161947021365054 0.371912471960687 0.0570521681200247 0.155045000161298 0.378814493164444
0.285280526018594 0.054316025717388 0.178705920282462 0.391855131754725 0.0594278948679282 0.168714575611176 0.401846476426012 0.0599897101686494 0.167615929040839 0.402945122996348
0.241155328574259 0.0536176419441535 0.13589980948182 0.346410847666698 0.0568226002118694 0.129644925526027 0.352665731622491 0.0595466578859024 0.124324264397829 0.357986392750688
0.218596393726683 0.0526784904181973 0.115203447874019 0.321989339579346 0.0553968771348372 0.109895855030473 0.327296932422892 0.0584344189592098 0.103960851910854 0.333231935542511
0.306267972344807 0.0599860758090356 0.188528224011879 0.424007720677736 0.0655516703133708 0.177659455685234 0.434876489004381 0.0660045113112989 0.176774556336134 0.43576138835348
0.174645375929757 0.0652287834831418 0.0465496714627701 0.302741080396744 0.0671207713359023 0.042862011684477 0.306428740175037 0.0700429159576657 0.0371622579581184 0.312128493901396
0.254283175413615 0.0595040945855193 0.137445197093072 0.371121153734158 0.0630489645046929 0.130531246510127 0.378035104317104 0.0647252649754122 0.127259273388603 0.381307077438627
0.20249849311072 0.0474258855005682 0.109440163091114 0.295556823130326 0.050394957212054 0.103638447540024 0.301358538681416 0.0541806220365893 0.0962358335812259 0.308761152640215
0.341531004597306 0.0548440167626332 0.233903224591394 0.449158784603218 0.0612041783727453 0.221475579488267 0.461586429706345 0.0588229827449547 0.226130303309471 0.45693170588514
0.311281345536099 0.0578815078113258 0.197659352381331 0.424903338690866 0.0632561005178548 0.187166639370492 0.435396051701706 0.0632780340264441 0.187123791044981 0.435438900027217
0.26334219931308 0.0531309935705078 0.159076396009698 0.367608002616461 0.0570567384379035 0.15140732624413 0.375277072382029 0.0602702750975053 0.145124951576969 0.38155944704919
0.266690419539679 0.0484287828222098 0.171660801974767 0.361720037104591 0.0524656844616958 0.163772337710984 0.369608501368374 0.0574296015476412 0.154063976161828 0.37931686291753
0.230165420234101 0.0545090162944739 0.123199543448109 0.337131297020093 0.0580005284618545 0.11637845461229 0.343952385855912 0.0598924433764242 0.112680297067305 0.347650543400897
0.287265313591558 0.0576950183629667 0.174048987443322 0.400481639739794 0.0626234480291716 0.164419163313016 0.410111463870099 0.0628570872136447 0.163962422839355 0.410568204343761
0.232033142581149 0.0572679973916532 0.119599496391204 0.344466788771094 0.06022895214804 0.11382290950796 0.350243375654338 0.0622637247838258 0.109850379689344 0.354215905472954
0.214970619949631 0.0557415023616967 0.105554193869874 0.324387046029388 0.0585645829873735 0.100043837183252 0.32989740271601 0.0607059462249468 0.0958613978211821 0.33407984207808
0.211468647785282 0.0536221624023765 0.106205813190854 0.316731482379711 0.0564707517341083 0.100646499909355 0.32229079566121 0.0603611908305792 0.0930470495434287 0.329890246027136
0.29598602111027 0.0535222543755549 0.190945422806465 0.401026619414076 0.0586425234278308 0.180943222808915 0.411028819411626 0.0578479882904946 0.182496067735991 0.409475974484549
0.234851081365387 0.0489136998190746 0.1388683584765 0.330833804254275 0.0523721288832895 0.13211104547605 0.337591117254724 0.0564454903720528 0.124146045846736 0.345556116884039
0.411299504228289 0.0646299805667882 0.284375477638346 0.538223530818232 0.0732256121271868 0.267607088478638 0.554991919977941 0.0673389790703925 0.279095162828531 0.543503845628047
0.288600265205471 0.0543017995449277 0.182055641283075 0.395144889127866 0.0589583193120957 0.172954221159498 0.404246309251443 0.0603134667195911 0.170304108685907 0.406896421725034
0.203710496350123 0.0527828171651172 0.100115284037667 0.307305708662578 0.0551532240595568 0.0954870302450876 0.311933962455158 0.0588503468121156 0.0882629625679835 0.319158030132262
0.202939326813782 0.0534254732823848 0.0980515294737326 0.307827124153831 0.0557927361495449 0.0934332606107535 0.31244539301681 0.0587732938459455 0.0876138156937175 0.318264837933846
0.286978440562931 0.0550787393791728 0.178887299339123 0.395069581786739 0.0597814316103492 0.169700476138135 0.404256404987727 0.0612008804758362 0.16692579218138 0.407031088944483
0.257491025173805 0.055305918760821 0.148910313492389 0.36607173685522 0.0586961411632554 0.142295583656958 0.372686466690651 0.0604261722605048 0.138917583798625 0.376064466548984
0.354510919003962 0.0567128728587277 0.243193431620214 0.465828406387709 0.0635658710979313 0.22980889876919 0.479212939238733 0.0606465644003954 0.235513159898194 0.473508678109729
0.301337774475798 0.0612365158348972 0.181169499037518 0.421506049914078 0.0666752666372069 0.170542880670977 0.432132668280619 0.0658114065337252 0.172231470638912 0.430444078312684
0.17721892801007 0.0545425244841228 0.0701496065744824 0.284288249445658 0.0565892487502168 0.0661557033686063 0.288282152651534 0.0624001145292336 0.0548048732237172 0.299632982796423
0.210040503128575 0.0531182126804902 0.105752102773256 0.314328903483895 0.0556876911049867 0.100739663873658 0.319341342383492 0.0569783120713818 0.0982204049395889 0.321860601317562
0.292090900842784 0.0522403833842692 0.189564926966708 0.39461687471886 0.0574662687603466 0.179356428679542 0.404825373006026 0.0589061472592104 0.176541671995979 0.407640129689589
0.293167108535733 0.0581446642163912 0.17905252798425 0.407281689087216 0.0629244876936867 0.16971660213584 0.416617614935626 0.0649498597557986 0.165757908513902 0.420576308557564
0.317354773991511 0.0564727568202916 0.206519719131546 0.428189828851476 0.06231163449804 0.1951142410812 0.439595306901822 0.0609789498960635 0.197718742081312 0.43699080590171
0.238709527401056 0.059073048135354 0.122721534353959 0.354697520448154 0.062443212600191 0.116147926356912 0.361271128445201 0.0642940612176513 0.112535049863484 0.364884004938629
0.252738785505773 0.0510723102877276 0.152514747173301 0.352962823838245 0.0551344719703929 0.144578557178305 0.36089901383324 0.0570058102115698 0.140920211290727 0.364557359720819
0.216666281982074 0.0560041397496526 0.106740239684841 0.326592324279307 0.0590247317346974 0.100843345667164 0.332489218296985 0.0629627616957318 0.0931490377701214 0.340183526194027
0.282262628644311 0.0512596420779267 0.181648975516069 0.382876281772552 0.0556468521509668 0.173082259998771 0.39144299728985 0.0574122648950186 0.169632372121064 0.394892885167557
0.305499363923336 0.0537409060719401 0.200041333046911 0.410957394799762 0.0592680646217674 0.189240859699921 0.421757868146752 0.0606767908218162 0.186486293670861 0.424512434175812
0.191839255435396 0.0537188793422835 0.0863695624604442 0.297308948410347 0.0559557383132616 0.0820064785051855 0.301672032365606 0.0579066972658775 0.0781984803535465 0.305480030517245
0.273758770498816 0.0605251036435813 0.154962280206938 0.392555260790694 0.0646813746772248 0.146846798509823 0.400670742487808 0.0668671675862957 0.142575912063665 0.404941628933966
0.222124091089766 0.051947467416117 0.120171465242712 0.324076716936821 0.0550302627900628 0.114151160560369 0.330097021619163 0.056157427526894 0.111948789063386 0.332299393116146
0.237227923702105 0.0592744009475061 0.120781431206556 0.353674416197654 0.0621939451414948 0.11509569772931 0.3593601496749 0.0641875881876246 0.111209440641757 0.363246406762453
0.195654951129393 0.0537171618063127 0.0902155113711892 0.301094390887597 0.0562927460691023 0.0851879059557122 0.306121996303074 0.0594064734167098 0.0791053171134846 0.312204585145301
0.219711370242814 0.0629260198939589 0.0962165031420524 0.343206237343575 0.0659568590057805 0.0902975386043995 0.349125201881228 0.0687385818166106 0.0848618894042062 0.354560851081421
0.168633138368035 0.0691568036239709 0.0326935540971958 0.304572722638874 0.0706102341203366 0.0298688447863847 0.307397431949685 0.076151902738946 0.0190827747866822 0.318183501949388
0.225465082613564 0.0496350874002541 0.128057906221742 0.322872259005387 0.0525476753145024 0.122368893171037 0.328561272056092 0.0547136448503968 0.118135626302494 0.332794538924635
0.242059008245944 0.0548806467342934 0.134360724945928 0.34975729154596 0.0586444108135229 0.127008128713173 0.357109887778715 0.0622486409782256 0.119961999176041 0.364156017315847
0.261166993437027 0.052949255195084 0.157221516202123 0.365112470671931 0.0566388412136068 0.150020639248813 0.372313347625241 0.0594378775819485 0.144553012321988 0.377780974552066
0.318369642188701 0.0542729881468701 0.211900948844464 0.424838335532938 0.0611259271138805 0.198498138588088 0.438241145789314 0.0594042086488559 0.201866653879385 0.434872630498018
0.186293423009673 0.0511854891509722 0.0858047174591541 0.286782128560191 0.053337673207168 0.0816059604436549 0.29098088557569 0.0561009775907129 0.076210761518686 0.296376084500659
