estimate std lowerCI upperCI
NA NA NA NA
NA NA NA NA
NA NA NA NA
NA NA NA NA
NA NA NA NA
NA NA NA NA
NA NA NA NA
NA NA NA NA
NA NA NA NA
NA NA NA NA
NA NA NA NA
NA NA NA NA
NA NA NA NA
NA NA NA NA
NA NA NA NA
NA NA NA NA
NA NA NA NA
NA NA NA NA
NA NA NA NA
NA NA NA NA
NA NA NA NA
NA NA NA NA
NA NA NA NA
NA NA NA NA
NA NA NA NA
NA NA NA NA
NA NA NA NA
NA NA NA NA
NA NA NA NA
NA NA NA NA
NA NA NA NA
NA NA NA NA
NA NA NA NA
NA NA NA NA
NA NA NA NA
NA NA NA NA
NA NA NA NA
NA NA NA NA
NA NA NA NA
NA NA NA NA
NA NA NA NA
NA NA NA NA
NA NA NA NA
NA NA NA NA
NA NA NA NA
NA NA NA NA
NA NA NA NA
NA NA NA NA
NA NA NA NA
NA NA NA NA
NA NA NA NA
NA NA NA NA
NA NA NA NA
NA NA NA NA
NA NA NA NA
NA NA NA NA
NA NA NA NA
NA NA NA NA
NA NA NA NA
NA NA NA NA
NA NA NA NA
NA NA NA NA
0.228309491021797 0.0486503787285449 0.132954748713849 0.323664233329745
NA NA NA NA
NA NA NA NA
NA NA NA NA
NA NA NA NA
NA NA NA NA
NA NA NA NA
0.307421935597052 0.0470522260616369 0.215199572516243 0.39964429867786
NA NA NA NA
NA NA NA NA
NA NA NA NA
NA NA NA NA
NA NA NA NA
NA NA NA NA
NA NA NA NA
NA NA NA NA
NA NA NA NA
NA NA NA NA
NA NA NA NA
0.246799389461113 0.0545216749343881 0.139936906589713 0.353661872332514
NA NA NA NA
NA NA NA NA
NA NA NA NA
NA NA NA NA
NA NA NA NA
NA NA NA NA
NA NA NA NA
NA NA NA NA
NA NA NA NA
NA NA NA NA
NA NA NA NA
NA NA NA NA
NA NA NA NA
NA NA NA NA
NA NA NA NA
NA NA NA NA
NA NA NA NA
NA NA NA NA
NA NA NA NA
NA NA NA NA
NA NA NA NA
NA NA NA NA
NA NA NA NA
NA NA NA NA
NA NA NA NA
NA NA NA NA
NA NA NA NA
NA NA NA NA
NA NA NA NA
NA NA NA NA
NA NA NA NA
NA NA NA NA
NA NA NA NA
NA NA NA NA
NA NA NA NA
NA NA NA NA
NA NA NA NA
NA NA NA NA
NA NA NA NA
NA NA NA NA
NA NA NA NA
NA NA NA NA
NA NA NA NA
NA NA NA NA
NA NA NA NA
NA NA NA NA
NA NA NA NA
NA NA NA NA
0.163019879954067 0.0490776850044329 0.0668276173453788 0.259212142562756
NA NA NA NA
NA NA NA NA
NA NA NA NA
NA NA NA NA
NA NA NA NA
NA NA NA NA
NA NA NA NA
NA NA NA NA
NA NA NA NA
0.27524732908148 0.0480846235177173 0.181001466986754 0.369493191176206
0.292781894607763 0.0483207156587274 0.198073291916657 0.387490497298869
0.241105083412164 0.0440568869990768 0.154753584893973 0.327456581930354
0.259500153083125 0.0479987129854149 0.165422675631712 0.353577630534539
0.227468166257029 0.0466677496558703 0.135999376931523 0.318936955582535
0.249887504798028 0.0454209681042613 0.160862407313676 0.33891260228238
0.23688695762294 0.053763098674382 0.131511284221151 0.342262631024729
0.180480833485285 0.0479070681162197 0.0865829799774942 0.274378686993076
0.22839796158032 0.0516143321354066 0.127233870594924 0.329562052565717
0.243539994401387 0.0534492153595802 0.13877953229661 0.348300456506164
0.225870966909705 0.0456571595698487 0.136382934152802 0.315358999666608
0.290067103557769 0.0532754850102991 0.185647152937583 0.394487054177955
0.232302204160035 0.0466215118539419 0.140924040926308 0.323680367393761
0.282739400811085 0.0446386990641052 0.195247550645439 0.370231250976731
0.302851529209056 0.0472283136215726 0.210284034510774 0.395419023907338
0.261919153072607 0.0439263799744348 0.175823448322714 0.348014857822499
0.303542482280323 0.0480137078221212 0.209435614948965 0.39764934961168
0.225831979651338 0.0485766848169205 0.130621677410174 0.321042281892502
0.286018771901219 0.04178738076614 0.204115505599585 0.367922038202854
0.271612005370515 0.0575710751040873 0.158772698166504 0.384451312574526
0.283031615962152 0.0422136206262351 0.200292919534732 0.365770312389573
0.220464913781856 0.0502224463584308 0.122028918919332 0.318900908644381
0.21576398683234 0.0558167140752783 0.106363227244795 0.325164746419886
0.228357173422427 0.0498620391259354 0.130627576735594 0.326086770109261
0.212963235235337 0.0419421409076014 0.130756639056438 0.295169831414235
0.350322631504042 0.0496449405168754 0.253018548090967 0.447626714917118
0.254574747873273 0.0417429632995001 0.172758539806253 0.336390955940293
0.279716433150448 0.049477777741008 0.182739988778072 0.376692877522823
0.212002828022556 0.0464118647661154 0.12103557308097 0.302970082964142
0.284847985479774 0.0439314738193082 0.19874229679393 0.370953674165618
0.281716496930638 0.0567873306149757 0.170413328925286 0.393019664935991
0.244741082083491 0.0395106113124942 0.167300283911002 0.322181880255979
0.157700075320526 0.0469219142530737 0.0657331233845012 0.24966702725655
0.328256673896107 0.048200869601198 0.233782969477759 0.422730378314455
0.238020524733857 0.0529132902116277 0.134310475919066 0.341730573548647
0.308013576689725 0.0468019910960179 0.21628167414153 0.39974547923792
0.191283024165543 0.0415881354345302 0.109770278713864 0.272795769617223
0.282445327167769 0.0494202749847288 0.185581588197701 0.379309066137838
0.322525870367509 0.0449390147231708 0.234445401510095 0.410606339224924
0.208522577755683 0.0473890822986909 0.115639976450249 0.301405179061117
0.264462722431923 0.0422414742226093 0.181669432955608 0.347256011908237
0.231011369700623 0.0525999592730716 0.127915449525403 0.334107289875843
0.352700133016653 0.0483373603609632 0.257958906709165 0.447441359324141
0.191334476596907 0.0465030911786178 0.100188417886816 0.282480535306998
0.211677617181879 0.0550881163418589 0.103704909151835 0.319650325211922
0.266461363287255 0.0493089821070228 0.169815758357491 0.36310696821702
0.137803209334957 0.0499051430155673 0.0399891290244449 0.235617289645469
0.317036890115317 0.0481311554878623 0.222699825359107 0.411373954871527
0.163827967577267 0.0447633963388755 0.0760917107530713 0.251564224401463
0.341543798210403 0.050785405321106 0.242004403781035 0.441083192639771
0.280044537460388 0.0554038739829749 0.171452944453757 0.388636130467019
0.220554190702931 0.0503237387689388 0.121919662715811 0.319188718690051
0.284499042676231 0.0434037297445238 0.199427732376965 0.369570352975498
0.280887241439139 0.0434418416066241 0.195741231890155 0.366033250988122
0.296356309683322 0.0495656652715806 0.199207605751024 0.39350501361562
0.216846589853134 0.0468471565330015 0.125026163048451 0.308667016657817
0.249195550661252 0.0472481912584894 0.156589095794612 0.341802005527891
0.223885741463468 0.0433441366947183 0.13893123354182 0.308840249385116
0.345150124985988 0.0473208798703415 0.252401200440119 0.437899049531858
0.251597121497496 0.052219115729683 0.149247654667317 0.353946588327674
0.357971075029281 0.0514838593681694 0.257062710667669 0.458879439390893
0.244885474785171 0.0439662195829752 0.15871168440254 0.331059265167803
0.246926112628738 0.047584230804365 0.153661020252183 0.340191205005294
0.240320055170107 0.0463326895065911 0.149507983737188 0.331132126603026
0.206745993733631 0.0494131023242613 0.109896313178079 0.303595674289183
0.242536671666532 0.0466160020483866 0.151169307651694 0.33390403568137
0.221402477299556 0.0545684570134033 0.114448301553285 0.328356653045826
0.290869738205775 0.0544942632430516 0.184060982249394 0.397678494162156
0.102493971902049 0.0524382111092379 -0.000284921872057489 0.205272865676155
0.290558030012423 0.0510836342188617 0.190434106943454 0.390681953081392
0.274028200993912 0.0441134155226831 0.187565906569453 0.360490495418371
0.204166358782013 0.0467673337921902 0.11250238454932 0.295830333014706
0.266696692732189 0.0540169095164928 0.160823550079863 0.372569835384514
0.273392816864439 0.0515594866449329 0.172336223040371 0.374449410688508
0.219620587469301 0.0470663380477504 0.12737056489571 0.311870610042891
0.163108263655685 0.0414071106968975 0.0819503266897656 0.244266200621604
0.27647157497673 0.0572452338137392 0.164270916701801 0.388672233251659
0.316106544421447 0.0457712735448177 0.226394848273605 0.40581824056929
0.251997998951844 0.0406011560915165 0.172419733012472 0.331576264891217
0.279555947582196 0.0498147161255591 0.1819191039761 0.377192791188292
0.19954505297952 0.049781255568242 0.101973792065766 0.297116313893274
0.242519552307505 0.0476514744643058 0.149122662357465 0.335916442257544
0.296781107871555 0.0476079455738897 0.203469534546731 0.390092681196379
0.230028383121716 0.0447120503317137 0.142392764471557 0.317664001771875
0.27321619471899 0.0494885114361551 0.176218712304126 0.370213677133854
0.180970454669049 0.0527417394534388 0.0775966453403085 0.284344263997789
0.213365946579904 0.0485377750234875 0.118231907533869 0.30849998562594
0.187524755976146 0.0538681146027276 0.0819432513547998 0.293106260597492
0.241041968239175 0.0477068694601716 0.147536504097239 0.334547432381111
0.268377790056604 0.0524763212791468 0.165524200349476 0.371231379763732
0.2408910747679 0.0463450457597699 0.150054785078751 0.331727364457049
0.238305579241714 0.049818406806243 0.140661501901477 0.33594965658195
0.290678071847399 0.0474483031798818 0.197679397614831 0.383676746079967
0.209100000678903 0.040881301032743 0.128972650654727 0.289227350703079
0.198962599458396 0.0429663989056725 0.114748457603278 0.283176741313514
0.204490628642359 0.049905724085182 0.106675409435402 0.302305847849316
0.309239063024023 0.0455616127919869 0.219938301951729 0.398539824096317
0.256280623707655 0.0506515972022549 0.157003493191235 0.355557754224074
0.222731818426278 0.0452839036552787 0.133975367261931 0.311488269590624
0.325327343668826 0.0515352259115849 0.224318300882119 0.426336386455532
0.215461931849643 0.0476612274470918 0.122045926053343 0.308877937645943
0.220572049378563 0.0449882988156972 0.132394983699797 0.308749115057329
0.233269499059849 0.0456142480166385 0.143865572947237 0.32267342517246
0.272801181178285 0.048974332526229 0.176811489426876 0.368790872929693
0.295455631632117 0.050817590889689 0.195853153488326 0.395058109775907
0.222035133368615 0.0494245625275825 0.125162990814554 0.318907275922677
0.22318240767116 0.0450556406473085 0.134873352002436 0.311491463339885
0.268628672290016 0.0512468915880317 0.168184764777474 0.369072579802558
0.244377893028774 0.0453382280311744 0.155514966087672 0.333240819969876
0.216021075941376 0.0487559789666356 0.12045935716677 0.311582794715981
0.286207090330216 0.0518631637479815 0.184555289384172 0.38785889127626
0.22308800560576 0.0493247408438736 0.126411513551767 0.319764497659752
0.222488666303756 0.0495464474974163 0.12537762920882 0.319599703398692
0.288852728559784 0.0489884430315997 0.192835380217848 0.384870076901719
0.237633498491316 0.0446656770524381 0.150088771468538 0.325178225514095
0.300380556346465 0.0467557516058098 0.208739283199078 0.392021829493852
0.311176746054852 0.0463671708275527 0.220297091232849 0.402056400876856
0.313175269548333 0.0434431651087867 0.228026665935111 0.398323873161555
0.211418044871317 0.0473837198498401 0.11854595396563 0.304290135777004
0.184848122710244 0.0495421922457901 0.0877454259084954 0.281950819511993
0.302857285478663 0.0494957514289123 0.205845612677994 0.399868958279331
0.223788379522356 0.0519914649311128 0.121885108257375 0.325691650787338
0.268911998884711 0.0518647214723404 0.167257144798924 0.370566852970498
0.270409389770455 0.046258391625327 0.179742942184815 0.361075837356096
0.291504417635832 0.048847899294154 0.19576253501929 0.387246300252374
0.147136412103483 0.0502268590113611 0.0486917684412156 0.245581055765751
0.191442820060743 0.0483936804758915 0.0965912063279952 0.28629443379349
0.173204254050752 0.0431005298936923 0.0887272154591148 0.257681292642389
0.196979079385175 0.0461556816458409 0.106513943359327 0.287444215411023
0.310972752544831 0.0439040781997294 0.224920759273362 0.397024745816301
0.179178022812375 0.0519079074304479 0.077438524248697 0.280917521376053
0.215675052268019 0.0473491003691667 0.122870815544452 0.308479288991586
0.325381038299067 0.0438044949915905 0.23952422811555 0.411237848482584
0.222028372450417 0.0492852713738093 0.125429240557751 0.318627504343084
0.309427798704345 0.0464924140939613 0.218302667080181 0.40055293032851
0.297380801402459 0.0444538317925728 0.210251291089016 0.384510311715901
0.191917144607115 0.0524023281229316 0.0892085814861692 0.294625707728061
0.173460615672367 0.0497928958970267 0.075866539714195 0.27105469163054
0.236018810607753 0.0564595012840949 0.125358188090927 0.346679433124579
0.322074944593006 0.0481742776244822 0.227653360449021 0.416496528736991
0.336880142978004 0.0495100836257466 0.239840379071541 0.433919906884468
0.314365177485212 0.0468233886834616 0.222591335665627 0.406139019304797
0.285393243833729 0.0457799277447199 0.195664585454078 0.37512190221338
0.231473825148346 0.0556952844460137 0.122311067634159 0.340636582662533
0.233791750963046 0.0463687359407618 0.142909028519153 0.324674473406939
0.25665611465638 0.0462255694857526 0.166053998464305 0.347258230848455
0.189061396472263 0.0473527054285184 0.096250093832367 0.281872699112159
0.216167630411106 0.0540774635473588 0.110175801858283 0.32215945896393
0.208952789626216 0.0432601532488443 0.124162889258481 0.293742689993951
0.253985728516846 0.0494202578930873 0.157122023046395 0.350849433987297
0.263981326795981 0.0448858354636146 0.176005089287296 0.351957564304665
0.294763276430458 0.0446976640261388 0.207155854939226 0.38237069792169
0.248597404652276 0.0529124907089975 0.144888922862641 0.352305886441911
0.208121848308001 0.0550339812986091 0.100255244962727 0.315988451653275
0.273746539661034 0.0532254035644432 0.169424748674725 0.378068330647343
0.209369221893271 0.0477407646745626 0.115797323131129 0.302941120655414
0.279407540709854 0.0492129376078078 0.18295018299855 0.375864898421157
0.214862789671058 0.0433067249083848 0.129981608850624 0.299743970491492
0.223830182424694 0.0459115328413286 0.13384357805569 0.313816786793698
0.307358512757032 0.0517003912017367 0.206025746001628 0.408691279512436
0.257576186536877 0.0508018806120819 0.158004500537196 0.357147872536558
0.173314941387588 0.0449736694225301 0.0851665493194289 0.261463333455747
0.261786306653217 0.048387826367287 0.166946166973334 0.3566264463331
0.256585363794974 0.0449636555715283 0.168456598874779 0.34471412871517
0.192730461251458 0.0501611747796594 0.0944145586833256 0.291046363819591
0.214043007783755 0.0525648072215872 0.111015985629444 0.317070029938065
0.285832192262182 0.0465954012642783 0.194505205784197 0.377159178740168
0.186906361481568 0.0518209067059205 0.0853373843379636 0.288475338625172
0.287674357377204 0.0526182512228331 0.184542584980451 0.390806129773957
0.289666810879711 0.0443427281113189 0.202755063781526 0.376578557977896
0.244384799996304 0.0485275837755536 0.149270735796219 0.339498864196389
0.20318362331017 0.0484946910340055 0.108134028883519 0.298233217736821
0.188972159953893 0.0469682671585057 0.0969143563232214 0.281029963584564
0.163376313786233 0.0537835207630484 0.0579606130906579 0.268792014481808
0.216290675101956 0.0512960503998817 0.115750416318188 0.316830933885724
0.218059273981113 0.0462816751240078 0.127347190738058 0.308771357224169
0.268532271535123 0.0482818326220906 0.173899879595826 0.363164663474421
0.291017915832204 0.0478791630476426 0.197174756258824 0.384861075405583
0.159055241629107 0.0442601035297803 0.0723054387107376 0.245805044547476
0.182363714003796 0.0493022333346505 0.085731336667881 0.278996091339711
0.193836673209271 0.0478511008711658 0.100048515501786 0.287624830916756
0.19033106439318 0.0468841935181718 0.098438045097563 0.282224083688796
0.222452479961709 0.0518400668859978 0.120845948865154 0.324059011058265
0.281526694924517 0.0454778479968938 0.192390112850605 0.370663276998429
0.220343685406222 0.0469431226528422 0.128335165006652 0.312352205805793
0.292120937102393 0.0526708523479078 0.188886066500494 0.395355807704292
0.216606044723095 0.0435603470720606 0.131227764461856 0.301984324984334
0.342229787768026 0.0452127678651775 0.253612762752278 0.430846812783774
0.368804689707148 0.0509844436657926 0.268875180122194 0.468734199292102
0.248438131825762 0.0465684817404538 0.157163907614472 0.339712356037051
0.266718829866153 0.0592803587247568 0.15052932676563 0.382908332966677
0.250913608594606 0.0512140719482856 0.150534027575966 0.351293189613246
0.268713942747481 0.0492724640208178 0.172139913266678 0.365287972228284
0.108001448886173 0.0508672835935427 0.00830157304282968 0.207701324729517
0.28145055558208 0.0441383982550165 0.194939295002247 0.367961816161912
0.291995717804558 0.0482571436708071 0.197411716209776 0.38657971939934
0.205022396919789 0.0541628725578884 0.0988631667063277 0.31118162713325
0.215276538599556 0.04886418897305 0.119502728212378 0.311050348986734
0.245909609338155 0.049251442066365 0.14937678288808 0.34244243578823
0.257823180537099 0.0519448298371154 0.156011314056353 0.359635047017845
0.207783680035223 0.0480957975715803 0.113515916794926 0.302051443275521
0.198318355523306 0.0458663557248056 0.108420298302687 0.288216412743925
0.231242053150973 0.051513351283331 0.130275884635644 0.332208221666301
0.254050272464283 0.0477827186449579 0.160396143920165 0.3477044010084
0.272928617329837 0.0399106312757119 0.194703780029441 0.351153454630232
0.310825629143639 0.0456820571970734 0.221288797037376 0.400362461249903
0.274113225825447 0.0467067324663035 0.182568030191493 0.365658421459402
0.250229176145635 0.0452511278376286 0.161536965583883 0.338921386707387
0.173372490407895 0.0436148577214924 0.08788736927377 0.25885761154202
0.331639838646539 0.0473267778978852 0.238879353966684 0.424400323326394
0.180934701033979 0.0475434929667321 0.0877494548191843 0.274119947248774
0.220043999446819 0.0570208048431785 0.108283221954189 0.331804776939449
0.279901277855081 0.044646915207506 0.192393324048369 0.367409231661793
0.292855901096388 0.0536724502810446 0.187657898545541 0.398053903647236
0.334016998919029 0.0477034129187929 0.240518309598195 0.427515688239863
0.255857305861123 0.0534777036853843 0.151041006637769 0.360673605084476
0.259869212077337 0.0446968983648296 0.172263291282271 0.347475132872403
0.20297966680728 0.0490979404375461 0.106747703549689 0.29921163006487
0.135692517357387 0.0446389646627541 0.0482001466183892 0.223184888096385
0.209835747458535 0.0449534010653501 0.121727081370449 0.297944413546622
0.296252456825299 0.0497870494384042 0.198669839926027 0.393835073724571
0.274246146925506 0.0544757069058214 0.167473761390096 0.381018532460915
0.296843284732105 0.0513931485384697 0.196112713596704 0.397573855867505
0.274663804239687 0.0470938111520699 0.18235993438163 0.366967674097744
0.236908651203658 0.0575241455382735 0.124161325948642 0.349655976458674
0.221917843400139 0.0545740423024514 0.114952720487334 0.328882966312944
0.138909949972387 0.0457508661752773 0.0492382522688435 0.228581647675931
0.22056234729977 0.0463177467556666 0.129779563658663 0.311345130940876
0.279693450687521 0.0536326845326064 0.174573389003613 0.38481351237143
0.283827528812372 0.0445746663908346 0.196461182686337 0.371193874938408
0.302504812154685 0.0500468454141142 0.204412995143021 0.400596629166349
0.20833275866376 0.0420778996907815 0.125860075269828 0.290805442057692
0.25605648697719 0.0482106069536404 0.161563697348055 0.350549276606325
0.337990076019 0.054480048551455 0.231209180858149 0.444770971179852
0.31080383624011 0.0422882642722177 0.227918838266563 0.393688834213657
0.262224172647143 0.0462083304429514 0.171655844978958 0.352792500315328
0.24209135432388 0.0485368067828169 0.146959213029558 0.337223495618201
0.292356226389648 0.0447252467636821 0.204694742732831 0.380017710046465
0.235763476302962 0.0508209426155027 0.136154428776577 0.335372523829348
0.279338769334901 0.0467710224323309 0.187667565367532 0.37100997330227
0.234102072168312 0.0456821345708203 0.144565088409504 0.32363905592712
0.207503447790191 0.0517861514928991 0.106002590864109 0.309004304716273
0.300499213357596 0.0513537892744967 0.199845786379582 0.401152640335609
0.241150793709837 0.0464710222246475 0.150067590149528 0.332233997270146
0.234358327063965 0.0487080749267795 0.138890500207478 0.329826153920453
0.238828773786928 0.0531593335144786 0.13463648009855 0.343021067475306
0.266018125650271 0.041987503698606 0.183722618401003 0.348313632899539
0.288624980837014 0.0442821448358839 0.201831976958682 0.375417984715347
0.185155082435183 0.046494472489684 0.0940259163554024 0.276284248514964
0.272458759708378 0.0483429744355297 0.17770652981474 0.367210989602016
0.25517317163204 0.0440680886093511 0.168799717957711 0.341546625306368
0.213326918024643 0.0469589000516154 0.121287473923477 0.305366362125809
0.190034759503493 0.0498342530116651 0.0923596236006295 0.287709895406356
0.224784283683411 0.0453184105376373 0.135960199029642 0.31360836833718
0.191094778223406 0.0495885419314706 0.0939012360377237 0.288288320409088
0.235968448845346 0.0439873518853919 0.149753239149978 0.322183658540714
0.283032234835933 0.0534365879801419 0.178296522394855 0.387767947277011
0.195785763952755 0.0468605623958776 0.103939061656835 0.287632466248675
0.117909932651992 0.0542181189805053 0.0116424194502013 0.224177445853782
0.212861963347639 0.0484358845743516 0.11792762958191 0.307796297113368
0.231109530407263 0.0477497107502752 0.137520097336723 0.324698963477802
0.226685724941291 0.0420921930379551 0.144185026586899 0.309186423295683
0.197953039545728 0.0477176981677287 0.10442635113698 0.291479727954477
0.289106233006394 0.0499142269458017 0.191274348192622 0.386938117820165
0.214728367698756 0.0525214781087358 0.111786270605634 0.317670464791878
0.231301180676 0.0541999404839324 0.125069297327493 0.337533064024508
0.19534683560638 0.0496828580607058 0.0979684338073968 0.292725237405363
0.184913022054698 0.0463896158973373 0.0939893748959168 0.275836669213479
0.254203352185711 0.0541555074403365 0.148058557602652 0.360348146768771
0.313758633045984 0.0491999247594192 0.217326780517523 0.410190485574446
0.304232059311056 0.046248405184328 0.213585185149773 0.394878933472339
0.196785771456569 0.0500619343460179 0.0986643801383743 0.294907162774764
0.340895083851992 0.0448974720085758 0.252896038715184 0.428894128988801
0.240745207745617 0.0459892473135644 0.15060628301103 0.330884132480203
0.333824312461973 0.0486462201581912 0.238477720951918 0.429170903972028
0.208166153031561 0.0518424810152862 0.1065548902416 0.309777415821522
0.264076105812064 0.0504119548955552 0.165268674216775 0.362883537407352
0.224757828909245 0.0466814669455284 0.133262153696009 0.316253504122481
0.27678947107406 0.0465918213735341 0.185469501181934 0.368109440966187
0.269376880707549 0.0475180824100272 0.176241439183895 0.362512322231202
0.270969508671385 0.0461382616010565 0.180538515933315 0.361400501409456
0.31095169135515 0.0576136791096156 0.198028880300303 0.423874502409997
0.214469942557976 0.0514338865528335 0.113659524914422 0.315280360201529
0.307821639970578 0.0491974872087559 0.211394565041416 0.404248714899739
0.263953649697436 0.0462661792379029 0.173271938391147 0.354635361003726
0.189087722406947 0.0530856874824325 0.0850397749413796 0.293135669872515
0.269260325273015 0.0479860859058249 0.175207596897598 0.363313053648432
0.223149982809708 0.0483670519390908 0.12835056100909 0.317949404610326
0.293608577287349 0.0501460659820979 0.195322287962438 0.391894866612261
0.297571353961822 0.0491261051072875 0.201284187951538 0.393858519972105
0.283454419022115 0.0465144904742723 0.192286017692541 0.374622820351688
0.291312806701036 0.0508649357651593 0.191617532601323 0.391008080800748
0.192838219154754 0.0460219885433563 0.102635121609775 0.283041316699732
0.214901795496572 0.0491492729935403 0.118569220429233 0.311234370563911
0.284785542059886 0.0484055651442332 0.189910634377189 0.379660449742583
0.182293602368962 0.0448522429913118 0.0943832061059907 0.270203998631933
0.255814048923687 0.0421533384546758 0.173193505552522 0.338434592294851
0.258499761828705 0.0466767354012404 0.167013360442274 0.349986163215136
0.286670143409804 0.0480534132105011 0.192485453517222 0.380854833302386
0.305777634555524 0.0491079762147994 0.209526001174517 0.402029267936531
0.306652427868942 0.0501520965743006 0.208354318583313 0.404950537154572
0.313429684267904 0.0477747136033991 0.219791245605241 0.407068122930566
0.099902386306446 0.0462193894006564 0.00931238308115941 0.190492389531733
0.200018363122624 0.0431947008130401 0.115356749529066 0.284679976716183
0.235881595230843 0.0542899118750824 0.129473367955682 0.342289822506004
0.199859481008361 0.045142089777454 0.111380985044551 0.288337976972171
0.258887337994436 0.0464237011112741 0.167896883816338 0.349877792172533
0.273298099709608 0.0466110551560466 0.181940431603757 0.364655767815459
0.306086934134079 0.0506209734283728 0.206869826214468 0.40530404205369
0.180351989720033 0.0517984309775396 0.0788270650040555 0.281876914436011
0.296655351438817 0.0530793811348181 0.192619764414573 0.40069093846306
0.286622816875695 0.0471396493882686 0.194229104074688 0.379016529676701
0.273944295884685 0.0511206951953146 0.173747733301868 0.374140858467502
0.27190934149047 0.0472904883355954 0.179219984352703 0.364598698628237
0.237069649469436 0.0471624181322199 0.144631309930285 0.329507989008587
0.306332639893082 0.0490240431100862 0.210245515397313 0.402419764388851
0.173122196089814 0.050475610939657 0.0741899986480862 0.272054393531542
0.251887047336761 0.0524228931548487 0.149138176753258 0.354635917920264
0.187677185608758 0.0491834726598738 0.0912775791954051 0.28407679202211
0.326703070580203 0.0497443559589136 0.229204132900733 0.424202008259674
0.284533346660804 0.0521184720395973 0.182381141463193 0.386685551858415
0.269135858327617 0.045919561420613 0.179133517943216 0.359138198712019
0.271235548614026 0.0444457888150413 0.184121802536545 0.358349294691507
0.19519870899683 0.0548593981741697 0.0876742885754576 0.302723129418203
0.271789787722946 0.0553410999030266 0.163321231913014 0.380258343532878
0.22244938052481 0.0516066303181603 0.121300385101216 0.323598375948405
0.205995445376524 0.0483956002922709 0.111140068803673 0.300850821949375
0.199384230191603 0.047050753760214 0.107164752821584 0.291603707561623
0.288939353731931 0.0475616736797713 0.195718473319579 0.382160234144283
0.252757281968224 0.0436220158617325 0.167258130879228 0.338256433057219
0.410091013733625 0.0500705347276175 0.311952765667494 0.508229261799755
0.279576825094803 0.0472961351732802 0.186876400155174 0.372277250034432
0.199886785615448 0.046754718379874 0.108247537590895 0.291526033640001
0.18820670997478 0.0445168278193871 0.100953727448781 0.275459692500779
0.263231757333333 0.0449638493488285 0.175102612609629 0.351360902057037
0.238886407933844 0.0443018857956294 0.15205471177441 0.325718104093277
0.318930175142173 0.0519368276800339 0.217133992889307 0.420726357395039
0.291592028472029 0.0591641515772922 0.175630291380536 0.407553765563521
0.199937532790666 0.0470522011351095 0.107715218565851 0.29215984701548
0.196980674358923 0.0463790434492416 0.10607774919841 0.287883599519437
0.300350380998747 0.0442442526194321 0.213631645864661 0.387069116132834
0.286739701978293 0.048564653485612 0.191552981146493 0.381926422810092
0.314386916162434 0.0491980365885928 0.217958764448792 0.410815067876076
0.221803109402617 0.0506396100299085 0.122549473743996 0.321056745061238
0.179450103364068 0.0501161635214102 0.0812224228621036 0.277677783866031
0.223777026074191 0.047555162521338 0.130568907532368 0.316985144616013
0.255095216416533 0.0425250838205475 0.17174605212826 0.338444380704806
0.255370455349384 0.0492511705453103 0.158838161080575 0.351902749618192
0.190683637399784 0.0490070529300873 0.0946298136568125 0.286737461142755
0.271848768575605 0.0495398076551529 0.174750745571506 0.368946791579705
0.196652728231827 0.04748879742515 0.103574685278533 0.289730771185121
0.256264464272692 0.044324605621708 0.169388237254144 0.343140691291239
0.175705611887547 0.0514045553545293 0.0749526833926699 0.276458540382425
0.2374018794817 0.0511422806091929 0.137163009487682 0.337640749475718
0.179328362544675 0.0493199884083643 0.0826611852642813 0.275995539825069
0.200492204491976 0.0456684895769604 0.110981964921134 0.290002444062819
0.227722478702833 0.046827501615162 0.135940575537116 0.319504381868551
0.256695444337298 0.0456346441243327 0.167251541853605 0.34613934682099
0.322901860200709 0.0446746211941898 0.235339602660097 0.41046411774132
0.183169168217502 0.0452132074569746 0.0945512816018314 0.271787054833172
0.228925281502686 0.0440946301599738 0.142499806389137 0.315350756616234
0.257022744856038 0.0524146152083916 0.15429009904759 0.359755390664485
0.194413583493866 0.0491377069022496 0.0981036779654564 0.290723489022275
0.21326577505796 0.0450274112906148 0.125012048928355 0.301519501187565
0.287127688330059 0.0545126456540801 0.180282902848062 0.393972473812056
0.185356667282714 0.0507330501142154 0.0859198890588517 0.284793445506576
0.302480869986107 0.0479485594014317 0.208501693559301 0.396460046412913
0.20095305578437 0.0435494863274967 0.115596062582476 0.286310048986263
0.263761179565498 0.0435667136509328 0.178370420809669 0.349151938321326
0.204054359387521 0.0488837236338209 0.108242261065232 0.29986645770981
0.286736875603616 0.0479289749732683 0.19279608465601 0.380677666551222
0.298526688093407 0.051689955713856 0.197214374894249 0.399839001292564
0.213669042104317 0.049649125940545 0.116356755260849 0.310981328947785
0.227222229314862 0.050817810457204 0.127619320818742 0.326825137810981
0.234010341586978 0.0475833851834805 0.140746906627356 0.3272737765466
0.22260738197125 0.0453106617622716 0.133798484917197 0.311416279025302
0.309757030760793 0.0483550486605372 0.21498113538614 0.404532926135446
0.193716332572724 0.0452833281841228 0.104961009331844 0.282471655813605
0.170718918885068 0.0466781485303767 0.0792297477655296 0.262208090004606
0.296671352131625 0.0559343291920753 0.187040066915158 0.406302637348093
0.162007789984235 0.0472648891102431 0.0693686073281583 0.254646972640311
0.216242288233114 0.0569846120133818 0.104552448686886 0.327932127779342
0.212831555885342 0.0518469305377472 0.111211572031358 0.314451539739327
0.235416119841916 0.0531295363926802 0.131282228512263 0.339550011171569
0.285700319166453 0.0482101590496271 0.191208407429184 0.380192230903722
0.206301050939255 0.0443406593755668 0.119393358563144 0.293208743315365
0.232183439847294 0.0454197019227691 0.143160824078666 0.321206055615921
0.225640127497831 0.0471626464214043 0.133201340511879 0.318078914483784
0.204962297519696 0.0453308841842374 0.116113764518591 0.293810830520802
0.256309249193819 0.0433869747208345 0.171270778740984 0.341347719646655
0.304566509157867 0.049117440379742 0.208296326013573 0.400836692302161
0.236979621766859 0.0470087728717045 0.144842426938318 0.3291168165954
0.178974737773604 0.0511526120104473 0.0787156182331273 0.279233857314081
0.251564628875698 0.0519319326496195 0.149778040882444 0.353351216868952
0.285929504239357 0.0467128005388468 0.194372415183217 0.377486593295497
0.197395385597259 0.0539076207482072 0.0917364489307726 0.303054322263745
0.268583750567114 0.0426501375235801 0.184989481020897 0.352178020113331
0.255555285494091 0.0506740715658107 0.156234105225102 0.35487646576308
0.213613424037728 0.0464409315376061 0.12258919822402 0.304637649851436
0.304244027892701 0.0466436356990189 0.212822501922624 0.395665553862778
0.201406540850565 0.04521394052832 0.112787217415058 0.290025864286072
0.194315696899688 0.049275916103588 0.0977349013366552 0.29089649246272
0.231092244534001 0.0448223178207766 0.143240501605279 0.318943987462724
0.220680950412021 0.0482149657597409 0.126179617522929 0.315182283301113
0.228103070952492 0.0399253088875766 0.149849465532842 0.306356676372143
0.248478904587801 0.0480619694934071 0.154277444380723 0.342680364794879
0.137228553768797 0.0556806976347712 0.028094386404645 0.246362721132948
0.127305249419895 0.049820442404626 0.0296571823068284 0.224953316532962
0.216901125827225 0.0470301078336618 0.124722114473248 0.309080137181202
0.327692644083416 0.0571327054620649 0.215712541377769 0.439672746789063
0.318039871966373 0.046074562628118 0.227733729215262 0.408346014717484
0.172164439174839 0.0502024034720023 0.0737677283697143 0.270561149979963
0.279507498078428 0.051294893322091 0.17896950716713 0.380045488989727
0.188670788286079 0.0498551744388484 0.0909546463859364 0.286386930186222
0.22240333426169 0.0493494208715985 0.125678469353357 0.319128199170023
0.222061247622269 0.0455135344356297 0.132854720128435 0.311267775116103
0.274272767078507 0.0425179908860562 0.190937504941836 0.357608029215177
0.219659207479017 0.0456367048803175 0.130211265913594 0.309107149044439
0.181978848892544 0.0493212855180936 0.0853091292770802 0.278648568508007
0.2611203843222 0.0499334875493005 0.163250748725571 0.358990019918829
0.202101276515003 0.0438620066376111 0.116131743505286 0.288070809524721
0.31850604793275 0.0559590421214635 0.208826325374682 0.428185770490819
0.195941486330268 0.0487442148249016 0.100402825273461 0.291480147387075
0.2355173853333 0.0492478307656989 0.13899163703253 0.332043133634069
0.175553727170989 0.0496512697326783 0.0782372384949401 0.272870215847039
0.236333155607426 0.0428673948850407 0.152313061632746 0.320353249582106
0.249116431482248 0.050084464771987 0.150950880529154 0.347281982435342
0.242785810548352 0.046584138298162 0.151480899483954 0.334090721612749
0.277032472661412 0.0533328650402188 0.172500057182584 0.381564888140241
0.0960455176098655 0.0443268351643026 0.00916492068783244 0.182926114531898
0.236512407711801 0.0521068547584745 0.134382972385191 0.338641843038411
0.251897122712024 0.0533153111135551 0.147399112929456 0.356395132494592
0.248271325172232 0.0496672528057058 0.150923509673048 0.345619140671415
0.234863407418145 0.0471211775545388 0.142505899411249 0.327220915425042
0.250492115103226 0.0440546506109721 0.16414499990572 0.336839230300731
0.209731903231891 0.0498913810726571 0.111944796329483 0.307519010134299
0.268860264710668 0.0465608907857705 0.177600918770558 0.360119610650778
0.274274209418425 0.0492186663999636 0.177805623274497 0.370742795562354
0.36194669748518 0.0483425788180642 0.267195243001774 0.456698151968586
0.179089412890635 0.0496401185675266 0.0817947804982828 0.276384045282987
0.236907508088145 0.0517763861954986 0.135425791144967 0.338389225031322
0.212341021971902 0.0488043862991138 0.116684424825639 0.307997619118165
0.326631941016553 0.0477538455390311 0.233034403760052 0.420229478273054
0.19187305742699 0.0551340587840317 0.083810302210288 0.299935812643692
0.279259656834508 0.0489131036579102 0.183389973665004 0.375129340004012
0.332054444923437 0.0496121755876438 0.234814580771655 0.429294309075219
0.267382441498829 0.0483723280333211 0.172572678553519 0.362192204444138
0.222742718431233 0.0525872189909065 0.119671769209056 0.32581366765341
0.254812161837567 0.0453427967097829 0.165940280286392 0.343684043388742
0.335509921439332 0.0454261102769229 0.246474745296563 0.424545097582101
0.189737770621355 0.0461558246335473 0.0992723543396023 0.280203186903108
0.153718313059718 0.0535172937026907 0.0488244174024442 0.258612208716992
0.18400606145312 0.044572314168525 0.0966443256828109 0.271367797223429
0.216560194189809 0.0453678647103022 0.127639179357617 0.305481209022002
0.300360745739628 0.054801478565621 0.192949847751011 0.407771643728245
0.238212099885662 0.0538357544349422 0.132694021193176 0.343730178578149
0.203545020708782 0.0467217529102905 0.111970385004613 0.295119656412952
0.288552653866623 0.0466551916799386 0.197108478173943 0.379996829559302
0.214076840287145 0.0514060025905011 0.113321075209763 0.314832605364527
0.209432618674446 0.050430460228214 0.110588916627147 0.308276320721746
0.154308339519324 0.0461726271225079 0.0638099903592085 0.244806688679439
0.184067490851655 0.0508128723833985 0.0844742609801934 0.283660720723116
0.219987481410795 0.0498019613975013 0.122375637071693 0.317599325749898
0.283364782001647 0.0455735446944107 0.194040634400602 0.372688929602692
0.194278645041178 0.0542942408333435 0.0878619330078242 0.300695357074531
0.273193772667676 0.0500928210908653 0.17501184332958 0.371375702005772
0.189898091356462 0.0504362368290347 0.0910430671715536 0.28875311554137
0.183749410096377 0.0488132261382058 0.0880754868654935 0.27942333332726
0.287418785261168 0.0465629362918847 0.196155430129074 0.378682140393262
0.14033973252918 0.0449502141479791 0.0522373127991412 0.228442152259219
0.215799900450981 0.0480859154288841 0.121551506210368 0.310048294691594
0.2877511787951 0.0533449563332117 0.183195064382005 0.392307293208195
0.181604214579318 0.0512768759315884 0.081101537753405 0.282106891405232
0.195019595879036 0.0459001836124975 0.105055235998541 0.284983955759531
0.28936630566472 0.048059670875999 0.195169350747762 0.383563260581678
0.237660482634971 0.047794041728018 0.143984160848056 0.331336804421887
0.239616764378335 0.0512307798751253 0.13920443582309 0.340029092933581
0.241988064609873 0.0538214217296514 0.136498078019756 0.347478051199989
0.254663875062551 0.0559068646223084 0.145086420402827 0.364241329722276
0.279473603666692 0.0513370260565002 0.178853032595951 0.380094174737432
0.231533116114785 0.0465117654049511 0.140370055921081 0.322696176308489
0.234530459374336 0.0534290066127661 0.129809606413314 0.339251312335357
0.25033202298731 0.0460185046759382 0.160135753822472 0.340528292152149
0.274790104059388 0.0492376029715049 0.178284402235238 0.371295805883537
0.245462519661272 0.0454030427291428 0.156472555912152 0.334452483410392
0.359095380567056 0.0514673874735802 0.258219301118839 0.459971460015273
0.261358404375518 0.0460361368719074 0.17112757610658 0.351589232644457
0.210009712620277 0.0453268499892144 0.121169086641417 0.298850338599137
0.256089881605029 0.0485188692944844 0.16099289778784 0.351186865422219
0.288449074489655 0.0491142456225886 0.192185153069382 0.384712995909929
0.292464680673883 0.0493478069419871 0.195742979067589 0.389186382280178
0.212684282502938 0.0507577964701982 0.113199001421349 0.312169563584526
0.241747048106528 0.050416747844183 0.142930222331929 0.340563873881126
0.219178645667943 0.0452876591301757 0.130414833772798 0.307942457563087
0.254139616478559 0.047708657744071 0.16063064730018 0.347648585656938
0.30468534140881 0.0458973628106891 0.214726510299859 0.394644172517761
0.213872132646971 0.0480636843773166 0.119667311267431 0.308076954026512
0.329565748313626 0.0465886732259821 0.238251948790701 0.420879547836551
0.255020710479254 0.0492146187788583 0.158560057672692 0.351481363285816
0.153435805776887 0.0485316555251448 0.0583137609476032 0.248557850606171
0.225448030826915 0.0528007784836532 0.121958504998955 0.328937556654876
0.250781412637394 0.0472641164801897 0.158143744336222 0.343419080938565
0.249581519707434 0.0469547699380481 0.157550170628859 0.341612868786008
0.173486031789746 0.0474417730912456 0.0805001565309043 0.266471907048587
0.246309423272757 0.0526307430203107 0.143153166952948 0.349465679592566
0.23180434904825 0.0550276197372351 0.12395021436327 0.339658483733231
0.225782540890779 0.0549497333412403 0.118081063541948 0.33348401823961
0.209559933326476 0.0554025235879292 0.100970987094135 0.318148879558817
0.162453866636977 0.0473664800554749 0.0696155657282461 0.255292167545708
0.27040005212687 0.0454425983279675 0.181332559404054 0.359467544849686
0.21657632938562 0.0483919615822705 0.12172808468437 0.31142457408687
0.257943564971365 0.0567186703037196 0.146774971176075 0.369112158766655
0.252127477361873 0.0478173602437509 0.158405451284121 0.345849503439625
0.244293904581124 0.0520022617918045 0.142369471469187 0.346218337693061
0.24785587779956 0.0453172877126986 0.159033993882671 0.33667776171645
0.200608537671846 0.048195039425564 0.106146260397741 0.295070814945952
0.26136426931061 0.0505730432273137 0.162241104585075 0.360487434036145
0.258593412321835 0.0516697015706995 0.157320797243264 0.359866027400406
0.157303963163184 0.0479661813599293 0.0632902476977222 0.251317678628645
0.228077893826228 0.0478549789947519 0.134282134996514 0.321873652655941
0.376788150235831 0.0469982379169449 0.284671603918619 0.468904696553043
0.226098494267765 0.0434942349459929 0.140849793773619 0.311347194761911
0.254813995503076 0.0539190128363003 0.149132730343928 0.360495260662225
0.237596708973533 0.0476691391314896 0.144165196275814 0.331028221671253
0.280037832008553 0.0437994427427916 0.194190924232682 0.365884739784425
0.312727298296004 0.0472351957139136 0.220146314696733 0.405308281895275
0.19693384189231 0.0475251094218 0.103784627425582 0.290083056359038
0.2960887943017 0.0482850090062394 0.201450176649471 0.390727411953929
0.167238178106725 0.0503103425703775 0.0686299066687848 0.265846449544665
0.252692168579089 0.0515759704008721 0.15160326659338 0.353781070564798
0.248946679246747 0.0537633504368578 0.143570512390506 0.354322846102988
0.276966357293916 0.0558741330685176 0.167453056479622 0.386479658108211
0.207928298431527 0.0448983107895013 0.119927609284105 0.29592898757895
0.298070023469858 0.0437189302659207 0.212380920148653 0.383759126791062
0.286950268075196 0.0459670260524188 0.196854897012455 0.377045639137937
0.176069450186342 0.0501653388210226 0.0777453860971374 0.274393514275546
0.246738435490872 0.0533439392662323 0.142184314529056 0.351292556452687
0.136192901814121 0.0440506859303193 0.0498535573906953 0.222532246237547
0.299651776315935 0.0515228494620122 0.198666991370391 0.400636561261479
0.227308044290466 0.0458083337197115 0.137523710199831 0.3170923783811
0.301309055912348 0.0522223972102032 0.19895315738035 0.403664954444346
0.261917850585037 0.0497897355853838 0.164329968837685 0.359505732332389
0.300354223769388 0.0461364152810847 0.209926849818462 0.390781597720315
0.269633234246591 0.0478181589196412 0.175909642764095 0.363356825729088
0.211753209997656 0.0497686765676214 0.114206603925118 0.309299816070194
0.193237856799068 0.0455788824791051 0.103903247140022 0.282572466458114
0.253813625597515 0.0491310863364015 0.157516696378168 0.350110554816862
0.266141633541478 0.0484596003969128 0.171160816763529 0.361122450319427
0.279209512289974 0.0440291401560459 0.192912397584124 0.365506626995824
0.26313148237165 0.0445121631456314 0.175887642606212 0.350375322137087
0.241222057054768 0.044155941017595 0.154676412660282 0.327767701449254
0.1278254913783 0.0477623827843429 0.0342112211209877 0.221439761635612
0.286429741931938 0.0444544516650181 0.199299016668503 0.373560467195374
0.2698036638516 0.0598696762055181 0.152459098488785 0.387148229214416
0.254689241263621 0.0512129977670317 0.154311765640239 0.355066716887003
0.285829915383739 0.052224398694187 0.183470093943132 0.388189736824345
0.17760653508363 0.0475365838898841 0.0844348306594569 0.270778239507802
0.239346430675802 0.0470462091324859 0.147135860776129 0.331557000575474
0.32087748652472 0.0531158161057998 0.216770486957352 0.424984486092087
0.322404898113473 0.0458322871494763 0.2325736153005 0.412236180926447
0.225855235540373 0.0456232967200262 0.136433573969121 0.315276897111624
0.239267278588665 0.0515178004775024 0.13829238965276 0.340242167524569
0.333811358523753 0.0513768872496647 0.23311265951441 0.434510057533096
0.219414986488432 0.042714636655359 0.135694298643928 0.303135674332935
0.288598946949049 0.0506407569919188 0.189343063244888 0.38785483065321
0.253309958246769 0.0562313004600118 0.143096609345146 0.363523307148392
0.238518559462835 0.045194145195227 0.14993803488019 0.32709908404548
0.328633611572019 0.0488795063064819 0.232829779211314 0.424437443932723
0.174544202792328 0.0450043845844026 0.0863356090068985 0.262752796577757
0.282321038499769 0.0521607487036778 0.180085971040561 0.384556105958978
0.226312607430716 0.0458573040609894 0.136432291471177 0.316192923390255
0.215855295332416 0.0525631630867936 0.112831495682301 0.318879094982532
0.279798275458491 0.0443160507491413 0.192938815990174 0.366657734926808
0.193625262361318 0.043640652689488 0.108089583089922 0.279160941632715
0.292834009672703 0.0527711868465111 0.189402483453542 0.396265535891865
0.288347027209499 0.0496474816592841 0.191037963157302 0.385656091261696
0.238373950230763 0.0480914000275891 0.144114806176688 0.332633094284838
0.194691465301984 0.0436743201826901 0.109089797743911 0.280293132860057
0.17377265117876 0.0449008986003713 0.085766889922032 0.261778412435487
0.318789353551291 0.0487112909031732 0.223315223381072 0.41426348372151
0.243036545911793 0.0427740516711623 0.159199404636315 0.326873687187271
0.356478301496661 0.0504661045344808 0.257564736609079 0.455391866384244
0.31124041240811 0.0482080389400925 0.216752656085529 0.405728168730692
0.23856560163632 0.0514772764384106 0.137670139817035 0.339461063455605
0.246788757295742 0.0481507677985881 0.152413252410509 0.341164262180974
0.301187390469418 0.0481751234427834 0.206764148521562 0.395610632417273
0.278760692780332 0.0449753372948329 0.19060903168246 0.366912353878205
0.203479512358114 0.044516616570015 0.116226943880884 0.290732080835343
0.352631390172722 0.0472263768836754 0.260067691480718 0.445195088864726
0.32263266835814 0.0524641273241795 0.219802978802748 0.425462357913531
0.281430801882365 0.0499511316535324 0.183526583841442 0.379335019923289
0.241431524042154 0.0505866157242433 0.142281757222637 0.340581290861671
0.26840836938483 0.045076603807963 0.180058225921222 0.356758512848437
0.154761654481831 0.0485582141421073 0.0595875547633011 0.249935754200362
0.231634040819958 0.0459798285436778 0.141513576874349 0.321754504765566
0.207290964230781 0.0462497056825305 0.116641541093021 0.297940387368541
0.247103414184511 0.0499181379801704 0.149263863743377 0.344942964625645
0.289651139032155 0.0418556174544899 0.207614128821355 0.371688149242955
0.317666420985227 0.050821945712433 0.218055407388858 0.417277434581596
0.198028712980032 0.0456446285403748 0.108565241040897 0.287492184919167
0.255862123827809 0.0419648800908465 0.17361095884975 0.338113288805868
0.250299550969067 0.0472836395030176 0.157623617543153 0.342975484394982
0.291928409702448 0.0509872033637622 0.191993491109474 0.391863328295422
0.255903006422854 0.0494510712545121 0.15897890676401 0.352827106081698
0.243857681996238 0.0476554080741805 0.150453082170845 0.337262281821632
0.285508256834957 0.0484943893783799 0.190459253653332 0.380557260016581
0.337466346327032 0.0424400020362161 0.254283942336049 0.420648750318016
0.322369126265565 0.052426740306088 0.219612715265633 0.425125537265498
0.160414580158189 0.0462051173002727 0.0698525502496542 0.250976610066723
0.263442990418854 0.0479439522194372 0.169472844068757 0.35741313676895
0.276314941986715 0.0509764978268861 0.176401006246018 0.376228877727412
0.198747254822351 0.0461155470940048 0.108360782518101 0.2891337271266
0.252055458560447 0.048545752436702 0.156905783784511 0.347205133336383
0.259027563268003 0.0447419147050213 0.171333410446161 0.346721716089845
0.250107532589076 0.0448260381562128 0.162248497802899 0.337966567375254
0.22752181681886 0.0527555906627735 0.124120859119824 0.330922774517896
0.391659145404751 0.0561555781232727 0.281594212283137 0.501724078526366
0.159341525301205 0.0445313953237085 0.0720599904667363 0.246623060135674
0.213560109733827 0.0452266037791507 0.124915966326692 0.302204253140962
0.10729259276399 0.0439993724489873 0.0210538227639747 0.193531362764005
0.181118949270874 0.0539207561816894 0.0754342671547629 0.286803631386985
0.220784695872913 0.051640651730337 0.119569018481453 0.322000373264374
0.177817625477577 0.0492921632893707 0.0812049854304101 0.274430265524743
0.250730890365215 0.0505435853828948 0.151665463014742 0.349796317715689
0.274842859748524 0.0436604283393196 0.189268420203457 0.36041729929359
0.185756508710569 0.0433211905608499 0.100846975211304 0.270666042209835
0.282197326343778 0.0484493008114154 0.187236696753403 0.377157955934152
0.276846737159873 0.0414024127438745 0.195698008181879 0.357995466137867
0.18943423410043 0.0468644609924087 0.0975798905553086 0.281288577645551
0.138408315346393 0.0483054400846486 0.0437296527804812 0.233086977912304
0.207669428270534 0.0496461433647766 0.110362987275571 0.304975869265496
0.218165473468807 0.0519736244963536 0.116297169455954 0.32003377748166
0.224904735090559 0.0477111834076087 0.131390815611646 0.318418654569472
0.229466871986675 0.0429068854730371 0.145369376459522 0.313564367513827
0.238117552993676 0.046186612204091 0.147591793073658 0.328643312913695
0.21168723326927 0.0534356852905655 0.106953290099762 0.316421176438779
0.214468663989365 0.0443518723419984 0.127538994199048 0.301398333779682
0.233198364397233 0.0468596945254578 0.141353363127335 0.32504336566713
0.235425757169278 0.0480615820832486 0.14122505628611 0.329626458052445
0.29403875011767 0.0498695487970963 0.196294434475362 0.391783065759979
0.243848918632794 0.0461674195927618 0.153360776230981 0.334337061034607
0.230024760833137 0.0471446442854911 0.137621258033575 0.3224282636327
0.270390925927788 0.0519905159924168 0.168489514582651 0.372292337272925
0.106423299174037 0.0527936075118599 0.00294782845079181 0.209898769897282
0.169197464341059 0.05287190096775 0.0655685384442693 0.272826390237849
0.280453202604687 0.0453766870613103 0.191514895964519 0.369391509244855
0.268201555477971 0.0494028700374371 0.171371930204594 0.365031180751347
0.259092998893482 0.0523911727763211 0.156406300251893 0.361779697535072
0.233214122257399 0.0488381755586911 0.137491298162364 0.328936946352433
0.219297502473281 0.0513824357802658 0.11858792834396 0.320007076602602
0.329478973827246 0.0412802038427919 0.248569774295374 0.410388173359118
0.242364332733471 0.0453539300657159 0.153470629804668 0.331258035662275
0.290484899946903 0.0467826373776931 0.198790930686624 0.382178869207181
0.290103334447548 0.0554294804093088 0.181461552845302 0.398745116049793
0.239738058799434 0.0500057062925153 0.141726874466104 0.337749243132764
0.268705570428985 0.0543309535841868 0.162216901403979 0.375194239453991
0.228871464303675 0.0435302575784237 0.143552159449965 0.314190769157386
0.258554867561956 0.0481662582007709 0.164149001488445 0.352960733635467
0.31425553213794 0.0480034542545771 0.220168761798969 0.408342302476911
0.246498629710101 0.051555874089817 0.145449116494059 0.347548142926142
0.300459187907525 0.0430774772011306 0.216027332593309 0.384891043221741
0.240321287182792 0.0466712439741612 0.148845648993436 0.331796925372148
0.234968632206078 0.048047319858481 0.140795885283455 0.3291413791287
0.26634813536903 0.0540144855207659 0.160479743748329 0.372216526989731
0.219156209644297 0.0431217049828581 0.134637667877895 0.303674751410699
0.269648818296641 0.0451813746829187 0.181093323918121 0.358204312675162
0.274149623088708 0.0466814955524017 0.182653891806001 0.365645354371416
0.281313876158465 0.0447842181592872 0.193536808566262 0.369090943750668
0.298808554393353 0.0498106332004919 0.201179713320388 0.396437395466317
0.252924982788063 0.0445876899562357 0.165533110473841 0.340316855102285
0.280943160303265 0.0422972958469626 0.198040460443218 0.363845860163312
0.31113914965167 0.0539354104239139 0.205425745220799 0.416852554082541
0.196767170334741 0.0521862108229836 0.0944821971216927 0.299052143547788
0.202024142484845 0.043624973671402 0.116519194088897 0.287529090880793
0.136730077123529 0.0511033539514751 0.0365675033786378 0.23689265086842
0.208809523097161 0.0521641266761814 0.106567834811846 0.311051211382477
0.252380107879845 0.0449935808333845 0.164192689446411 0.340567526313279
0.1722512134566 0.0493413058824697 0.0755422539269592 0.26896017298624
0.264552856989259 0.0507416928924955 0.165099138919968 0.36400657505855
0.275816814610313 0.0490119522577677 0.179753388185088 0.371880241035538
0.263287812029085 0.0469002850101712 0.17136325340915 0.355212370649021
0.256729381190089 0.0500871269097984 0.158558612446884 0.354900149933294
0.176803189095518 0.0408156035517289 0.0968046061341296 0.256801772056907
0.230362895577706 0.0517782050605493 0.128877613659029 0.331848177496382
0.23120284358786 0.0504227322602605 0.132374288357749 0.330031398817971
0.181809382460502 0.0416157279866366 0.100242555606695 0.26337620931431
0.238477935011345 0.0467264286440675 0.146894134868973 0.330061735153718
0.263657067494413 0.0474201646795653 0.170713544722465 0.356600590266361
0.240368972351782 0.0507024592214736 0.140992152277694 0.33974579242587
0.203506487200028 0.0460514461090673 0.113245652826256 0.2937673215738
0.189243194122361 0.0450666041630791 0.100912649962726 0.277573738281996
0.135954004970046 0.0539637333658849 0.030185087572912 0.241722922367181
0.275784843231591 0.046187848658098 0.185256659861719 0.366313026601463
0.180168245083967 0.0468696581630446 0.0883037150843991 0.272032775083534
0.346552995017804 0.0487879879600968 0.250928538616014 0.442177451419594
0.287969281203526 0.0441328155148812 0.201468962794359 0.374469599612693
0.292582242280732 0.0482520130483029 0.198008296706059 0.387156187855406
0.323888169094827 0.0452622026943771 0.235174251813847 0.412602086375806
0.232125418036294 0.04682937882762 0.140339835534159 0.323911000538429
0.29598067267522 0.0407419579705853 0.216126435052873 0.375834910297567
0.197477783663736 0.0459099311893701 0.107494318532571 0.287461248794902
0.254268046980725 0.0489001495370049 0.158423753888196 0.350112340073255
0.15456957940581 0.0477811401065974 0.0609185447968795 0.248220614014741
0.267262046129836 0.0487512220821666 0.17170965084879 0.362814441410883
0.264076561005172 0.0515544050611754 0.163029927085268 0.365123194925076
0.282426615258346 0.0537556372578706 0.177065566232919 0.387787664283772
0.292838786435198 0.0502533802606158 0.194342161124391 0.391335411746005
0.20633829226332 0.0455680025893961 0.117025007188103 0.295651577338536
0.195358214215564 0.0474745094966121 0.102308175602204 0.288408252828924
0.260667785552743 0.0440946698338175 0.17424223267846 0.347093338427025
0.234049222134153 0.0489388951023633 0.138128987733521 0.329969456534785
0.254752987507594 0.0472180392884195 0.162205630502291 0.347300344512896
0.270923166118488 0.0497654334166579 0.173382916621838 0.368463415615137
0.206360140771769 0.0455383846851991 0.117104906788778 0.295615374754759
0.213994353453282 0.047334268575109 0.121219187046068 0.306769519860496
0.256355434026328 0.0472326225215556 0.163779493884079 0.348931374168576
0.298847873940515 0.0504538175179799 0.199958391605275 0.397737356275756
0.251859816469947 0.0532298952122146 0.147529221854006 0.356190411085887
0.269906348371464 0.0458280527701198 0.180083364942029 0.359729331800899
0.299386439778962 0.0466215431829341 0.208008215140411 0.390764664417513
0.373004566864005 0.050478033704556 0.274067620803075 0.471941512924935
0.220839169371785 0.0521326517450903 0.118659171951408 0.323019166792162
0.300587818064405 0.0473291209121293 0.207822741076632 0.393352895052178
0.273059647418324 0.0519978539631477 0.171143853650554 0.374975441186093
0.163725880156796 0.0499158741713178 0.065890766781013 0.261560993532579
0.336096134671647 0.052268189361369 0.233650483523364 0.438541785819931
0.247293172987662 0.0515356821876633 0.146283235899842 0.348303110075482
0.15088955726749 0.0479043284217261 0.0569970735609067 0.244782040974073
0.214996129996094 0.0510475230867092 0.114942984746144 0.315049275246044
0.23528317580697 0.0454684867444192 0.146164941787908 0.324401409826031
0.209768175875297 0.0418690490721449 0.127704839693892 0.291831512056701
0.211572975301438 0.0509858159589814 0.111640776021835 0.311505174581042
0.206355517362711 0.0486855933915753 0.110931754315223 0.301779280410198
0.28183891775769 0.059568125934293 0.165085390926475 0.398592444588904
0.169863296205491 0.0509246216652342 0.0700510377416319 0.26967555466935
0.229548839276376 0.0459622488808705 0.13946283146987 0.319634847082883
0.333148886201054 0.0539193478320089 0.227466964450316 0.438830807951791
0.248863283403478 0.0540605980192893 0.142904511285671 0.354822055521285
0.246607452453271 0.0431008963432875 0.162129695620427 0.331085209286114
0.250367165989706 0.046932199242717 0.158380055473981 0.342354276505431
0.259305813183864 0.0465404437576079 0.168086543418953 0.350525082948776
0.269788064658587 0.0516155517780492 0.16862158317361 0.370954546143563
0.155193904978555 0.0421999020555264 0.0724820969497228 0.237905713007386
0.262396948122537 0.0469075570797498 0.170458136246228 0.354335759998847
0.181904963798215 0.0525023562137267 0.0790003456193108 0.284809581977119
0.171967748120316 0.0453988638236923 0.0829859750258787 0.260949521214752
0.308061783929798 0.0435983128624721 0.222609090719353 0.393514477140244
0.325446208209052 0.0498365645116977 0.227766541766124 0.423125874651979
0.168808562867091 0.0472203875964846 0.076256603177981 0.261360522556201
0.285417378321264 0.0433669837609589 0.200418090149785 0.370416666492744
0.243621420135178 0.04884756620512 0.147880190373143 0.339362649897214
0.234979635541289 0.0499993341279106 0.136980940650584 0.332978330431994
0.243403559237863 0.0488207289376613 0.147714930520047 0.33909218795568
0.330647886525327 0.0512604587096611 0.230177387454391 0.431118385596262
0.232037760670396 0.0447684453154282 0.144291607852157 0.319783913488635
0.154229225847013 0.046360221475501 0.0633631917550311 0.245095259938995
0.239047199352147 0.0494906579953367 0.142045509681287 0.336048889023007
0.317488260457112 0.0465914847319576 0.226168950382475 0.408807570531748
0.184509753926653 0.0541365922224696 0.0784020331706125 0.290617474682693
0.194596240602543 0.0393987200510264 0.117374749302532 0.271817731902555
0.228131734604276 0.0487641124301847 0.132554074241114 0.323709394967439
0.26436871463723 0.046895914563246 0.172452722093268 0.356284707181192
0.192656690795028 0.0415955380182471 0.111129436279263 0.274183945310792
0.200431867682165 0.0448101431821571 0.112603987045137 0.288259748319193
0.276571947039088 0.0451489557080709 0.188079993851269 0.365063900226907
0.271757743323015 0.0432469535573543 0.186993714350601 0.35652177229543
0.255419045665759 0.0454366732736352 0.166363166049434 0.344474925282084
0.336223862607151 0.0456655320278492 0.246719419832566 0.425728305381735
0.291326344964031 0.0432875743775394 0.206482699184054 0.376169990744008
0.260707305743949 0.0438884179839745 0.174686006495359 0.346728604992539
0.325734572446226 0.0514877306967182 0.224818620280659 0.426650524611794
0.18581214359441 0.0480555582113009 0.0916232495002601 0.28000103768856
0.26449022534622 0.0443278888614902 0.177607563177699 0.351372887514741
0.201140616731261 0.0515882032709732 0.100027738320154 0.302253495142369
0.257174733630834 0.0488461922182471 0.16143619688307 0.352913270378598
0.254045654278973 0.0456973856164974 0.164478778470638 0.343612530087308
0.200015971128521 0.0558859702549189 0.0904794694288801 0.309552472828162
0.313712611269248 0.0514464755940246 0.212877519104959 0.414547703433536
0.258064221809728 0.0485418273655927 0.162922240173166 0.353206203446289
0.221521096128125 0.0452554512820273 0.132820411615352 0.310221780640899
0.178364341214176 0.0445054440718366 0.0911336708333766 0.265595011594976
0.239055405104701 0.0471273594298657 0.146685780622164 0.331425029587238
0.250243286343152 0.0415302074505289 0.168844079740115 0.331642492946189
0.263983877928733 0.0489985276758691 0.167946763684029 0.360020992173436
0.259288298532004 0.0480765251729336 0.165058309193054 0.353518287870954
0.361910800330801 0.0453272505768761 0.273069389200124 0.450752211461478
0.183757805947324 0.0510296394458461 0.0837397126334658 0.283775899261183
0.213567251099946 0.048521472158522 0.118465165669243 0.308669336530649
0.143861256828795 0.0494182757231993 0.0470014364113244 0.240721077246266
0.196491312664998 0.0470240683004377 0.10432413879614 0.288658486533856
0.179791489939718 0.0563267909040406 0.0693909797677983 0.290192000111638
0.183265947089715 0.0486820517114858 0.0878491257352025 0.278682768444227
0.252859732594486 0.0473920109287775 0.159971391174083 0.34574807401489
0.253804212681609 0.0492357836750468 0.157302076678517 0.350306348684701
0.216118255564039 0.051187163428866 0.115791415243461 0.316445095884616
0.122084919051945 0.0432662186067068 0.0372831305828 0.206886707521091
0.228328624575702 0.0512063506426556 0.127964177316097 0.328693071835308
0.336661501237926 0.0468046404979664 0.244924405861912 0.42839859661394
0.251761133638307 0.0498536757974677 0.15404792907527 0.349474338201343
0.313942939835042 0.0519218748750581 0.212176065079928 0.415709814590156
0.252141472720191 0.0499123651435607 0.154313237038812 0.34996970840157
0.225478597315324 0.0434524248540576 0.140311844601371 0.310645350029276
0.31171923943261 0.0408124646376161 0.231726808742882 0.391711670122337
0.288882809387787 0.0452616319434244 0.200170010778676 0.377595607996899
0.186049515303895 0.0418288380946251 0.104064992638429 0.26803403796936
0.271814213006949 0.0502154297071463 0.173391970780942 0.370236455232956
0.328073634871054 0.048304564592666 0.233396688269429 0.42275058147268
0.212642976499869 0.0520471991547844 0.110630466156492 0.314655486843247
0.349951146903506 0.0523357123534568 0.247373150690731 0.452529143116281
0.186011421654652 0.0511255127329856 0.0858054166979999 0.286217426611303
0.220086194531363 0.0485075903026217 0.125011317538225 0.315161071524502
0.191698987577671 0.0475195405420656 0.0985606881152221 0.284837287040119
0.272596749387804 0.0468711457014465 0.180729303812969 0.364464194962639
0.177545800384423 0.0424247096857737 0.0943933694003069 0.26069823136854
0.296726518680012 0.0445397542950426 0.209428600261728 0.384024437098295
0.254257706234996 0.0529344855657003 0.150506114526223 0.358009297943768
0.267879827091522 0.0569497866219175 0.156258245312564 0.379501408870481
0.197494346562905 0.0459697354223204 0.107393665135157 0.287595027990653
0.260821457622715 0.0509042674881193 0.161049093346001 0.360593821899429
0.23148669743614 0.044828275749997 0.143623276966146 0.319350117906134
0.231910472898258 0.0459822474488343 0.141785267898543 0.322035677897974
0.1714930893427 0.04836365012696 0.0767003350938586 0.266285843591542
0.318596101206579 0.0476234381254137 0.225254162480768 0.41193803993239
0.164805671706384 0.0446558121769722 0.077280279839518 0.252331063573249
0.30627377246728 0.0521681577855121 0.204024183207677 0.408523361726884
0.178813241843919 0.0504154753418658 0.0799989101738619 0.277627573513976
0.239916365891421 0.0476400570975763 0.146541853980172 0.333290877802671
0.282787365815771 0.0466649752325925 0.19132401435989 0.374250717271653
0.20979065840308 0.0492190731333345 0.113321275061744 0.306260041744415
0.258836483087775 0.0545656778063409 0.151887754587347 0.365785211588203
0.289902712406159 0.0477086544610403 0.19639374966252 0.383411675149798
0.284847860994395 0.0575945570603162 0.171962529156175 0.397733192832614
0.312904804456709 0.046826500026087 0.221124864405578 0.40468474450784
0.28925477393873 0.0491338549906532 0.19295241815705 0.385557129720411
0.21310077697005 0.0496018600754421 0.115881131222184 0.310320422717917
0.211497647122145 0.0512005283023217 0.111144611649595 0.311850682594696
0.149487351167251 0.0438094731063754 0.063620783878755 0.235353918455747
0.299472817675064 0.0503862086678639 0.20071584868605 0.398229786664077
0.243691927173378 0.0465294709491058 0.152494164113131 0.334889690233626
0.241317033550282 0.0500735557012885 0.143172864375757 0.339461202724808
0.231956448626465 0.0441692513156592 0.145384716047773 0.318528181205157
0.256058934646426 0.0596635401861896 0.139118395881495 0.372999473411358
0.297561103704605 0.0437070275746011 0.211895329658386 0.383226877750823
0.220969757549221 0.0493804107527036 0.124184152473922 0.31775536262452
0.261815925450734 0.0421913089077907 0.179120959991464 0.344510890910003
0.291624227249405 0.0408339908527783 0.21158960517796 0.371658849320851
0.198634607450755 0.0488928539705275 0.102804613668522 0.294464601232989
0.249272843633342 0.0545672208253778 0.142321090815601 0.356224596451082
0.230643007583341 0.0427383070025114 0.146875925858419 0.314410089308263
0.332527922045278 0.0475780874973308 0.239274870550509 0.425780973540046
0.255908823744749 0.0430946787764554 0.171443253342897 0.340374394146602
0.153765217383596 0.0463836576568185 0.0628532483762316 0.24467718639096
0.244350874485151 0.0456626006212848 0.154852177267433 0.333849571702869
0.240613143435068 0.0504882460228863 0.141656181230211 0.339570105639925
0.220873887480495 0.0476598578086014 0.127460566175637 0.314287208785354
0.15576953593113 0.041988820702519 0.0734714473541924 0.238067624508067
0.165750930262249 0.0498148367536169 0.0681138502251601 0.263388010299338
0.27939106046779 0.0498775823943509 0.181630998974862 0.377151121960717
0.130422782451582 0.0463199967691962 0.0396355887839572 0.221209976119206
0.239176314862027 0.046103116058986 0.148814207386414 0.329538422337639
