estimate std_1 lowerCI_1 upperCI_1 std_2 lowerCI_2 upperCI_2 std_3 lowerCI_3 upperCI_3
0.245781364033167 0.0687211887421026 0.111068382264295 0.38049434580204 0.0763212946692235 0.0961783690580145 0.39538435900832 0.0443923232300844 0.158692603677316 0.332870124389018
0.253455470396094 0.0773821373984253 0.101759994690696 0.405150946101492 0.0862067325763295 0.0844722082788026 0.422438732513385 0.0487332622420368 0.157822714876499 0.349088225915689
0.218120798055651 0.0802961540769311 0.060696665165128 0.375544930946173 0.0868628627759276 0.0478359375266428 0.388405658584659 0.0533132936397047 0.113469390224416 0.322772205886885
0.297614246730728 0.0862734362168699 0.128494996992205 0.466733496469251 0.0983994453080512 0.104737070834531 0.490491422626926 0.0534974287792246 0.192650300262789 0.402578193198667
0.232560528894067 0.0781420385461103 0.0793866789437514 0.385734378844383 0.086219681186416 0.0635594593968108 0.401561598391324 0.0491227761606884 0.136208071875672 0.328912985912463
0.231645324702686 0.0748810732856895 0.0848426552701922 0.378447994135179 0.0820818239031315 0.070738706244187 0.392551943161185 0.0505921631828521 0.132361673521455 0.330928975883917
0.283897531290147 0.0726391429402118 0.141499639451832 0.426295423128462 0.0830688738816588 0.121066951480527 0.446728111099767 0.0475520358449084 0.190598118072672 0.377196944507622
0.163545277187717 0.0724130515821584 0.0215900363124091 0.305500518063026 0.0770704979204994 0.0124664315337549 0.31462412284168 0.0496921349319379 0.0660629482690655 0.261027606106369
0.216759674343297 0.0776510550946225 0.0645240418843547 0.368995306802239 0.0844958055397047 0.0511180633262667 0.382401285360327 0.052869477995911 0.113003054414625 0.320516294271969
0.257621215299552 0.0672214635784342 0.125845037690676 0.389397392908429 0.0754673904153744 0.109690513466368 0.405551917132736 0.0443783537198397 0.170555921072835 0.344686509526269
0.300279522352096 0.0776700540098337 0.14803094775612 0.452528096948071 0.0893629880246594 0.125119423050177 0.475439621654015 0.0479615147526577 0.206199901623902 0.394359143080289
0.208955929207217 0.0688823967523656 0.0739168737759822 0.343994984638451 0.0746736168770338 0.0625731835195616 0.355338674894872 0.0473575536436106 0.116038160141169 0.301873698273264
0.231554442979708 0.0732315111860258 0.0880027378525049 0.375106148106912 0.0803672955581339 0.0740218678714681 0.389087018087949 0.0470849792584635 0.139192096971444 0.323916788987973
0.168381348860352 0.0765829011032313 0.0182508684964357 0.318511829224268 0.0810335707001369 0.00953251133580921 0.327230186384895 0.0509256796639934 0.0684641805406654 0.268298517180038
0.259420384697912 0.0753436537940432 0.111726737778715 0.407114031617109 0.0844473082381847 0.0938905109244325 0.424950258471392 0.0492966238025242 0.162719326107919 0.356121443287905
0.293721370532361 0.0757454003173804 0.145242585599696 0.442200155465025 0.0871842655117855 0.122829888953863 0.464612852110858 0.0472091939694614 0.201108196170928 0.386334544893794
0.221998291195372 0.0775899000178594 0.0698546674192595 0.374141914971485 0.0844466749490284 0.0564313948890961 0.387565187501648 0.0559905741095673 0.112071703285628 0.331924879105116
0.152856348213764 0.0807113816868697 -0.00537573463744365 0.311088431064972 0.0838353881272401 -0.0114942929921637 0.317206989419692 0.0526495159499443 0.0495184641721125 0.256194232255416
0.332370104120473 0.0855152248902783 0.164727023476932 0.500013184764015 0.0999211812062801 0.136505423202614 0.528234785038333 0.0545767785048947 0.225261717130856 0.439478491110091
0.242185187210308 0.0845815606350138 0.0763723396168783 0.407998034803738 0.0927229959060089 0.060424104489236 0.42394626993138 0.0534488491251669 0.13728440423826 0.347085970182356
0.267876382634116 0.0807756517987099 0.109529591853631 0.426223173414602 0.0905852120044505 0.0903117693564335 0.445440995911799 0.0522290842837999 0.165400326038072 0.370352439230161
0.22756390040552 0.0751241243542427 0.0803019390529831 0.374825861758056 0.082788120247078 0.0652861896426604 0.389841611168379 0.0491123357040332 0.131228910829647 0.323898889981392
0.246493605474464 0.0738120168413387 0.101803097118735 0.391184113830194 0.0821590984451808 0.0854490596242851 0.407538151324644 0.0476462129309996 0.153028330587791 0.339958880361138
0.259046614201179 0.0794495356278674 0.103306891285511 0.414786337116847 0.0894138636558436 0.0837835829931828 0.434309645409176 0.0500849701286248 0.16079601609438 0.357297212307979
0.260161971466427 0.0746674970082974 0.113794571214827 0.406529371718027 0.0833766739026868 0.0967310403346533 0.4235929025982 0.0474999099112869 0.166979135260677 0.353344807672177
0.221578136039382 0.0711838362036683 0.0820319075956499 0.361124364483115 0.0779529926319434 0.0687713981784863 0.374384873900278 0.0463172960157796 0.130694449364419 0.312461822714346
0.282166820550169 0.082197360428551 0.121023545752635 0.443310095347703 0.0929775120930498 0.09990701898344 0.464426622116898 0.052890129229575 0.178355974847724 0.385977666252614
0.244238017377684 0.0761352949538153 0.0949762267275073 0.393499808027861 0.0842494846142489 0.0790830206400232 0.409393014115345 0.0511727441643084 0.143811541043933 0.344664493711436
0.279407281377738 0.0795578897673767 0.123457528569897 0.435357034185578 0.090448916674967 0.102117628121952 0.456696934633523 0.049535768723818 0.182239552777387 0.376575009978088
0.277268935756732 0.0792350208197315 0.121952091528245 0.432585779985219 0.0902819064513885 0.100306768604499 0.454231102908965 0.0498653958263379 0.179458050423554 0.37507982108991
0.256260344634907 0.0776474281210191 0.104040772497778 0.408479916772037 0.0870560635089552 0.0856098916063916 0.426910797663423 0.0510608982994614 0.156065226632669 0.356455462637146
0.345025121348 0.0770207607336838 0.194039528727336 0.496010713968663 0.0916138303230057 0.165448869828295 0.524601372867704 0.0495058830649144 0.247891062757862 0.442159179938137
0.270068087290515 0.0711953677599613 0.130504616197455 0.409631558383575 0.0805755625159956 0.112126942606475 0.428009231974555 0.0459770614470053 0.179868811186504 0.360267363394526
0.248863915715214 0.0718226274673841 0.108068784929715 0.389659046500712 0.0804041255483137 0.0912566453010032 0.406471186129424 0.0482177717050046 0.154274923047778 0.343452908382649
0.189657402560938 0.0706462851048587 0.0511737927314972 0.32814101239038 0.0763519294322806 0.0399949755343949 0.339319829587482 0.0451384656140456 0.101113073156219 0.278201731965658
0.241690972731838 0.0730124149859448 0.0985642108820548 0.384817734581622 0.0808928693634878 0.0831254382718281 0.400256507191849 0.0479260777145724 0.147668921995908 0.335713023467769
0.160074494652211 0.0721592155149574 0.0185911724994978 0.301557816804925 0.0761159853550188 0.0108440196257379 0.309304969678684 0.0501950783432215 0.0615337428786455 0.258615246425777
0.225432237817782 0.0744379760614361 0.0795130818533311 0.371351393782233 0.0817392179201619 0.0652086396573703 0.385655835978194 0.0497169802315044 0.127910145515446 0.322954330120118
0.25230839711272 0.0764059013343011 0.102530184834291 0.402086609391149 0.0853521584556226 0.0850030225028252 0.419613771722615 0.0484677306083505 0.15721380713967 0.347402987085769
0.320525184963681 0.0773767171129088 0.168842574988879 0.472207794938482 0.09017695708513 0.143764521298573 0.497285848628789 0.0484881651804581 0.225380174740935 0.415670195186426
0.268028767080911 0.0787978828396624 0.113553782733247 0.422503751428576 0.0880623233978987 0.0954054482393204 0.440652085922502 0.0513249588905719 0.16731063928435 0.368746894877473
0.212828895386671 0.074894852375264 0.0660148101423537 0.359642980630989 0.0812440224692103 0.0535756203346196 0.372082170438723 0.0489141897502968 0.116876686389911 0.308781104383431
0.195705410743834 0.0703701019358258 0.0577548876853053 0.333655933802362 0.0758164670566876 0.0470857518665398 0.344325069621128 0.0474876499032335 0.102541260279957 0.288869561207711
0.242803814684963 0.074181966827531 0.0973804664923597 0.388227162877566 0.082599020268177 0.0808914397335976 0.404716189636328 0.0495303389074998 0.145627402397275 0.339980226972651
0.250272884609568 0.0729870122957618 0.107184099960941 0.393361669258195 0.0814431310436428 0.0906207472553952 0.40992502196374 0.047970702706735 0.156122032391872 0.344423736827264
0.269373608170028 0.0803500079818909 0.111849909455707 0.426897306884349 0.0895917760184259 0.0937476858321904 0.444999530507866 0.052511199131611 0.166308011874714 0.372439204465342
0.223667770252746 0.0767185342094813 0.0732640679095543 0.374071472595937 0.0834062047248112 0.0601649347500116 0.38717060575548 0.050623292755176 0.124315055115789 0.323020485389703
0.290939237876377 0.0760935890083149 0.141772705863099 0.440105769889655 0.0876256722328319 0.119179157017355 0.462699318735399 0.0494924513497891 0.193841837489299 0.388036638263455
0.223006621314823 0.0712517182622752 0.083314664084493 0.362698578545153 0.0777735030082928 0.070541713091788 0.375471529537858 0.0497383790569106 0.125400089715258 0.320613152914388
0.291344114280456 0.0693752843404285 0.155351737697261 0.42733649086365 0.0797858594036576 0.134954004372843 0.447734224188068 0.0443932622182338 0.204261141792019 0.378427086768892
0.303948545954627 0.0777114941638793 0.151612896301292 0.456284195607962 0.0894462934210392 0.128621346762112 0.479275745147142 0.0493701618969348 0.207091445576191 0.400805646333063
0.241478758217498 0.0840245368085097 0.0767534232378403 0.406204093197157 0.0928001282188283 0.0595639602804487 0.423393556154548 0.056147987930595 0.13129563941405 0.351661877020947
0.230642090703357 0.0774916565126067 0.0787211025404609 0.382563078866252 0.0858691004929056 0.0623122539523614 0.398971927454352 0.052649769714781 0.127322356877926 0.333961824528787
0.233186811391615 0.0684215186294574 0.0990594688065665 0.367314153976664 0.0763128829551778 0.0835992787492888 0.382774344033942 0.0464287110043124 0.142112532408412 0.324261090374819
0.194652329584291 0.0679020261034899 0.0615438980404437 0.327760761128138 0.0732713063985133 0.0510249784519549 0.338279680716627 0.0459881822183285 0.104443369738535 0.284861289430046
0.233587470688901 0.0687951588258363 0.0987222502870679 0.368452691090735 0.0762501904021404 0.0841184095478797 0.383056531829923 0.0469086448493728 0.141556078711195 0.325618862666608
0.146268934202246 0.068271623529948 0.0124220102014315 0.280115858203061 0.0716539735315622 0.00579772383915003 0.286740144565342 0.0477408681685782 0.052590250228138 0.239947618176354
0.215273260585135 0.0792860009313939 0.0598367498249343 0.370709771345336 0.0865021903036421 0.0457022045280877 0.384844316642183 0.0535207224975301 0.110248298595163 0.320298222575107
0.315393262009668 0.0809515071085861 0.156700794466422 0.474085729552914 0.0935730155405573 0.13197382116986 0.498812702849476 0.0510109411357981 0.215291920641289 0.415494603378047
0.247700780305112 0.0725794866346582 0.105430441538781 0.389971119071443 0.0811467221278946 0.0886438502293804 0.406757710380843 0.0457080885554405 0.158045829849613 0.337355730760611
0.174705372896373 0.0676187955798535 0.0421487447092797 0.307262001083466 0.0723241730130827 0.0329311680086816 0.316479577784064 0.0459726256744808 0.0845171764153358 0.26489356937741
0.292636687003639 0.0828168682923272 0.130256579960912 0.455016794046366 0.0938860111131847 0.108580919249169 0.476692454758109 0.0558922453528276 0.182887824364845 0.402385549642432
0.216871343163601 0.0735166313152959 0.0727426078140416 0.36100007851316 0.0803496042536314 0.0593593067413959 0.374383379585806 0.0500740696430786 0.118605110563748 0.315137575763453
0.278599995331097 0.0735256502363292 0.134460736685147 0.422739253977047 0.0835698923935016 0.114784475362273 0.442415515299921 0.0480694429638909 0.184272310873435 0.37292767978876
0.271535842284941 0.0708990948080642 0.132552211081162 0.410519473488721 0.0801322638278855 0.114462897713598 0.428608786856284 0.0456430810549313 0.181987176593431 0.361084507976451
0.153412241422186 0.0679787183340597 0.0201244145877981 0.286700068256574 0.0716200571268977 0.0129950580551518 0.29382942478922 0.0490477907772602 0.057141788474309 0.249682694370063
0.186221816885098 0.0735246524791248 0.0420787793743945 0.330364854395802 0.0784082590458901 0.0325136444005146 0.339929989369682 0.0492236797788137 0.0896205246661986 0.282823109103998
0.225872280218787 0.0736918089194483 0.0814051619175277 0.370339398520046 0.0809332167306093 0.0672205569284282 0.384524003509145 0.0494114265531774 0.128915350259755 0.322829210177819
0.260866944674263 0.07364745053118 0.116495600820535 0.405238288527991 0.0827741288842547 0.0986150302941009 0.423118859054425 0.048703866856341 0.165322639203032 0.356411250145494
0.289893359983516 0.0745129874583693 0.143825095443043 0.435961624523989 0.0850522921778719 0.123176790000469 0.456609929966562 0.0478943679384429 0.195926046361857 0.383860673605174
0.239211805061671 0.0730903924081625 0.0959143478979383 0.382509262225403 0.0804445159776291 0.0815112614450881 0.396912348678253 0.0497825336536989 0.14150385035528 0.336919759768061
0.244444631067977 0.0808578059697207 0.0859316652105177 0.402957596925436 0.089318818860576 0.0693573116321326 0.419531950503821 0.0532029153346679 0.140047335758633 0.348841926377321
0.242180518989428 0.0709126980583131 0.10316683416938 0.381194203809476 0.0789270893323712 0.0874664315470585 0.396894606431797 0.0473693746267437 0.149246420968061 0.335114617010795
0.22351237911313 0.0728984450311945 0.0806080824335703 0.366416675792689 0.079958741783876 0.066776445966185 0.380248312260074 0.0487485016477249 0.127880165225648 0.319144593000611
0.183107259472493 0.069363595666139 0.0471210965684885 0.319093422376498 0.0744794530807689 0.0371011252068614 0.329113393738125 0.0499866368873385 0.0850389561112518 0.281175562833734
0.231518962058125 0.0874889886116907 0.0600133616255368 0.403024562490713 0.096016311895403 0.0433075017470648 0.419730422369185 0.0565089626417276 0.120650764663527 0.342387159452723
0.236941558637319 0.0716135489814272 0.096543901626865 0.377339215647773 0.0793197366217319 0.0814500037217689 0.392433113552869 0.0489653409170294 0.14085326474568 0.333029852528958
0.257928580939155 0.0747160462339742 0.111458305897422 0.404398855980888 0.0838394838783649 0.0935853233213562 0.422271838556953 0.0496860656152674 0.160445234138262 0.355411927740047
0.337643385692711 0.0756892209020439 0.189277763668149 0.486009007717272 0.0899707985711114 0.16129345707062 0.513993314314801 0.0461814429452524 0.247052431466528 0.428234339918893
0.210149419781559 0.0811150491844809 0.051077955236007 0.369220884327111 0.0868334969277688 0.0398864435209391 0.380412396042179 0.0576530990882654 0.0969034607796266 0.323395378783492
0.208590752496078 0.078475032929246 0.0547472866290519 0.362434218363104 0.084110506091785 0.0437085807708052 0.37347292422135 0.0503512826999175 0.109770538170545 0.307410966821611
0.202557277235677 0.0826022089887364 0.0406229554387213 0.364491599032632 0.0882874438562201 0.0294867928951443 0.375627761576209 0.053707556008598 0.09715777461568 0.307956779855673
0.231202498405446 0.0659648821649488 0.101897505248016 0.360507491562876 0.0737671805972076 0.0866098976604942 0.375795099150397 0.0444607914315475 0.144008015775646 0.318396981035246
0.264946348616096 0.0744453399919381 0.119015321884534 0.410877375347659 0.0837591840914897 0.100766731808053 0.429125965424139 0.0474560555198704 0.171853674171785 0.358039023060408
0.233179555942005 0.0752361131359429 0.0856789749198792 0.380680136964131 0.0822938087945143 0.071855702242466 0.394503409641545 0.0500186921092534 0.135006709106393 0.331352402777617
0.187858960835631 0.0891873490059467 0.0130058797062905 0.362712041964972 0.0944292265579289 0.00273972041574286 0.372978201255519 0.0582541513119935 0.0735065404240993 0.302211381247163
0.187951108823936 0.0816718633911679 0.0277596690229025 0.348142548624971 0.0865465195103887 0.0182242949415662 0.357677922706307 0.0616745625590668 0.0667978527958122 0.309104364852061
0.249902861126916 0.0828829068353402 0.0873982636973941 0.412407458556438 0.0918943320222558 0.0697514005493676 0.430054321704464 0.056609016074628 0.138771837560485 0.361033884693347
0.216209721122564 0.0757503293693491 0.0677076992534141 0.364711742991715 0.0826643365987025 0.0541643575068545 0.378255084738274 0.0504278883657635 0.117257170593178 0.315162271651951
0.231782562682091 0.067419393318802 0.0996277638091934 0.363937361554988 0.0748098873909114 0.0851467408067988 0.378418384557382 0.0439274410265238 0.145631320893257 0.317933804470925
0.29106495598217 0.081810005262798 0.130678935934763 0.451450976029577 0.0926989455899337 0.10934993679197 0.47277997517237 0.0534683029893999 0.186120700109484 0.396009211854856
0.291722582646757 0.0722053215171534 0.150185071853835 0.433260093439679 0.0826634417023956 0.129693431100351 0.453751734193162 0.04478568575243 0.203870102266491 0.379575063027022
0.265760012689971 0.077902991573498 0.11303580803082 0.418484217349122 0.0871419157852907 0.0949384583405503 0.436581567039392 0.052012789608373 0.16369188644519 0.367828138934752
0.280801259660397 0.076237379907732 0.131352790911484 0.430249728409309 0.0865610609789055 0.11112697042012 0.450475548900674 0.0494152478717216 0.183853785734897 0.377748733585896
0.309069437582144 0.0801776540779675 0.151893568956578 0.46624530620771 0.09255603176381 0.127643088671024 0.490495786493264 0.0518575728610482 0.207317434270114 0.410821440894174
0.256004458949235 0.0689721322207736 0.120803900165286 0.391205017733184 0.0778985837716383 0.103313780258165 0.408695137640305 0.045197084374954 0.167356992930077 0.344651924968393
0.165366094213692 0.0678457402960937 0.0323506639073349 0.298381524520049 0.0720527710188142 0.0241116795831203 0.306620508844263 0.0493282499873652 0.068579767186809 0.262152421240574
0.226477713969602 0.0701587042935146 0.0889441627545838 0.36401126518462 0.0769406761582455 0.075657792767495 0.377297635171709 0.045852960735529 0.13651787395642 0.316437553982784
0.324266582746022 0.0824166427998917 0.162674225012713 0.485858940479331 0.0952314283121132 0.13757836617066 0.510954799321384 0.0559163812078467 0.214484259728484 0.43404890576356
0.251075586974006 0.0821908180841084 0.0899436893588037 0.412207484589209 0.0911583143664468 0.0723786318266703 0.429772542121342 0.0533794901912916 0.146304400057593 0.35584677389042
0.194457305754171 0.0711180676730307 0.0550431851248112 0.333871426383531 0.0767959022711722 0.0439200353715738 0.344994576136768 0.0478106572109773 0.100666913137615 0.288247698370727
0.319475521508162 0.078772509481132 0.165065813800212 0.473885229216111 0.0919267172980645 0.139290873009238 0.499660170007086 0.049062050824058 0.223239353993927 0.415711689022396
0.286470419486413 0.0827163915679199 0.124319531360786 0.44862130761204 0.0932352876018046 0.103711848270118 0.469228990702709 0.0522681262147587 0.183908793099225 0.389032045873602
0.312118441486382 0.0742001490184556 0.166669970200058 0.457566912772705 0.0866866053133933 0.142203995426432 0.482032887546332 0.0467811784091683 0.220353742969522 0.403883140003241
0.203967225578424 0.0739421813124946 0.0590007876447819 0.348933663512066 0.079668292125172 0.04778632539584 0.360148125761008 0.0503703645468274 0.105108775954905 0.302825675201943
0.250840903975847 0.080889482858403 0.0922715118689257 0.409410296082769 0.0898582228743733 0.0747009294301448 0.42698087852155 0.0519432175279063 0.148924760191179 0.352757047760516
0.243221920437165 0.0742060227827221 0.0977578222879371 0.388686018586393 0.0825322180140822 0.081445053501396 0.404998787372934 0.0477027546255624 0.149639722508577 0.336804118365753
0.225751132329192 0.0793111355185168 0.0702631241103272 0.381239140548057 0.0864812556953536 0.0562193338655007 0.395282930792884 0.0534885629302556 0.120781554316431 0.330720710341954
0.183808213321988 0.0667097733872403 0.0530319255131298 0.314584501130846 0.0716010387087376 0.0434504889618158 0.32416593768216 0.0464372772618349 0.0927111379366493 0.274905288707326
0.267454938586515 0.0668158465386125 0.136486469515094 0.398423407657935 0.0764267588668314 0.117653348498695 0.417256528674334 0.041838147334927 0.18540552475989 0.349504352413139
0.251499233716489 0.0678158412905177 0.11856020034385 0.384438267089128 0.0760690322507829 0.1023907806099 0.400607686823077 0.0445853966825023 0.164034485530577 0.338963981902401
0.207253794840345 0.0728187830861848 0.0644948466378683 0.350012743042822 0.0787612303330893 0.0528555737048965 0.361652015975794 0.0489410434257523 0.1112099222325 0.303297667448191
0.29593485571214 0.071693648648885 0.155402263526438 0.436467447897841 0.0829516678369176 0.133342488555028 0.458527222869252 0.0447144246172522 0.208231758047415 0.383637953376864
0.204336219908751 0.0727669019747353 0.0616734518254253 0.346998987992076 0.0786894598083578 0.0500742965115306 0.358598143305971 0.0488992798212055 0.108355971847894 0.300316467969607
0.199878783969267 0.0674948863791471 0.0675653108605801 0.332192257077954 0.0730884056826639 0.0566077241882148 0.343149843750319 0.0465591782519215 0.108545434670603 0.291212133267931
0.236960726252287 0.0712513629145157 0.0972851247427389 0.376636327761836 0.0789136341523153 0.0822740792725508 0.391647373232024 0.0475272588935236 0.143723040918652 0.330198411585923
0.28793567053709 0.07761105152238 0.135792351803145 0.440078989271035 0.08851986015876 0.114420757366023 0.461450583708157 0.0486793089164741 0.192410552989583 0.383460788084597
0.266872984485375 0.0788833915692145 0.112223374992385 0.421522593978365 0.0888969950661452 0.0926094295235638 0.441136539447186 0.053841454372089 0.161216601373162 0.372529367597588
0.193243726691886 0.076709617722015 0.0428651500506097 0.343622303333161 0.0823754212158677 0.0317662487466117 0.354721204637159 0.0500468940876607 0.0950437294680691 0.291443723915702
0.260886835787869 0.0733876832698863 0.117010810584197 0.404762860991541 0.0816300287986291 0.100866721619365 0.420906949956372 0.047701924710919 0.167251291462562 0.354522380113176
0.289538134826623 0.0800385540862433 0.132623997897098 0.446452271756148 0.0902652479717413 0.112592602625043 0.466483667028203 0.0528292916027176 0.185850309234786 0.39322596041846
0.264508083537611 0.0788817058495019 0.109858720813904 0.419157446261317 0.087923987007562 0.0921484221892927 0.436867744885928 0.0521516734057741 0.162140035726224 0.366876131348997
0.235901939235069 0.075580687438931 0.0877310066644885 0.38407287180565 0.0836937964467099 0.0718389646406711 0.399964913829467 0.05096069452905 0.135904872468432 0.335899006001707
0.300299583441223 0.0725677427568527 0.158047868521965 0.44255129836048 0.0839326195679401 0.135780743240875 0.46481842364157 0.0474296349803249 0.207261961693658 0.393337205188788
0.247037015853894 0.0796689510476352 0.0908555816534569 0.403218450054331 0.0879359249456253 0.0746611126759158 0.419412919031872 0.0508395875067132 0.147265515962698 0.346808515745089
0.222843257741602 0.0629265758883162 0.0994973937823153 0.346189121700889 0.0700723503492248 0.0854952544739405 0.360191261009264 0.0405322423736303 0.143356442550277 0.302330072932928
0.244283622478734 0.0680324686499193 0.110928301211258 0.377638943746209 0.075909849316258 0.0954928782423672 0.3930743667151 0.0437211812331061 0.158538406659933 0.330028838297534
0.238258700181172 0.079697624633007 0.082035686221074 0.394481714141269 0.0875810663928167 0.0665889942125061 0.409928406149837 0.0505999967491216 0.139012042589926 0.337505357772418
0.296512480437156 0.0748450065813281 0.149803910450128 0.443221050424183 0.0861029936822414 0.127743827682874 0.465281133191438 0.0464869354735371 0.205336903280622 0.387688057593689
0.23441281059574 0.0778471953272002 0.0818051700336477 0.387020451157833 0.0860836520144042 0.0656698112594125 0.403155809932068 0.0513931834338958 0.133579876135005 0.335245745056475
0.205419539139583 0.0759726234563434 0.0564477774660797 0.354391300813086 0.0814284329238341 0.0457673956402126 0.365071682638953 0.053581689030895 0.100206813441848 0.310632264837318
0.334167955758139 0.0757366947977303 0.185702495275877 0.482633416240401 0.0898374047980099 0.158075339451641 0.510260572064636 0.0488034553945058 0.238424178211273 0.429911733305004
0.216851830705126 0.0763660814242707 0.067148706736466 0.366554954673786 0.0829156390427208 0.0543180133363549 0.379385648073897 0.050194677461347 0.118372138200748 0.315331523209505
0.195588557793929 0.0722494366147657 0.0539624200922911 0.337214695495567 0.0778163758090515 0.0430553818086529 0.348121733779205 0.0480476292391931 0.101349425656327 0.289827689931532
0.194216719645702 0.0755477020970909 0.0461148570458083 0.342318582245596 0.0809970026393645 0.0354402873128021 0.352993151978602 0.0499095045507872 0.0962879739346501 0.292145465356754
0.251087396239407 0.0627531441898589 0.128077301701121 0.374097490777694 0.0707157625666518 0.112475733922066 0.389699058556749 0.0408046743216001 0.171052774271779 0.331122018207036
0.262795662574281 0.0862303946221596 0.0937445401169442 0.431846785031617 0.0953727813872017 0.0758369221786627 0.449754402969899 0.0561466053223522 0.152595646051632 0.37299567909693
0.270167479217461 0.075523789606157 0.122112828121135 0.418222130313787 0.0855239066165202 0.102522533098383 0.437812425336539 0.0501885043926189 0.171694970740743 0.368639987694179
0.334608248748015 0.0763586125608261 0.184919034762935 0.484297462733096 0.0906744353617029 0.156872254141108 0.512344243354923 0.0495199463321196 0.237444212530018 0.431772284966013
0.31072424524623 0.0796237004092056 0.154635014192262 0.466813476300198 0.0921776098897549 0.130040343232807 0.491408147259653 0.0501744873808839 0.212265459212534 0.409183031279926
0.278404626009407 0.0753095995566364 0.130771643256495 0.426037608762318 0.08579204298768 0.110235778446391 0.446573473572422 0.0489817679835817 0.182297067353918 0.374512184664895
0.303673252841648 0.0771494966586816 0.152442891445108 0.454903614238188 0.0890866149766118 0.129053625075149 0.478292880608147 0.047770511674991 0.209959927031317 0.397386578651979
0.269499936053948 0.0728091102335724 0.12677276476223 0.412227107345665 0.0828277061382569 0.107144356619297 0.431855515488598 0.0491417447388915 0.173105982630414 0.365893889477481
0.268261086153108 0.0758329333813478 0.119591248114907 0.41693092419131 0.0851486818949451 0.101344469828232 0.435177702477985 0.0511246302118877 0.167927915022933 0.368594257283283
0.20700070833471 0.0721142995320215 0.0656293521658138 0.348372064503607 0.0786408480627635 0.052844403169461 0.36115701349996 0.049109442286458 0.110653138712066 0.303348277957355
0.240320961989532 0.0796099632644002 0.0842421771276403 0.396399746851424 0.0874209892473717 0.0689441423973475 0.411697781581716 0.0541007650851765 0.134138286356955 0.346503637622109
0.231999669911631 0.0771731391671591 0.0807217321033647 0.383277607719897 0.0854820324868187 0.0644422451563467 0.399557094666915 0.0486205036008055 0.136619736195467 0.327379603627795
0.177768943483795 0.0717580235723146 0.0370925468147545 0.318445340152835 0.076145665725512 0.0284983513070785 0.327039535660511 0.0481851292366246 0.0832178938483697 0.27231999311922
0.217899923168006 0.0788459491089427 0.0633250259469511 0.37247482038906 0.0855260327027738 0.0502408945615228 0.385558951774488 0.0526282128513693 0.114616966508287 0.321182879827724
0.267944393968255 0.0864567744779255 0.0983649821173162 0.437523805819194 0.0953610141154263 0.0809454359680611 0.454943351968449 0.0637003814563243 0.142775236066558 0.393113551869952
0.197111314949519 0.072910955596713 0.0541765141632087 0.340046115735828 0.0784058360081093 0.0434130062501261 0.350809623648911 0.0493127276739775 0.100356777292219 0.293865852606818
0.297492189511377 0.080261361527622 0.140156698793529 0.454827680229224 0.0922337035381068 0.116700246674172 0.478284132348581 0.0504296269871289 0.198546571179025 0.396437807843728
0.222009456519757 0.0726865487224757 0.0795002589741947 0.364518654065319 0.0798157183724516 0.0655386487249189 0.378480264314595 0.0512569096744898 0.121415940283066 0.322602972756448
0.265170371405074 0.0724159193577808 0.123221209265775 0.407119533544373 0.0820738607201448 0.104297180233122 0.426043562577025 0.0468017225303599 0.173379272093946 0.356961470716201
0.272406593041401 0.0754269878626919 0.124540723643172 0.42027246243963 0.0854200310423708 0.10496459220845 0.439848593874351 0.0496780027937264 0.174928476733881 0.36988470934892
0.249811982113569 0.0701797986363008 0.112239538473231 0.387384425753907 0.0787209664036642 0.0955057352347941 0.404118228992344 0.0470990914943709 0.157424758135179 0.342199206091959
0.287633788589127 0.0782014128617375 0.13433389402929 0.440933683148965 0.0893535774901748 0.112485265139085 0.46278231203917 0.0506601051931407 0.188238942769214 0.387028634409041
0.26962668286482 0.075560774043049 0.121503849456543 0.417749516273098 0.0848843367055245 0.103237793419396 0.436015572310245 0.0490077800804354 0.173476221377105 0.365777144352536
0.241742433047992 0.0712407026050408 0.102090841696056 0.381394024399928 0.0788837425585335 0.0871166547860277 0.396368211309957 0.0468846340257064 0.1497716702073 0.333713195888685
0.304687368280309 0.082052937251366 0.143841517755916 0.465533218804703 0.095307018358056 0.117873061661366 0.491501674899253 0.0517080476917502 0.203241284688353 0.406133451872266
0.233468034557538 0.0702500090950316 0.095755825756446 0.37118024335863 0.0778624500227894 0.0808422817665168 0.386093787348559 0.0472575361779025 0.140763703051545 0.326172366063531
0.216748803696163 0.0806714035030683 0.0585972104893819 0.374900396902945 0.0870844366041635 0.0460358029174304 0.387461804474896 0.0528267658730479 0.113072822644228 0.320424784748099
0.230343846271616 0.087586171371397 0.0586337750114343 0.402053917531799 0.0954423054814021 0.0432461080422155 0.417441584501017 0.0573257234944496 0.117829206057306 0.342858486485927
0.251282225344614 0.0808319348843195 0.0928142682680622 0.409750182421165 0.0895533281583943 0.0757313124046577 0.42683313828457 0.0525868961698081 0.148067363032008 0.354497087657219
0.1820545060866 0.0681519801223751 0.0484511757534279 0.315657836419772 0.0734955106106276 0.0379837041404141 0.326125308032785 0.0471638072583062 0.0895308920481674 0.274578120125032
0.312286860402751 0.0799279797548796 0.155597016620951 0.468976704184552 0.0926835289137656 0.130608753861883 0.49396496694362 0.052048055814518 0.210151723987353 0.41442199681815
0.231765007841525 0.0665353557691373 0.101339874243952 0.362190141439098 0.0735341985787027 0.0876271212646582 0.375902894418392 0.0434455848817556 0.146547696576963 0.316982319106087
0.25992929659484 0.0756341601283009 0.111657709705832 0.408200883483848 0.0850164211351829 0.0932780957331552 0.426580497456525 0.0499652008911515 0.16189044196101 0.35796815122867
0.210216887495496 0.0703028058299734 0.0724013157070001 0.348032459283991 0.0771536559933549 0.0589798866037073 0.361453888387284 0.0475011442785819 0.117036536314366 0.303397238676625
0.305097464592787 0.0790541616524147 0.150095562867537 0.460099366318037 0.0902790989160068 0.128114346647724 0.48208058253785 0.0537416685744797 0.19957897392228 0.410615955263294
0.248596566441081 0.0829605969481432 0.0859617057622835 0.411231427119878 0.0916883487449772 0.0688647224096114 0.42832841047255 0.0543350312921462 0.141976886290915 0.355216246591247
0.238464158302211 0.063973118152519 0.113051343531892 0.36387697307253 0.0713624031512671 0.0985763870238093 0.378351929580612 0.0450351179948268 0.150117188660889 0.326811127943533
0.146158784957725 0.0738347670783474 0.00140657310260348 0.290910996812847 0.0768173668142029 -0.00443487547450833 0.296752445389959 0.050067325511682 0.0479043029947648 0.244413266920686
0.30218904618093 0.0812330045989785 0.142954373981524 0.461423718380335 0.0938376673535905 0.118257034296144 0.486121058065716 0.0512926188695722 0.20157424936967 0.402803842992189
0.240515531144831 0.0789480656865195 0.0857488225291311 0.39528223976053 0.0874476867805751 0.0690981526756408 0.41193290961402 0.05125215345029 0.139948490901945 0.341082571387717
0.319181015324277 0.0759572613105762 0.170287534477861 0.468074496170693 0.0887392725277227 0.145242705080536 0.493119325568017 0.0481797524194189 0.22467207476024 0.413689955888314
0.186285986893998 0.0664703906775075 0.0559723096820456 0.31659966410595 0.0714044802162689 0.0463082664727186 0.326263707315277 0.046653510099621 0.0947480675494453 0.27782390623855
0.243445223156151 0.0765518511851573 0.0933896178872936 0.393500828425008 0.0850460505042506 0.0767458235408889 0.410144622771413 0.0489262336463254 0.147487434663211 0.339403011649091
0.298860824738959 0.0705741338207068 0.160521859762793 0.437199789715125 0.0822594276752381 0.137625076390342 0.460096573087576 0.0456176135547574 0.209391909390964 0.388329740086954
0.241984200384193 0.0674611982354144 0.109734756942298 0.374233643826088 0.0749363623830421 0.0950912567063682 0.388877144062018 0.0455064950528623 0.152702060380129 0.331266340388257
0.256376194323543 0.0776573970381681 0.104143721113194 0.408608667533891 0.0867217461163362 0.0863854724632927 0.426366916183793 0.0495265419524548 0.15920265773789 0.353549730909196
0.238204273468279 0.0792691285991322 0.0828029651245371 0.39360558181202 0.0872805604789262 0.0671100487602581 0.409298498176299 0.052485188325365 0.135208735340836 0.341199811595721
0.34020049009443 0.0789744019679344 0.185385407445866 0.495015572742993 0.0938086184510656 0.156322212225788 0.524078767963071 0.0504218069089348 0.241267499517197 0.439133480671663
0.180063582882478 0.0713147034222805 0.0402657396243008 0.319861426140656 0.0757670974172609 0.0315431280920543 0.328584037672902 0.0471469469595527 0.0875755568660708 0.272551608898886
0.268463910491517 0.0782894755348032 0.114979786395231 0.421948034587802 0.0882366097427465 0.0954956952953088 0.441432125687724 0.0512774114551021 0.167821035534463 0.36910678544857
0.253417047145731 0.0786104590049579 0.0993091490271695 0.407524945264293 0.0871437430966734 0.0825933243803186 0.424240769911144 0.0513574876197221 0.152635347606483 0.35419874668498
0.156760507661757 0.0774082704169853 0.00499524805699189 0.308525767266522 0.0812112491796443 -0.00245204047112446 0.315973055794638 0.0532459478564749 0.0522532252727869 0.261267790050727
0.307477952482466 0.0772873992609255 0.155959703216307 0.458996201748626 0.0897740433746494 0.131499988534017 0.483455916430916 0.051427192535202 0.206554311566165 0.408401593398768
0.179993123823241 0.0746583219660362 0.0335994859212868 0.326386761725195 0.0793916108352567 0.0243335330203166 0.335652714626166 0.0525875662849442 0.0767342307884 0.283252016858082
0.339551365999554 0.0908178521471154 0.161494148976873 0.517608583022236 0.106389491278255 0.130996034308821 0.548106697690287 0.0604525478177424 0.220871347328517 0.458231384670591
0.300843660104782 0.0846032902348306 0.134978534544641 0.466708785664924 0.0973421104477785 0.11002661360369 0.491660706605875 0.0570013190539067 0.18897346887682 0.412713851332745
0.209260342422826 0.0746713880056848 0.0628807973816984 0.355639887463953 0.080674797201956 0.051119780686474 0.367400904159177 0.0489710941107587 0.113185400516989 0.305335284328662
0.257622821222248 0.0739073164202769 0.112746201647045 0.402499440797451 0.0826182366821106 0.0956790624372487 0.419566580007247 0.0466651712766779 0.16607751089389 0.349168131550606
0.268859554748702 0.0747809293223317 0.12226609977292 0.415453009724485 0.0839943565605254 0.104215627799063 0.433503481698342 0.0480358392034578 0.174614649325142 0.363104460172262
0.307879634491887 0.0777806476581509 0.155415352222118 0.460343916761655 0.0908226687537154 0.129859788622961 0.485899480360812 0.049306370546723 0.211174095214318 0.404585173769455
0.234934035744908 0.0666748538433349 0.104234558329592 0.365633513160225 0.0744032602635238 0.0890925341098653 0.380775537379951 0.0453781843278958 0.145933603007238 0.323934468482579
0.253532225393903 0.0760999642179085 0.104360611676485 0.402703839111322 0.0844704924066549 0.0879596309274505 0.419104819860356 0.0474214820168886 0.160511634034406 0.346552816753401
0.203718604928101 0.0717254000662813 0.0631013626310003 0.344335847225202 0.0776051991948002 0.0515851783654542 0.355852031490749 0.0492496211071676 0.107073504098712 0.300363705757491
0.339513780184669 0.0761835781255952 0.190169174334686 0.488858386034652 0.0898520828184457 0.163390150888871 0.515637409480467 0.0490913225807829 0.243193551340405 0.435834009028933
0.251247052408366 0.0854503532233547 0.0837099765849964 0.418784128231735 0.0942782321577285 0.0664223336039238 0.436071771212808 0.0561522190365328 0.140987932216485 0.361506172600247
0.351392959151893 0.0832030128605142 0.18827243334619 0.514513484957597 0.0990125460275782 0.157304869474816 0.545481048828971 0.0549596815209763 0.243515502260393 0.459270416043393
0.227863379832119 0.0702924536724559 0.090059433616384 0.365667326047854 0.0770176635518143 0.076886242534615 0.378840517129623 0.0474822089970569 0.134691926301993 0.321034833362245
0.241665435610659 0.0713561835590274 0.101792875721885 0.381537995499432 0.0793679597122527 0.0860947322504517 0.397236138970866 0.046140470217304 0.151168825252468 0.332162045968849
0.237891969869073 0.0748040685774831 0.0912577633797952 0.384526176358351 0.0822840165487821 0.0766025392172411 0.399181400520906 0.0472134108955231 0.145272094983166 0.330511844754981
0.181823588547117 0.0724479314244017 0.0398106814942225 0.323836495600012 0.0770500100122544 0.0307937377038281 0.332853439390406 0.045360127165965 0.0928477362996729 0.270799440794562
0.228323183929233 0.0758806441738946 0.0795604215681402 0.377085946290326 0.0825826998891382 0.0664334785239508 0.390212889334516 0.0512317153431366 0.127782615042438 0.328863752816029
0.230639276238698 0.083861184636036 0.0662120294793777 0.395066522998019 0.0920969967894644 0.0500854143667189 0.411193138110678 0.0581688987905388 0.116443282495451 0.344835269981946
0.291856157008153 0.079203256611627 0.136596867677267 0.447115446339039 0.091243697995073 0.113006256273374 0.470706057742932 0.0506046861561889 0.192581633441335 0.391130680574971
0.168728396695104 0.0720278270611429 0.0275279950231482 0.30992879836706 0.0762537545605169 0.0192498037804274 0.31820698960978 0.049012223491822 0.0725758268753221 0.264880966514886
0.289351936426006 0.0802729158495257 0.13199076568347 0.446713107168542 0.0915752362469591 0.109848141039643 0.46885573181237 0.0513125904500236 0.188669415724374 0.390034457127639
0.270657382131757 0.0725628397518127 0.128398149083634 0.41291661517988 0.0813334073977441 0.111219367509421 0.430095396754093 0.0484016735123486 0.175661371113971 0.365653393149542
0.219132390204402 0.0760940784380873 0.0699670308346188 0.368297749574186 0.0826187442328194 0.0571841062648698 0.381080674143935 0.0485217664836878 0.123939969919205 0.3143248104896
0.275647734890575 0.0928327269007201 0.0935672618825108 0.457728207898638 0.101759086650792 0.0761036403152647 0.475191829465884 0.0665181119253188 0.144916007308732 0.406379462472417
0.25932791151556 0.0808249081111288 0.100878136268834 0.417777686762285 0.0897586053219193 0.0833780922871945 0.435277730743925 0.0524188061166596 0.156457322847507 0.362198500183612
0.241655562833123 0.0730123590077836 0.0985351463097485 0.384775979356497 0.0813579773703619 0.0821832540112056 0.40112787165504 0.0474559178136912 0.148575084381056 0.334736041285189
0.192512031110299 0.0702678099982882 0.0547437511167607 0.330280311103838 0.07530511852059 0.044879419995406 0.340144642225193 0.049025441475259 0.0962886291771992 0.2887354330434
0.299818954422006 0.0889550217688515 0.125418588824787 0.474219320019226 0.101597766774489 0.10065627529863 0.498981633545383 0.0591810296317675 0.183650395057926 0.415987513786087
0.288985258893779 0.0820549858578425 0.128124355383852 0.449846162403706 0.0930705355358671 0.106545633457115 0.471424884330442 0.0534515517253244 0.184091460909698 0.39387905687786
0.260987215748038 0.0696681287312687 0.124417677669415 0.397556753826661 0.0784248997490186 0.107261453954558 0.414712977541518 0.0462311054840185 0.170298812648855 0.351675618847221
0.296534334143741 0.0822460231082656 0.135304445444239 0.457764222843242 0.0939485322793718 0.112378035169641 0.48069063311784 0.052163163370075 0.19417617491551 0.398892493371971
0.200092139615499 0.0819784020915684 0.0393544081917819 0.360829871039215 0.0875340417063636 0.0284768123489189 0.371707466882078 0.0555142175168744 0.0910830537434517 0.309101225487545
0.223624263504206 0.0723091321096154 0.081873185059755 0.365375341948658 0.0794955256020674 0.0677949882254063 0.379453538783006 0.0487701759288335 0.127945854297763 0.31930267271065
0.291248475520386 0.0736654258829179 0.14684986315562 0.435647087885152 0.0852552780052561 0.12414021517278 0.458356735867992 0.0476567829705426 0.197779962991897 0.384716988048875
0.214235912145766 0.0700581341324121 0.0769048181390131 0.351567006152519 0.0763302493778675 0.0646161611172727 0.363855663174259 0.0461736946653189 0.123668370733989 0.304803453557542
0.312316132648014 0.0844629567700768 0.14673374678083 0.477898518515197 0.0973383059396095 0.121511712449121 0.503120552846906 0.0541382869996511 0.206062454670604 0.418569810625423
0.172538369692647 0.079208762526783 0.0172532427531207 0.327823496632172 0.0837252270027958 0.00840708387632572 0.336669655508967 0.0531217213396977 0.0682929395111398 0.276783799874153
0.224912766156309 0.0741653826843731 0.0795297196321697 0.370295812680448 0.0810066007167191 0.0661261952222435 0.383699337090375 0.046757247646788 0.133184106580776 0.316641425731842
0.21890041108064 0.0797473786774253 0.0625460213122565 0.375254800849024 0.0864308643588524 0.049457873886048 0.388342948275232 0.0535168112924792 0.113835780267366 0.323965041893914
0.236716752736158 0.0768437490748084 0.086079031778523 0.387354473693793 0.0848489611795947 0.0703959824655457 0.40303752300677 0.0493839153208819 0.139825223865405 0.33360828160691
0.269484219296218 0.0876112040133656 0.0977106755084292 0.441257763084006 0.0983291832734825 0.0767210176453024 0.462247420947133 0.0590854632309175 0.153487093650897 0.385481344941538
0.237928713254398 0.0735610344480079 0.0937334775882469 0.382123948920549 0.0814089488912483 0.0783566359566302 0.397500790552165 0.0472004984249769 0.145348283529877 0.330509142978919
0.279486357956961 0.0747128547125067 0.133026810458124 0.425945905455797 0.0850956583783394 0.112684984160076 0.446287731753846 0.0466587008859259 0.18793406866534 0.371038647248582
0.289558514138974 0.0736281176693112 0.145229685298964 0.433887342978984 0.0848261830824436 0.123288930315004 0.455828097962945 0.046369889988403 0.198593591202712 0.380523437075237
0.197966620978275 0.0702560203059549 0.0602478700943421 0.335685371862207 0.0762080889184654 0.0485862479940145 0.347346993962535 0.0467113643761388 0.106347708057438 0.289585533899111
0.228623180858708 0.0670699961489113 0.0971331071167739 0.360113254600642 0.0738268550724561 0.0838987407011126 0.373347621016303 0.0460559422512546 0.13824608273566 0.319000278981756
0.204631056407576 0.0800996023247578 0.047612034167085 0.361650078648067 0.0861425780100493 0.0357732518420102 0.373488860973142 0.0506701862164571 0.105213803329765 0.304048309485387
0.297994411430438 0.0720181408574712 0.156822593319118 0.439166229541758 0.0835239530992103 0.134278384691423 0.461710438169453 0.0460554593784931 0.207655223925051 0.388333598935825
0.259538383832415 0.0719635514268429 0.118464230740884 0.400612536923946 0.0813298117840869 0.100115358281983 0.418961409382847 0.0485816956580798 0.164228335376966 0.354848432287863
0.228959138539093 0.0684557548758443 0.0947669291987038 0.363151347879483 0.0757897613668585 0.080398170903706 0.377520106174481 0.0450851317334101 0.140518959391375 0.317399317686812
0.300868324445611 0.0781935968237961 0.147590254434506 0.454146394456715 0.0907690810649935 0.12295049135104 0.478786157540182 0.0491131696295365 0.204521705139676 0.397214943751545
0.209169685000634 0.0713881352226663 0.0692320414132876 0.349107328587981 0.0776077902944869 0.0570460579535277 0.361293312047741 0.0468848453959487 0.117208306733507 0.301131063267761
0.21407197813739 0.0723881304501454 0.0721513373570878 0.355992618917692 0.0780532532194867 0.0610565043986236 0.367087451876156 0.0492670649715141 0.11737531137199 0.31076864490279
0.221261102509549 0.073090632497224 0.0779871126802255 0.364535092338872 0.0797215437779084 0.0649951195576485 0.37752708546145 0.0471245585395577 0.12882779405298 0.313694410966118
0.236536768732186 0.0749880371313263 0.0895109227446844 0.383562614719687 0.0823182107635368 0.0751567402423925 0.397916797221979 0.0526066417696785 0.133278887818153 0.339794649646218
0.292298873946725 0.0762914896409363 0.142745193559314 0.441852554334135 0.0875953356777839 0.120598583595154 0.463999164298295 0.0498970852247811 0.194412570539107 0.390185177354343
0.232144114267409 0.0728909442991796 0.0892466768495335 0.375041551685285 0.0803760076319811 0.07458481804454 0.389703410490279 0.0492908322033591 0.13542641924279 0.328861809292029
0.215014093373732 0.0730806867799653 0.0717509543102469 0.358277232437217 0.0797872834749139 0.0586126645216733 0.371415522225791 0.0490670086127814 0.118753182946102 0.311275003801362
0.215187366521226 0.075680776009718 0.066829142351801 0.363545590690651 0.0834451874920415 0.0516179397102341 0.378756793332217 0.0510142553080871 0.115114261387612 0.315260471654839
0.254797651195047 0.0725986568861135 0.112478038322223 0.397117264067871 0.0812538791488346 0.095522390963879 0.414072911426215 0.0469602593072276 0.162650501068441 0.346944801321652
0.188899339070309 0.0724879762230652 0.0467805737074606 0.331018104433158 0.0774262720064252 0.0371097570801691 0.34068892106045 0.0505411476241356 0.0897077834493335 0.288090894691285
0.288953515205828 0.0825927809616512 0.127050667055564 0.450856363356092 0.0939328954102497 0.104832128271652 0.473074902140004 0.0514937293810273 0.187928662687706 0.38997836772395
0.211973629579148 0.0711975012020321 0.0723945929013395 0.351552666256956 0.0768915366527038 0.0612416008537699 0.362705658304526 0.0475140543660793 0.118731607880356 0.30521565127794
0.22777587915552 0.0853275604439372 0.0604113420231626 0.395140416287878 0.091555610062687 0.0482285336079796 0.407323224703061 0.0624455107811046 0.105063913979928 0.350487844331112
0.256866249809759 0.0777759764264598 0.104402473705563 0.409330025913954 0.087470018613067 0.0854101231751813 0.428322376444336 0.0509354182997444 0.156943229790971 0.356789269828547
0.208061643936421 0.0667783692585539 0.0771384936464662 0.338984794226375 0.0727818156485597 0.0653810508674491 0.350742237005392 0.0482286845952926 0.113429020350041 0.3026942675228
0.285301351320288 0.0787981561261966 0.130834081176368 0.439768621464207 0.0885875592864649 0.111654824347721 0.458947878292854 0.0491108852316552 0.188939438983483 0.381663263657093
0.275211151540893 0.0756739670775627 0.126871310934651 0.423550992147136 0.0855266100223325 0.107567121545634 0.442855181536152 0.047969317516656 0.181108189530347 0.369314113551439
0.307226140019713 0.076142471216675 0.157966745865288 0.456485534174139 0.0878326374135799 0.135062420336223 0.479389859703204 0.0478131155514515 0.213421622712228 0.401030657327198
0.244799456847799 0.0780039031161929 0.091810209525264 0.397788704170334 0.0853523017801858 0.0774323405304721 0.412166573165126 0.0572936197641225 0.132242108028151 0.357356805667447
0.186566143294943 0.0756560646317723 0.0382423085093745 0.334889978080512 0.0805761086069779 0.0286062064217477 0.344526080168139 0.0515186679481844 0.0854624748309552 0.287669811758931
0.262526553001659 0.0806439345501473 0.104422812373515 0.420630293629804 0.0901687735333663 0.0857671485418925 0.439285957461426 0.0541632463313213 0.156221391938825 0.368831714064494
0.238629161842054 0.0813941364220826 0.0790630613300113 0.398195262354096 0.0901220629870078 0.0619662588393403 0.415292064844767 0.0535449284765785 0.13355461017356 0.343703713510547
0.273284600642448 0.0826278453111452 0.111298569103683 0.435270632181213 0.0923758048074722 0.0922038493729389 0.454365351911958 0.0541614290817844 0.166993555628347 0.37957564565655
0.243975640162028 0.0724206013293853 0.102011495440151 0.385939784883906 0.0805170087426332 0.0861489230036986 0.401802357320358 0.046851184604959 0.152066308172135 0.335884972151921
0.281046591533762 0.0795494994346256 0.125101486585477 0.436991696482047 0.0895981458716594 0.105415792524176 0.456677390543347 0.0516151244096649 0.179769396848739 0.382323786218784
0.203783229549717 0.0770046825566867 0.0528089000944655 0.354757559004968 0.0831491709140814 0.0407757861319488 0.366790672967484 0.0527157770273178 0.100312659625981 0.307253799473452
0.24988213605387 0.0726231908294145 0.107518769506094 0.392245502601645 0.0809084451097965 0.091286760512358 0.408477511595381 0.0461010664017032 0.159429736114515 0.340334535993224
0.20345711937638 0.0726251587101303 0.0610465181478086 0.345867720604951 0.0780879625290487 0.0503529035812168 0.356561335171543 0.0527972097757276 0.0997995356132387 0.307114703139521
0.202547024115623 0.0727837033745997 0.0598677146832232 0.345226333548023 0.0778598434726314 0.0499234013349463 0.3551706468963 0.0460346342345789 0.112218449067411 0.292875599163835
0.275946881842061 0.0794871281445766 0.120117876752506 0.431775886931616 0.0899286520917886 0.0996643477181611 0.452229415965961 0.0526983069669006 0.172532671513171 0.379361092170951
0.201612492871234 0.0777463974888062 0.0491879308130138 0.354037054929454 0.0838404596728639 0.0372527908707204 0.365972194871747 0.0527055530711456 0.0981687673030135 0.305056218439454
0.233594688187886 0.0742841479957227 0.0879685092116747 0.379220867164098 0.081684949120107 0.0734711219501637 0.393718254425609 0.0496240429813358 0.136226172196312 0.330963204179461
0.285494408296507 0.0753954658166828 0.137701047472154 0.43328776912086 0.0863954059658955 0.116148592720465 0.454840223872549 0.0481811029864989 0.190980798338576 0.380008018254438
0.217623734100566 0.0719662553127842 0.0765345799047813 0.358712888296351 0.0780421319757133 0.06463426025336 0.370613207947772 0.048834366237124 0.121788765069926 0.313458703131206
0.313442153875653 0.0755324093512189 0.165377312118414 0.461506995632891 0.0877756011584442 0.141389819751747 0.485494487999559 0.0479639772524535 0.21934052618758 0.407543781563726
0.293144669841739 0.0709416755480612 0.154073030829475 0.432216308854002 0.0811781787592409 0.134019337201153 0.452270002482324 0.0464192489815632 0.202062755384476 0.384226584299001
0.19500958610748 0.0750730100899429 0.0478277076960266 0.342191464518934 0.081016676876484 0.0361868137272245 0.353832358487736 0.052719266708419 0.091561832298663 0.298457339916298
0.17580489843514 0.0706991638908233 0.0372064988870096 0.31440329798327 0.075338134298657 0.0281195942148884 0.323490202655391 0.0487941855268503 0.0800769494407069 0.271532847429573
0.231739347356029 0.0883855475032811 0.0584029280156657 0.405075766696392 0.0956879984156913 0.0441124249013223 0.419366269810735 0.0634918530759049 0.10701677794644 0.356461916765617
0.31288902867926 0.0861198120499872 0.14407416037862 0.481703896979899 0.100340679876524 0.116210281992703 0.509567775365816 0.0541569354276851 0.206650276084431 0.419127781274089
0.342689781321991 0.0826105785373334 0.180748738359821 0.504630824284161 0.0982040246874633 0.150197189431116 0.535182373212866 0.0529798287885836 0.238747700921603 0.44663186172238
0.296269149309346 0.0752755842931788 0.148710534691241 0.443827763927451 0.0867814714395329 0.126166768130177 0.466371530488514 0.0461376234044668 0.205749001729116 0.386789296889575
0.271848658662551 0.0762378483897026 0.122392139755676 0.421305177569425 0.0860876512680826 0.103096988372101 0.440600328953 0.0506263458044166 0.172509770172958 0.371187547152143
0.268978672666783 0.0833554844419547 0.105560807890068 0.432396537443499 0.0938386657511572 0.0850273486074031 0.452929996726163 0.0560187582527876 0.159038424524396 0.378918920809171
0.260045021864253 0.0735300214123791 0.115896379753482 0.404193663975024 0.0825741402708503 0.0981797712019375 0.421910272526568 0.0483882708473811 0.165091785713699 0.354998258014807
0.195188110125675 0.0795098726056113 0.0393094708297331 0.351066749421617 0.0851440072466709 0.0282745984656648 0.362101621785685 0.0535300009357516 0.0901329616764159 0.300243258574934
0.160648563836066 0.0685197728084154 0.0263361740803935 0.294960953591739 0.0720481553140199 0.0194229235645506 0.301874204107582 0.0439907247441393 0.074367441812611 0.246929685859522
0.219680969127203 0.0804353222055139 0.0619753205836107 0.377386617670795 0.0869063303562883 0.0493038404613403 0.390058097793065 0.0546203229149713 0.112450228191409 0.326911710062997
0.222584217162454 0.0684587034009561 0.0883736590093156 0.356794775315592 0.0748712547464132 0.0758132922402737 0.369355142084634 0.0469972607798813 0.130366208535135 0.314802225789773
0.231574102795743 0.0748662869017223 0.0848095662924161 0.378338639299069 0.0824184086494877 0.0700150225846043 0.393133183006881 0.0489230404138736 0.135581576092643 0.327566629498842
0.271847721567096 0.0693302035041873 0.135932691196148 0.407762751938043 0.0784153755274919 0.118135450384437 0.425559992749754 0.0468916780006068 0.179843616639815 0.363851826494376
0.297890884387872 0.075194110377649 0.150488174430872 0.445293594344873 0.0863667944927147 0.128598605368798 0.467183163406947 0.049065338466515 0.201634673756707 0.394147095019038
0.241873926639438 0.0755305994643864 0.0938020097669675 0.389945843511909 0.0831757564984322 0.0788264856202006 0.404921367658676 0.0495994367123293 0.144538289910516 0.33920956336836
0.222819541573354 0.0809549721142152 0.0640933379337632 0.381545745212945 0.0874770349787722 0.051322233864682 0.394316849282027 0.0551883635689109 0.114471009368071 0.331168073778637
0.239356782201068 0.0844900892957241 0.0736947100488156 0.40501885435332 0.0929053060340498 0.0572171914272363 0.421496372974899 0.0583737868224167 0.124750307022683 0.353963257379452
0.230397992892129 0.080910122563828 0.071760537507728 0.389035448276531 0.0881057123286999 0.0576701950039123 0.403125790780346 0.0546617996876441 0.123079261560939 0.337716724223319
0.25584687881114 0.0794542527510136 0.100089549775086 0.411604207847193 0.0888619098265173 0.0816593959082735 0.430034361714006 0.0513836168088138 0.155026360408812 0.356667397213468
0.213323977964211 0.0656915561799939 0.0845421390990457 0.342105816829376 0.0717669796590027 0.0726412312364032 0.354006724692018 0.045744350509965 0.123581479804973 0.303066476123448
0.231878728199696 0.0711087927564373 0.0924627616298562 0.371294694769535 0.0783332030407511 0.078314592777313 0.385442863622078 0.0488353343668259 0.136023243599308 0.327734212800084
0.29766192923653 0.0807213509826905 0.139427264258505 0.455896594214555 0.0922704552467071 0.116799276711628 0.478524581761432 0.0507618610807271 0.198075034465448 0.397248824007612
0.273037858116495 0.080125823913692 0.115952669518909 0.430123046714081 0.0903102841663517 0.0960040011518001 0.45007171508119 0.0531640808735596 0.168696086960258 0.377379629272733
0.166046516857169 0.0692749017442752 0.0302334014062751 0.301859632308062 0.0732461311646196 0.0224556038496516 0.309637429864686 0.0493614886783489 0.0691979694047087 0.262895064309629
0.24954200310378 0.0769163231645147 0.0987560862008231 0.400327920006736 0.0858446350464467 0.0812660950412396 0.41781791116632 0.0501274985427936 0.151175685617954 0.347908320589606
0.246438224537926 0.073068560235758 0.103199995634196 0.389676453441656 0.0817505495337694 0.0861911835854546 0.406685265490397 0.0477384129131615 0.152777615936444 0.340098833139408
0.202546458342525 0.0754518474643928 0.0546303074089134 0.350462609276136 0.0811374632463261 0.0434932177166422 0.361599698968407 0.0502082388577363 0.104027181751482 0.301065734933568
0.206682318542338 0.0761661318520318 0.0573479112632182 0.356016725821458 0.0815517611070311 0.0468018253406602 0.366562811744016 0.0519907660930979 0.104620065273871 0.308744571810806
0.270996669549008 0.0782586797074427 0.11758149976259 0.424411839335426 0.0886202777843057 0.0972827867878912 0.444710552310125 0.051508944003657 0.169932264436393 0.372061074661623
0.213199195974725 0.0762696591106691 0.0636723977960007 0.36272599415345 0.0831596801611734 0.0501775800778763 0.376220811871575 0.0520355705794925 0.11108208054353 0.315316311405921
0.241147029905654 0.086076931171451 0.0723732914114645 0.409920768399844 0.0949836347050121 0.0549333731560538 0.427360686655255 0.0597166627721376 0.123906449159841 0.358387610651468
0.292302715700416 0.0757931323752359 0.143721471118579 0.440883960282253 0.086543015037311 0.122661752483198 0.461943678917634 0.0493582571333213 0.195455635583027 0.389149795817804
0.235414990593877 0.0773394891628933 0.0838090705947664 0.387020910592987 0.0852910364511477 0.0682302548399203 0.402599726347833 0.0507627524545191 0.135839346343919 0.334990634843834
0.234333962603304 0.0756684549947148 0.0859955923872986 0.38267233281931 0.082719118119092 0.0721838006455308 0.396484124561078 0.0485706918601539 0.139020112153374 0.329647813053235
0.20104830288935 0.0728869416724721 0.0581568613390874 0.343939744439612 0.0789606523798782 0.0462602214136145 0.355836384365085 0.0515244604037559 0.0999611928435355 0.302135412935164
0.200068337280848 0.0745468238843841 0.053926019370784 0.346210655190912 0.0804400736518123 0.0423822447439054 0.357754429817791 0.0505913387882294 0.100804739910998 0.299331934650698
0.207960448341964 0.0745051294862279 0.0618852992167339 0.354035597467194 0.0810787712650482 0.0490119060321667 0.366908990651761 0.0528102442600818 0.104319979077767 0.31160091760616
0.241573490974379 0.0699239752025945 0.104495103757162 0.378651878191596 0.0778855751734235 0.0888989240244693 0.394248057924288 0.0466990468050853 0.149944531785762 0.333202450162996
0.258659763382441 0.0800463100709932 0.101737037221099 0.415582489543783 0.0890353959409984 0.0841282778371974 0.433191248927684 0.0525012805074365 0.155635542158484 0.361683984606397
0.269138262012126 0.0748065679999803 0.122486780105832 0.41578974391842 0.0840457342153243 0.104388168870311 0.433888355153942 0.0498582400036287 0.171305321412062 0.36697120261219
0.160670522042608 0.0701107358792145 0.0232263509463191 0.298114693138898 0.0738383416975443 0.0159246469671709 0.305416397118046 0.0467590215664752 0.0689244750177418 0.252416569067475
0.17308900977604 0.0755604273359339 0.0249614577639739 0.321216561788107 0.0802781050950595 0.0157202697453828 0.330457749806698 0.0506166747587027 0.0737761560939114 0.272401863458169
0.172307146120678 0.079744741089927 0.0159706498253071 0.328643642416049 0.0837112905428397 0.00820173420120376 0.336412558040152 0.0535752104022037 0.0671706956732041 0.277443596568152
0.186535673621896 0.0670959594341589 0.0550006442281943 0.318070703015598 0.0716780151452844 0.0460252605510643 0.327046086692728 0.0446467832956286 0.0989298288765139 0.274141518367279
0.231521565349125 0.0751467619921226 0.0842089424539996 0.37883418824425 0.0830553131278488 0.0687156453019028 0.394327485396347 0.0492830035009463 0.134830457498838 0.328212673199412
0.276684493011899 0.0780833696386558 0.12362201325021 0.429746972773588 0.0888873948523498 0.102453564103433 0.450915421920366 0.0494605047392953 0.179657503580675 0.373711482443124
0.237288267545659 0.0728032750669484 0.0945739854061735 0.380002549685144 0.0801746423419443 0.0801320210473684 0.394444514043949 0.0475919532146725 0.143929206693607 0.330647328397711
0.289699851921388 0.081060188292545 0.130797860849865 0.448601842992911 0.0926430665959343 0.108104732228707 0.471294971614069 0.0509134176789164 0.189802559184719 0.389597144658057
0.220274126729726 0.0769959310951544 0.0692739439719707 0.371274309487481 0.0831545483926023 0.0572220314549735 0.383326222004478 0.0556608843666457 0.110939724762765 0.329608528696686
0.322422564074365 0.0805302235275334 0.164507155235259 0.480337972913471 0.092657442452329 0.14076541466522 0.50407971348351 0.0563046213465122 0.211835824830743 0.433009303317987
0.363120169365453 0.0792261813095999 0.207815467920314 0.518424870810593 0.0955948870516648 0.175743836479208 0.550496502251699 0.0504499627895795 0.264146111824699 0.462094226906208
0.213616057573659 0.071501787813243 0.0734537572662365 0.353778357881081 0.0780228268843249 0.0606776794536069 0.36655443569371 0.0473582748796935 0.120721946014899 0.306510169132418
0.270332810946545 0.0922112210993552 0.0895474466339589 0.451118175259131 0.102812709899067 0.0687841485751504 0.471881473317939 0.0605536239685666 0.151456504968921 0.389209116924168
0.247161717908435 0.0776232041975572 0.0950003358722872 0.399323099944583 0.0864807012592863 0.0776462456972952 0.416677190119575 0.0501792009156419 0.148728213512401 0.345595222304469
0.275338658055858 0.0783386369192661 0.121775554529481 0.428901761582235 0.0887306684953187 0.101414468933188 0.449262847178527 0.0490660799787493 0.179080499967213 0.371596816144503
0.131823609474704 0.0765358326298773 -0.0182204373384355 0.281867656287844 0.079164469594645 -0.0233689467176545 0.287016165667063 0.0514077042262231 0.0309455631771271 0.232701655772282
0.264703156952058 0.0687404623744971 0.129955466646065 0.399450847258052 0.0781722214832882 0.111475595172432 0.417930718731685 0.0446679221513501 0.177086858303521 0.352319455600596
0.262451660564985 0.0773248650043127 0.110851693356138 0.414051627773832 0.0867118614787795 0.0924669070891612 0.432436414040808 0.052439319677069 0.1595247810854 0.365378540044569
0.217184717524224 0.0813039554702789 0.0577924615827885 0.376576973465659 0.0878047519911232 0.0450592622702278 0.38931017277822 0.0535413473057183 0.112107386777429 0.322262048271019
0.231704562022698 0.0795975635545329 0.0756533258141651 0.387755798231232 0.0878106079179265 0.0595669986491091 0.403842125396287 0.0550218723881402 0.123733738149462 0.339675385895935
0.264868954271548 0.0794728395529042 0.109079830602691 0.420658077940405 0.0893053542426354 0.089815903775885 0.439922004767212 0.0511916144628548 0.164440796208196 0.365297112334901
0.264572961902238 0.0783287232887894 0.111017845299478 0.418128078504999 0.087434805968023 0.0931797069492059 0.43596621685527 0.0514793158933999 0.163556744767594 0.365589179036882
0.215797925508813 0.0738737714747855 0.070978314736613 0.360617536281013 0.0798793197109905 0.0592138611980027 0.372381989819623 0.0482671683596087 0.121089510988428 0.310506340029198
0.177943292361912 0.0744954066230035 0.03190787406825 0.323978710655574 0.079129315215376 0.0228300693739458 0.333056515349878 0.0495177769444342 0.080797875921657 0.275088708802167
0.262182972110256 0.0721674867835924 0.120713203218373 0.403652741002138 0.0814876093313729 0.102453457474084 0.421912486746427 0.046917006911607 0.170139572443183 0.354226371777328
0.236696207257411 0.0757546670211637 0.0881835764539731 0.38520883806085 0.0838281703289011 0.0723692902477242 0.401023124267099 0.0519583675839119 0.13474735269643 0.338645061818393
0.267239212084309 0.0671770361919505 0.135547400367383 0.398931023801236 0.0761153475061383 0.118037147326122 0.416441276842497 0.0450524588206856 0.178847636800509 0.35563078736811
0.28806422717691 0.0758516576147876 0.139380434432123 0.436748019921696 0.0874205084578065 0.116711894956237 0.459416559397583 0.0490356000635181 0.191892239241851 0.384236215111968
0.279162372974569 0.0751193520114616 0.131911365771883 0.426413380177255 0.0860784587863907 0.110438546688628 0.44788619926051 0.0479390789082504 0.18512733890317 0.373197407045968
0.250859640379127 0.0696400929645997 0.114345322779557 0.387373957978697 0.0776001506557112 0.0987500642251531 0.402969216533102 0.0461236085677347 0.160382415566255 0.341336865192
0.221261870956705 0.0661948403815706 0.0914976003644583 0.351026141548951 0.072944017938706 0.0782757149299926 0.364248026983417 0.0453614136683843 0.132278117582817 0.310245624330592
0.308046316605226 0.0745556522224029 0.161896937145467 0.454195696064986 0.0864343049762908 0.138623440817403 0.47746919239305 0.0478088409851527 0.214255470175997 0.401837163034456
0.192840535580628 0.0727771324887217 0.0501775938753484 0.335503477285907 0.0776642944871221 0.0406028981960166 0.345078172965238 0.0461574986924246 0.102285694180976 0.283395376980279
0.241820493491207 0.0771149985164273 0.0906110241390516 0.393029962843363 0.0849962393855918 0.0751810076867668 0.408459979295648 0.0538418141065502 0.136095796117115 0.347545190865299
0.27601316799734 0.07161466261412 0.135636566638262 0.416389769356418 0.0824181223909212 0.114467142243987 0.437559193750693 0.0450070446813414 0.187742767634388 0.364283568360292
0.272184180785521 0.0854057711299382 0.104746605748886 0.439621755822157 0.0956865266896798 0.0846097984375716 0.459758563133471 0.0573466229098176 0.159636942131316 0.384731419439726
0.324118334794081 0.0794409388658427 0.168380352600328 0.479856316987835 0.0925340922349137 0.142731688724813 0.50550498086335 0.0526188800463971 0.220861144619876 0.427375524968287
0.247964545810038 0.0805087470339786 0.0901186243374452 0.405810467282631 0.0883321564407256 0.0747975781195656 0.42113151350051 0.0547135433733533 0.140563133692266 0.35536595792781
0.265353337028878 0.0745822494935713 0.119146286317291 0.411560387740465 0.0837863117152566 0.101115063818065 0.42959161023969 0.0483961123327593 0.17039419651261 0.360312477545146
0.197760327847543 0.0761175072037682 0.0485358526764692 0.346984803018618 0.0822364165116642 0.0365506523216688 0.358970003373418 0.0537203655675154 0.0923652922033404 0.303155363491746
0.169947028554702 0.0647729877092945 0.0429784737188639 0.29691558339054 0.0689699431689022 0.0347553104040123 0.305138746705392 0.0430867834938699 0.0854446704459008 0.254449386663503
0.195947336849142 0.0674144248136666 0.0637943097836176 0.328100363914666 0.0725797676716037 0.053675030263135 0.338219643435149 0.0450205110442891 0.107630865650566 0.284263808047718
0.27480373968485 0.0769021774842717 0.124043493641629 0.425563985728071 0.0873827907913828 0.103512934414969 0.446094544954731 0.0512062182843139 0.174323587210737 0.375283892158964
0.279276071991723 0.084515970689341 0.113586454559483 0.444965689423964 0.0954119638542287 0.0922433159890812 0.466308827994366 0.0564169144649583 0.168561768520015 0.389990375463432
0.276134970297 0.0802752772084511 0.118763239873489 0.433506700720511 0.0901185915575842 0.0994809848884791 0.452788955705521 0.0522235120804421 0.173651234830754 0.378618705763245
0.278934281037744 0.0768724561633571 0.128238575488903 0.429629986586584 0.0875718400849354 0.107277378799031 0.450591183276456 0.0501429232162012 0.180553325150357 0.37731523692513
0.275918058335611 0.0861717701785145 0.106984460445465 0.444851656225756 0.0970502177273448 0.0856751065880058 0.466161010083216 0.0555987391358775 0.166797325204336 0.385038791466886
0.267331908251794 0.0805878140840854 0.109342716820164 0.425321099683424 0.0898619880589027 0.0911768166920765 0.443486999811512 0.0530085186017088 0.163296495454455 0.371367321049133
0.170383240991722 0.0821663677857287 0.00922308919239712 0.331543392791046 0.0863381078063786 0.00106279967748321 0.33970368230596 0.0616587882474687 0.0492568641990726 0.291509617784371
0.23340642473286 0.068131230616662 0.0998587112327434 0.366954138232977 0.0754114297812195 0.0855931848987871 0.381219664566933 0.0426706464699083 0.14972073196736 0.317092117498361
0.322453382684791 0.0802050299898947 0.165239092456821 0.47966767291276 0.0936127555532565 0.138966118538888 0.505940646830693 0.0490693320855516 0.226212318315124 0.418694447054458
0.257346933823665 0.0702991357020957 0.119536632572379 0.395157235074951 0.0794033046943233 0.101700908953926 0.412992958693405 0.0470023034038818 0.165135291720036 0.349558575927295
0.305911455137898 0.0801502985225291 0.148773327615505 0.463049582660292 0.0920550956500506 0.125456141695853 0.486366768579943 0.0533683434134892 0.201153964209921 0.410668946065876
0.197451423068779 0.0723878193359778 0.0555595820569303 0.339343264080628 0.0781744205987158 0.044221003132014 0.350681843005545 0.0459761123119996 0.10728397056138 0.287618875576179
0.257795717478987 0.0774508682753163 0.105971121356333 0.409620313601641 0.0866530394101049 0.0879419706987325 0.427649464259242 0.0501061318655102 0.159501970975114 0.35608946398286
0.322723363138512 0.086293555434376 0.153566363689715 0.491880362587309 0.10098275891915 0.124785356371941 0.520661369905083 0.0537236673433858 0.217324305088687 0.428122421188338
0.26956718659321 0.067900247529721 0.136467298987556 0.402667074198864 0.0773561468107227 0.117939855241554 0.421194517944867 0.0434710517919604 0.184297431882567 0.354836941303854
0.256341911362012 0.0737157922708807 0.111831696009875 0.400852126714149 0.0818887158712344 0.0958211550862632 0.416862667637761 0.0470597286953924 0.163991431127522 0.348692391596502
0.213758470688053 0.0757141268024066 0.0653260997181521 0.362190841657955 0.0818890596891876 0.0532308768150686 0.374286064561038 0.050410133785663 0.11483633276983 0.312680608606277
0.278941162576571 0.0721779629964829 0.137453942262294 0.420428382890848 0.0818645880190665 0.118475118020652 0.43940720713249 0.0468987153179061 0.186944722078978 0.370937603074164
0.215129898011949 0.0829935705511877 0.0522959412067503 0.377963854817148 0.0886006252355437 0.041336543936199 0.388923252087699 0.0637172034335303 0.0898710771992622 0.340388718824636
0.242768998910591 0.0775333139680874 0.0907271362543938 0.394810861566788 0.0850089681984006 0.0760942821090145 0.409443715712167 0.0547817106721182 0.135173483342001 0.350364514479181
0.202688636844415 0.0691868447691072 0.0670645462493706 0.33831272743946 0.0753445555432942 0.0550002521223213 0.35037702156651 0.0469020743149435 0.110696848994483 0.294680424694348
0.234624975284632 0.076510036176575 0.084651049959557 0.384598900609707 0.0836246454710948 0.070710655036747 0.398539295532517 0.0466036614770767 0.143208158706129 0.326041791863135
0.287223409342665 0.0865957102067119 0.117463789261527 0.456983029423803 0.0979099671628146 0.0952990857388403 0.479147732946489 0.0556219512695037 0.178073627858779 0.39637319082655
0.247233815995626 0.0752534445571329 0.0997132807130403 0.394754351278212 0.0842479733370897 0.082091941513108 0.412375690478144 0.0489329437953449 0.151230563687301 0.343237068303951
0.216457601510038 0.0734972362523438 0.0723638390949277 0.360551363925148 0.0803191277229869 0.0590029582230973 0.373912244796979 0.051197832723705 0.115987838931896 0.31692736408818
0.251299849482062 0.0804797101612272 0.0935399111325609 0.409059787831563 0.0895304918991048 0.0758068915273635 0.42679280743676 0.0518241982212875 0.149641572580253 0.352958126383871
0.23829634875239 0.0697014351489505 0.101661418122936 0.374931279381844 0.0771091415859212 0.0871484962466486 0.389444201258131 0.0459489791865318 0.148158964089664 0.328433733415116
0.283436882206014 0.0702282162678579 0.145773074643458 0.421100689768569 0.0808054333058528 0.125048649368688 0.441825115043339 0.0449061367625781 0.195349623285981 0.371524141126047
0.221817920700868 0.0730541560393915 0.0785926380489211 0.365043203352815 0.0804857038045464 0.0640376093166306 0.379598232085106 0.0522600836688333 0.119275851506062 0.324359989895675
0.274858271151368 0.0799917293398322 0.118051142813907 0.431665399488829 0.0899088097490593 0.0986217779400898 0.451094764362646 0.0508008121370658 0.175188057143473 0.374528485159263
0.257670863835747 0.0720009395485146 0.116519630900882 0.398822096770613 0.0805784115260245 0.0997172620377615 0.415624465633733 0.0484055967583551 0.162692284961005 0.352649442710489
0.211512291461354 0.0748492348363008 0.0647750860787626 0.358249496843945 0.0810136102332804 0.0527006158302101 0.370323967092498 0.0497512098075844 0.113881044789421 0.309143538133287
0.202401534637309 0.0719748039840505 0.0612977125416359 0.343505356732982 0.0777403852160516 0.0500047716818399 0.354798297592778 0.0485185663150653 0.107189915558744 0.297613153715874
0.231195022688456 0.070321114828879 0.0933449587962331 0.369045086580679 0.0781366092917203 0.0780331637242675 0.384356881652644 0.0473417314167417 0.138330812933024 0.324059232443887
0.176626211140057 0.0729546936962048 0.0336181708650965 0.319634251415017 0.0779877743479009 0.0237570457662105 0.329495376513903 0.0480441332229326 0.0823932357432757 0.270859186536837
0.202000733234923 0.0759501451592713 0.0531137822581342 0.350887684211713 0.0821168154856352 0.0410330529088341 0.362968413561013 0.0497949337370064 0.104307146622978 0.299694319846868
0.320529318265591 0.0875296206746641 0.148951239694429 0.492107396836752 0.10183055379639 0.120930383464049 0.520128253067133 0.051931603641116 0.218634177832022 0.42242445869916
0.235971252571852 0.0707999059572528 0.0971795088393954 0.374762996304308 0.0784422670287866 0.0822077670822229 0.389734738061481 0.0471896233927572 0.143391800351973 0.32855070479173
0.118318562074757 0.0812188646471351 -0.0409223798848068 0.277559504034322 0.0833022986366994 -0.0450018172966114 0.281638941446126 0.0539536447924062 0.0123838493286047 0.22425327482091
0.180268772027655 0.0795218572796591 0.0243656133767702 0.336171930678539 0.0839799783705874 0.0156343770242171 0.344903167031092 0.0534864219649925 0.0752952435986993 0.28524230045661
0.225394362450822 0.0735023539922709 0.0813140687401749 0.369474656161469 0.0806839258819479 0.0672429181711244 0.38354580673052 0.047205110776805 0.132804815246326 0.317983909655318
0.222107543665968 0.0727167257475016 0.0795630053758277 0.364652081956109 0.0790872703327151 0.0670819512691896 0.377133136062747 0.0462423010705633 0.131387225566476 0.312827861765461
0.161338252739107 0.0673632093826166 0.0292904506412275 0.293386054836987 0.071319519744941 0.0215391108541994 0.301137394624015 0.0440199972037747 0.074994888133371 0.247681617344843
0.293666285028811 0.0770158224148532 0.142692870890138 0.444639699167484 0.0885581655833293 0.120078911878861 0.467253658178761 0.0493362741126866 0.19687311761398 0.390459452443642
0.197050595223659 0.0821301588464468 0.0360394139145792 0.35806177653274 0.0879535564286294 0.0246330163692096 0.369468174078109 0.0536296296600988 0.091798127618199 0.30230306282912
0.267519804566687 0.078161844005521 0.114300367136884 0.420739241996491 0.0881045502820701 0.0948205781440975 0.440219030989277 0.0498350576823503 0.169748206634168 0.365291402499207
0.203255484423257 0.068635258270911 0.0687110470219922 0.337799921824521 0.074806009253736 0.0566215608941347 0.349889407952378 0.0464281486397516 0.11218750330971 0.294323465536803
0.184325561691188 0.0698020764714239 0.0474946526793315 0.321156470703045 0.0743150358779556 0.038653074075611 0.329998049306766 0.0447548860217454 0.0965265247670196 0.272124598615357
0.267775376854738 0.0851341538985201 0.100883112291757 0.434667641417719 0.0955389784259219 0.080499504088249 0.455051249621228 0.0536337003416272 0.162525585705199 0.373025168004278
0.308109851684575 0.0774854678503883 0.156220845177881 0.459998858191269 0.0898897587914685 0.131916172844206 0.484303530524944 0.0474630766892623 0.214995620098403 0.401224083270747
0.276428893392821 0.0779965965212951 0.123533466304632 0.429324320481011 0.0882517479910298 0.103441452778674 0.449416334006969 0.0496158925833709 0.179086693933521 0.373771092852122
0.223843457507748 0.076524808161876 0.0738379850689024 0.373848929946593 0.0835894269615008 0.0599961496362016 0.387690765379294 0.0490247926386882 0.127682020603641 0.320004894411855
0.320086052495294 0.0805006737699955 0.162257829289361 0.477914275701227 0.0935732393390516 0.136654168426363 0.503517936564225 0.0536773056888381 0.214712269181506 0.425459835809081
0.223997320825773 0.0702614040398906 0.0862592771302406 0.361735364521306 0.0768004250343204 0.0734496452219739 0.374544996429572 0.0471283661342619 0.131533828258554 0.316460813392992
0.301310726055061 0.0775121597732385 0.149365820418437 0.453255631691684 0.0888070056335248 0.127236326794897 0.475385125315224 0.0486546153227953 0.205852861121504 0.396768590988617
0.214363629403625 0.0801255545978742 0.0572844642661014 0.371442794541149 0.0874018593698321 0.0430314258881634 0.385695832919087 0.0551222009271041 0.106215555906435 0.322511702900815
0.271516550556872 0.0820106098103493 0.110742522784328 0.432290578329417 0.091310247300751 0.0925255387609777 0.450507562352767 0.0523387601550757 0.168795096690371 0.374238004423373
0.244859439646215 0.0750061325172861 0.0978152486360012 0.39190363065643 0.0829709842816227 0.0822135376759511 0.40750534161648 0.0495019755534325 0.147715916384443 0.342002962907988
0.289667873534712 0.0734669193460718 0.145650260725144 0.43368548634428 0.0846004388522002 0.123837626261069 0.455498120808356 0.0477063477374062 0.196073420414096 0.383262326655328
0.260630294525708 0.0735693116151616 0.116413244362177 0.404847344689239 0.0827562239978166 0.0984143214615471 0.422846267589869 0.0469508740051253 0.168516442372181 0.352744146679235
0.243694457418654 0.0742635782056544 0.0981128132641555 0.389276101573152 0.0825254887891916 0.0819272832062315 0.405461631631076 0.0488785118372002 0.147797084150518 0.33959183068679
0.325625213234748 0.0847325653692438 0.159515267007981 0.491735159461515 0.0988280484156046 0.131902373921087 0.51934805254841 0.0553990664843223 0.216911912665143 0.434338513804353
0.246638243594934 0.0805717123085528 0.0886529296089822 0.404623557580886 0.0884897431415533 0.0731504668662367 0.420126020323631 0.0554445588822673 0.137760967037969 0.355515520151899
0.297642788439982 0.078351655990433 0.144050460988394 0.451235115891569 0.0899461900835065 0.121334374473166 0.473951202406798 0.0487247184478722 0.202036283425598 0.393249293454365
0.253697323689718 0.0772858471801847 0.102163937072008 0.405230710307427 0.085683911029311 0.0857189202611287 0.421675727118307 0.0525789641612123 0.150466648897651 0.356927998481784
0.223580090594918 0.084704383802925 0.0575267231605127 0.389633458029324 0.0918739144907705 0.0434824525814468 0.40367772860839 0.0549641540320584 0.115721077119371 0.331439104070466
0.283831861045658 0.0756879277554713 0.135460972876776 0.432202749214541 0.0857823626607699 0.115684159293422 0.451979562797895 0.0492931981205933 0.187127397937192 0.380536324154125
0.222980358464231 0.0763255392936649 0.0733558797526767 0.372604837175785 0.0832172503651343 0.0598550392601005 0.386105677668361 0.0504911030216272 0.123918768264403 0.322041948664058
0.279549565031217 0.0776758570642138 0.12726780774509 0.431831322317344 0.0875650818347895 0.107897327697459 0.451201802364974 0.0516297013891304 0.178221278050626 0.380877852011807
0.289440064712637 0.0818425837155003 0.129003218384486 0.449876911040789 0.0931369975997401 0.106875682387989 0.472004447037285 0.0515837017645115 0.188224614746053 0.390655514679222
0.256358505020495 0.0771103791461736 0.105191174011364 0.407525836029627 0.08617636860414 0.0874317378406103 0.42528527220038 0.0515650353113851 0.155179881730719 0.357537128310272
0.311804222845408 0.0811160420109049 0.152790336800907 0.470818108889909 0.0940066215798924 0.127535765893378 0.496072679797439 0.0509059081062905 0.211911550233441 0.411696895457376
0.21504601009599 0.0701319872638863 0.0775641326743626 0.352527887517617 0.0767991090991537 0.0645029460534107 0.365589074138569 0.0470861809352088 0.122673784588744 0.307418235603236
0.248820681181389 0.0824583365131081 0.0871708158309173 0.41047054653186 0.091050998260356 0.0703383836093359 0.427302978753442 0.0540940226467241 0.142676046834156 0.354965315528621
0.256490188437984 0.0812903736706619 0.0971245561847691 0.415855820691199 0.0902544618097605 0.0795658883612758 0.433414488514692 0.0533659865625218 0.15175527268394 0.361225104192028
0.189437792199492 0.0758266569904608 0.0407848924423517 0.338090691956631 0.0804343962270411 0.0317596300703085 0.347115954328675 0.0503820697507597 0.0905700097562807 0.288305574642702
0.220728415472688 0.067000993366002 0.0893836362434453 0.352073194701931 0.0736976533934329 0.0762647003864276 0.365192130558949 0.0458536352687812 0.130778129289104 0.310678701656272
0.267156809931827 0.070606179258549 0.128753022061622 0.405560597802031 0.080159771991573 0.1100340937634 0.424279526100253 0.0442776183927526 0.180300343090396 0.354013276773257
0.259523527588673 0.0778196777751876 0.106948748983525 0.412098306193821 0.0870321554112811 0.0889071740673283 0.430139881110018 0.05294959464521 0.155582091519443 0.363464963657903
0.322350761946407 0.0759123737358494 0.173551484617008 0.471150039275807 0.0880342280835591 0.149798023907899 0.494903499984916 0.044461637301756 0.235139027604072 0.409562496288743
0.282949159595572 0.083994129378458 0.118240783568394 0.447657535622749 0.0937261497937943 0.0991896217406402 0.466708697450503 0.0577865716759904 0.169434522358266 0.396463796832878
0.309484385810006 0.0772601205145868 0.158038495616784 0.460930276003228 0.0900287989188126 0.133019278199662 0.48594949342035 0.0477292148833307 0.215856892237974 0.403111879382039
0.104337453058441 0.0716775538356113 -0.0361706856786293 0.24484559179551 0.0734415479676905 -0.0396264525779588 0.24830135869484 0.0478987415289993 0.0103814786548062 0.198293427462075
0.203563516814829 0.066829163976561 0.0725605699431561 0.334566463686502 0.0723950719409529 0.0616558998740299 0.345471133755628 0.0437920994786968 0.117660768350046 0.289466265279612
0.240173204002652 0.0815382502892983 0.080323598050275 0.400022809955029 0.0899936229382159 0.0637610007049717 0.416585407300332 0.0535702544855765 0.135044812435201 0.345301595570103
0.186126568544185 0.069536079912719 0.0498067618559777 0.322446375232392 0.0743698719451746 0.0403384738041389 0.33191466328423 0.048020598051774 0.0919119206631957 0.280341216425174
0.264890404006448 0.0681018818110829 0.131402540244397 0.398378267768499 0.0773809017894196 0.113219378725465 0.416561429287431 0.042119601420191 0.182292557333304 0.347488250679592
0.250596108365302 0.0706901281758013 0.112031792015074 0.389160424715531 0.079042430899408 0.0956656255787939 0.405526591151811 0.0438715615020291 0.164549943213738 0.336642273516867
0.316420512573369 0.0763407871199888 0.166760475903068 0.46608054924367 0.0882408597397203 0.143449045624101 0.489391979522636 0.0499501534996238 0.218395495436796 0.414445529709941
0.20962873793205 0.0814060374647771 0.0500507636379035 0.369206712226197 0.0875765572285921 0.0379617030477681 0.381295772816332 0.0502550735037026 0.111023937639792 0.308233538224308
0.302375716495126 0.0797265952447915 0.146082479092829 0.458668953897423 0.0914599863715627 0.123096254228271 0.481655178761981 0.0515670065128766 0.201187933249781 0.403563499740471
0.245983242744296 0.0713758005487976 0.106065023927335 0.385901461561258 0.0794519181362039 0.0902427858925637 0.401723699596029 0.0473554296675208 0.153085314923326 0.338881170565267
0.270915643871773 0.0799563353853024 0.11417618742543 0.427655100318116 0.0902548623955423 0.0939999546775126 0.447831333066034 0.0525487617745089 0.167823539845957 0.37400774789759
0.223580414863297 0.0731840290590759 0.0801066661257168 0.367054163600877 0.0797821498947639 0.0671827310747475 0.379978098651846 0.0493961383651211 0.126649593182471 0.320511236544122
0.203256616665395 0.0750921554889486 0.0560516476910061 0.350461585639784 0.0805851804629297 0.0452906803398353 0.361222552990955 0.0478240572418512 0.10941838012076 0.29709485321003
0.285554509070224 0.0838153411737713 0.12123188707493 0.449877131065519 0.0946677022569674 0.0999762104182168 0.471132807722232 0.0559395857232315 0.175754735480773 0.395354282659676
0.170155266673494 0.0846952699404633 0.00408854488141897 0.336221988465569 0.0889337774368001 -0.00420963702497165 0.344520170371959 0.0566536895711402 0.0588917206187607 0.281418812728227
0.237510194408741 0.0782450959016826 0.0840797480933431 0.390940640724139 0.0854168435152174 0.0700402471820719 0.40498014163541 0.055039756644578 0.129424574886171 0.345595813931311
0.195156405353699 0.0704203725384302 0.0570941703867212 0.333218640320677 0.0764381829041279 0.045308387893999 0.345004422813399 0.050320458401597 0.0964180939528389 0.293894716754559
0.336802827235008 0.0772183516839089 0.185438986710739 0.488166667759278 0.0914085210816234 0.157634174377636 0.51597148009238 0.0473624150535294 0.243893306475333 0.429712347994684
0.301227821830451 0.0779173079444719 0.148483244211526 0.453972399449376 0.0894845435245686 0.125821892039662 0.476633751621239 0.0509368247921774 0.201287941078544 0.401167702582357
0.259749868938914 0.0752065701172894 0.112324427165329 0.4071753107125 0.0839594094460198 0.0951757244761173 0.424324013401711 0.0482604705622647 0.165072944538543 0.354426793339286
0.253168067405066 0.068232551145819 0.119420143444084 0.386915991366049 0.0764544804163197 0.10330967501927 0.403026459790863 0.0444075596477155 0.166077931229963 0.340258203580169
0.23188757569178 0.0757214204320211 0.0834462695311214 0.380328881852438 0.0834077740849395 0.0683888600550587 0.395386291328501 0.0509593019845742 0.131910516071161 0.331864635312399
0.290677248031281 0.0846487445904594 0.124728820432777 0.456625675629786 0.0953787487676897 0.103710420296872 0.477644075765691 0.0548560553389423 0.183014448465567 0.398340047596995
0.244983804924736 0.076639237115833 0.0947408111865968 0.395226798662875 0.0842168769266902 0.0798970049130039 0.410070604936468 0.0494692718216308 0.147903544877895 0.342064064971577
0.217060306678246 0.076222740780051 0.0676437672223537 0.366476846134138 0.0832789300703355 0.0538191890853247 0.380301424271167 0.0495612791392109 0.11983930583975 0.314281307516742
0.221339129109994 0.072936896317988 0.0783548024071243 0.364323455812864 0.0799275332882675 0.0646607633152672 0.378017494904722 0.0499839922067974 0.123277043519096 0.319401214700893
0.278166050738532 0.0739991798528137 0.133106412561324 0.42322568891574 0.0843724744717545 0.112782909152859 0.443549192324205 0.0480752517852805 0.183853024816693 0.372479076660371
0.231160451086742 0.0673067984750942 0.0992271681937779 0.363093733979706 0.0750455256344436 0.0840635482565993 0.378257353916884 0.0452747858294704 0.142376229159454 0.31994467301403
0.375640468942873 0.0909104483624327 0.197374816686211 0.553906121199534 0.108737817932293 0.162468923796387 0.588812014089358 0.0639083103634621 0.250139047211967 0.501141890673778
0.295622273990797 0.0780162400428687 0.14269435147957 0.448550196502025 0.0886958538680937 0.121768732269192 0.469475815712402 0.0485814850473254 0.200325980030318 0.390918567951277
0.200792397663137 0.0704437567704381 0.0626949954287922 0.338889799897482 0.0758026738773303 0.0521976703790839 0.34938712494719 0.0469552019623596 0.108659912258674 0.2929248830676
0.213787839861937 0.0708318325685068 0.0749380230254091 0.352637656698464 0.0769592251185205 0.0629333973365976 0.364642282387276 0.0469378793064552 0.121715717254467 0.305859962469406
0.261326811817513 0.0756706450200491 0.112982287524246 0.409671336110781 0.0845194429563823 0.0956482210524298 0.427005402582597 0.049723308633498 0.163755254777511 0.358898368857515
0.225372548469209 0.0704047330714268 0.0873569452127344 0.363388151725684 0.0767243672915777 0.0749763421238819 0.375768754814536 0.0455315450410312 0.136040364018507 0.314704732919911
0.329836354481831 0.0793706889013478 0.174235143505233 0.485437565458429 0.0929416636622699 0.147650676584374 0.512022032379289 0.0514780844972925 0.228803490416634 0.430869218547029
0.278562956895004 0.0898895601477289 0.102333574534034 0.454792339255974 0.100275657253735 0.0819909276359478 0.47513498615406 0.0584485947849234 0.163827054957137 0.393298858832871
0.187475876445838 0.0745295597743971 0.0413786785456734 0.333573074346002 0.0798353187738898 0.0309836736004875 0.343968079291188 0.0492955070310729 0.0907825707101309 0.284169182181545
0.183838165229613 0.0727826163214011 0.0411399736916211 0.326536356767605 0.0775767362604893 0.0317518402182108 0.335924490241015 0.0512039752636269 0.0833454342711418 0.284330896188084
0.2761832891256 0.0721714905063484 0.134693493680139 0.417673084571061 0.082380521797542 0.114696045946567 0.437670532304634 0.0479947190397437 0.181991900309363 0.370374677941838
0.301918020140473 0.0772545137488514 0.150478789472195 0.453357250808752 0.088794846585083 0.127868063093519 0.475967977187427 0.0503034407198142 0.203241117078162 0.400594923202784
0.289431272775333 0.0797389884978977 0.133120544130452 0.445742001420213 0.0910162070373764 0.111025851906329 0.467836693644336 0.0498439983862766 0.191635634993031 0.387226910557635
0.23396006642169 0.0738204042086345 0.0892463069844293 0.378673825858951 0.081477276132812 0.0742463995898068 0.393673733253574 0.0490144976094782 0.137796227415399 0.330123905427981
0.254325299179679 0.0723050863355002 0.112589017313066 0.396061581046292 0.0813773027451085 0.0948140453894378 0.41383655296992 0.0479970236574919 0.160181309844763 0.348469288514595
0.216527548707064 0.0768487894137587 0.0658731109828382 0.367181986431289 0.083670792409209 0.05250979427779 0.380545303136338 0.0513205639094115 0.115828247937151 0.317226849476977
0.273462762069761 0.068989181782769 0.138225010907827 0.408700513231695 0.0782882320990765 0.120005976333424 0.426919547806098 0.0451634554515217 0.184867544759394 0.362057979380128
0.298210479648383 0.0737292495114576 0.153687524889425 0.442733434407341 0.0854196030291656 0.130780665036603 0.465640294260164 0.0472388107433931 0.205562175810049 0.390858783486718
0.190902274299536 0.0714483905567762 0.0508345668611389 0.330969981737932 0.0766636328911205 0.0406188699488353 0.341185678650236 0.047549069195933 0.0976010630636409 0.284203485535431
0.295142192366765 0.0789770661043511 0.140329727386109 0.449954657347421 0.0898691138420137 0.118988216491216 0.471296168242314 0.0477728302066626 0.201417552742263 0.388866831991268
0.207240454796675 0.0719241398673633 0.066235951296269 0.348244958297082 0.078117644799419 0.0541047600668358 0.360376149526515 0.0491106923799635 0.110872774065331 0.30360813552802
0.221712777432958 0.0774403999800907 0.0698283755090138 0.373597179356902 0.083744242814859 0.0574948491892504 0.385930705676665 0.0574879448746327 0.108783848128337 0.334641706737578
0.204183780899632 0.077508515528459 0.0522061821166633 0.356161379682602 0.0833186215071609 0.0408310073415582 0.367536554457707 0.0552760566590316 0.0956688724113053 0.31269868938796
0.220250297023949 0.08887335981459 0.0460267142264716 0.394473879821426 0.0961514105087234 0.0317693595322247 0.408731234515673 0.0567786612237531 0.108831816321058 0.331668777726839
0.166849948277791 0.0748612662079624 0.0200579179102718 0.31364197864531 0.0785621823654396 0.0128132418549257 0.320886654700656 0.0529546730035481 0.0628721555934944 0.270827740962087
0.210776263682041 0.0703536114044367 0.0728602056214849 0.348692321742597 0.0763955967608459 0.0610237202618742 0.360528807102208 0.046689703106373 0.119178770771307 0.302373756592775
0.224265693254413 0.0792304409394558 0.0689325510716889 0.379598835437138 0.0862529033145167 0.0551787508687423 0.393352635640084 0.0540831831492881 0.118125080634888 0.330406305873938
0.250367692672949 0.0752738214632449 0.102771979173481 0.397963406172417 0.0829330565909762 0.0877757335908005 0.412959651755098 0.0530205971961643 0.146272354141199 0.354463031204699
0.286042032622615 0.0797120999675726 0.129787616657837 0.442296448587393 0.0919389268258475 0.105830989477784 0.466253075767446 0.0495797284862454 0.188777835759853 0.383306229485376
0.195738523167683 0.0698199232509763 0.0588532299603522 0.332623816375014 0.0749481433324437 0.0488099127418679 0.342667133593499 0.0476955635142643 0.102128946384974 0.289348099950392
