estimate std_1 lowerCI_1 upperCI_1 std_2 lowerCI_2 upperCI_2 std_3 lowerCI_3 upperCI_3
0.24170628894705 0.0707572245013392 0.103005076301175 0.380407501592925 0.0779167905331713 0.0889775073480852 0.394435070546015 0.0443029892744165 0.154794111481972 0.328618466412128
0.256738063903565 0.0857204290978966 0.0886713516311509 0.424804776175979 0.0940528200551146 0.0723542011506926 0.441121926656437 0.0553108509658747 0.148115441467888 0.365360686339242
0.209668432847379 0.0830442916766017 0.046862448697711 0.372474416997047 0.0889544896969382 0.0352865336143598 0.384050332080398 0.0533023376945835 0.105038121486211 0.314298744208548
0.284196069602292 0.0924134549249753 0.103024760492052 0.465367378712533 0.102964593063496 0.0823571737965213 0.486034965408063 0.0581326316921947 0.17008014128926 0.398311997915324
0.235501211632236 0.0827691428801834 0.0732527622532988 0.397749661011172 0.0906385945927605 0.0578346238978823 0.413167799366589 0.0513421952560348 0.134772097681456 0.336230325583015
0.240448466738042 0.0824239327182265 0.0788641877181753 0.402032745757908 0.0895159952083279 0.0649719733676001 0.415924960108484 0.051911171045248 0.138558804660238 0.342338128815846
0.283904397386513 0.0753997094134131 0.13608755423338 0.431721240539646 0.0855157824204512 0.11627178229074 0.451537012482285 0.0494952400793929 0.186767652719067 0.381041142053959
0.15885882038747 0.07957048994182 0.00284766915449375 0.314869971620446 0.0836953374909685 -0.00522902217914734 0.322946662954087 0.0550349354695004 0.0508233115779096 0.26689432919703
0.21631666444137 0.0845158283427498 0.0505931944985288 0.382040134384212 0.0908969835995949 0.0381011755916423 0.394532153291098 0.0587988415772586 0.100848543064595 0.331784785818146
0.255097451017216 0.0728923653557268 0.112203427014562 0.397991475019869 0.0804324047056993 0.0974322831673724 0.412762618867059 0.0460534248185916 0.164724796690332 0.3454701053441
0.287214167426139 0.0830947416731232 0.124316411892689 0.45011192295959 0.0933127444333589 0.104299797167599 0.470128537684679 0.0525056882517489 0.184165808370843 0.390262526481436
0.214181958734477 0.0797123805509176 0.0578898692414216 0.370474048227533 0.0850855900158252 0.0473690086456909 0.380994908823264 0.0537751520846243 0.10859315247592 0.319770764993035
0.220709484144319 0.0788012511197162 0.0662121800329553 0.375206788255683 0.084982614484617 0.0541070070447391 0.387311961243899 0.0530834626844328 0.116505059422529 0.324913908866109
0.155921041980894 0.0816142475295503 -0.00409537598741458 0.315937459949203 0.085320128478584 -0.0113518525889421 0.32319393655073 0.0554548308255294 0.0470546462894128 0.264787437672375
0.253758858912267 0.0772359509890553 0.102354712910483 0.405163004914051 0.0857788420779975 0.0856175604389914 0.421900157385543 0.0499699578255196 0.155729138978957 0.351788578845577
0.285483006448984 0.0817651042286365 0.125181223914822 0.445784788983147 0.091980307930878 0.105173221931287 0.465792790966682 0.0529737275728332 0.181490264900685 0.389475747997284
0.218967994699539 0.080509767357301 0.0611219642654845 0.376814025133594 0.0869639354846989 0.0484823129554062 0.389453676443673 0.0544438448163287 0.112098837823523 0.325837151575555
0.136531448919556 0.0889936661405663 -0.0379426111838003 0.311005509022913 0.0913529320679203 -0.0425629356500664 0.315625833489179 0.0562406773267718 0.0261046204924072 0.246958277346706
0.328146285832184 0.0922730701388369 0.147228492637751 0.509064079026616 0.105539597287759 0.121248441747705 0.535044129916663 0.0607198637727977 0.208905914689049 0.447386656975319
0.228479104177273 0.089348151453106 0.0533032826892912 0.403654925665255 0.0963818672034856 0.0395289788978231 0.417429229456724 0.0578242210821709 0.11493636344069 0.342021844913857
0.269551814923527 0.0867683014549254 0.0994512227502022 0.439652407096852 0.0961385118672648 0.0810959724905876 0.458007657356467 0.0550237986788553 0.161558575505603 0.377545054341451
0.212780649655361 0.084652426028283 0.0468282350418668 0.378733064268855 0.0907472682240778 0.0348894761009607 0.390671823209762 0.0539784154319488 0.106843156933162 0.318718142377561
0.239653132488702 0.0792895928827106 0.084219668841876 0.395086596135528 0.0867459460828644 0.0696122733024218 0.409693991674982 0.0501188926772599 0.141308092156332 0.337998172821072
0.225693993071257 0.0926880242718843 0.0439799290112166 0.407408057131298 0.0994780014737897 0.0306811612333142 0.420706824909201 0.057912298358558 0.111987304501619 0.339400681640896
0.249555445482906 0.0777460647734783 0.0971445408605 0.401966350105311 0.0855452627042311 0.0818662288010417 0.417244662164769 0.0499619964068432 0.151513231804769 0.347597659161042
0.240068157992043 0.0756373520322616 0.0917867943692004 0.388349521614885 0.0831055270295755 0.0771580253356866 0.402978290648399 0.0485786940319137 0.144723868949555 0.33541244703453
0.272502414503052 0.0868492900879791 0.102227856129426 0.442776972876679 0.096497828551347 0.0833314547136791 0.461673374292426 0.0561828056740381 0.162189790168421 0.382815038837684
0.245459513130078 0.078013150929478 0.0925151089756328 0.398403917284524 0.0860407886855001 0.0767917808119979 0.414127245448159 0.0518862246434961 0.143623380661849 0.347295645598307
0.267489831629886 0.0880754085021521 0.0948106574157566 0.440169005844015 0.0973471387183805 0.076652552394914 0.458327110864858 0.0576404733402849 0.154321711209412 0.380657952050359
0.260106451531506 0.0882838863060807 0.0870370277342059 0.433175875328805 0.0972882782906648 0.0693978917945921 0.450815011268419 0.0551152935998015 0.151933569627315 0.368279333435696
0.244500451966447 0.0812726395538668 0.0851709986759421 0.403829905256952 0.0895566870799135 0.068944167468289 0.420056736464605 0.0526539909767386 0.141160606804657 0.347840297128237
0.340009796807718 0.082795759845492 0.177689787507195 0.502329806108241 0.0962018841689349 0.151429967299981 0.528589626315455 0.0533963040140869 0.235193326325134 0.444826267290302
0.277311329302033 0.0751497668193393 0.129977252874613 0.424645405729453 0.0846014585955796 0.111465214256274 0.443157444347792 0.0501212146473293 0.178929634634794 0.375693023969272
0.253670534062114 0.074682488199619 0.107269739391029 0.4000713287332 0.0832790131564934 0.0904280566214819 0.416913011502747 0.0489433092508814 0.157651650201336 0.349689417922892
0.194663984873887 0.0813094756595848 0.0352385626141033 0.354089407133671 0.0866987488197046 0.0246866050186916 0.364641364729083 0.0544458590020338 0.0877459881486831 0.301581981599091
0.236964947142873 0.0782667361593006 0.0835252535442686 0.390404640741478 0.085436494977271 0.0694819684672014 0.404447925818545 0.0514672165164 0.135951253850812 0.337978640434934
0.160250465955203 0.0750936869098304 0.0130194395109912 0.307481492399416 0.0789059424504307 0.00555447558487696 0.31494645632553 0.0506017213802658 0.0609089491907876 0.259591982719619
0.218232891399127 0.0817716591356402 0.0579118538177584 0.378553928980496 0.0881549365385383 0.0454112663704365 0.391054516427818 0.0557764765103699 0.108750444521143 0.327715338277112
0.25425352733269 0.0796747459380689 0.0980537489642946 0.410453305701086 0.0884844265568032 0.0807979315434132 0.427709123121968 0.0519047679534555 0.152376679550895 0.356130375114486
0.319288388443563 0.0848649567640739 0.152893379453482 0.485683397433644 0.0966872546113343 0.129742426134262 0.508834350752865 0.0559104113054247 0.209486201771087 0.429090575116039
0.262030524953086 0.0807388036312792 0.10373605958412 0.420324990322052 0.0894518221197545 0.0866719141508418 0.43738913575533 0.0540544676497162 0.155921169001723 0.368139880904449
0.205032096471971 0.0827232698363403 0.0428505006607437 0.367213692283198 0.0882118673080466 0.0321012824343671 0.377962910509575 0.0546774496236785 0.0977034216444278 0.312360771299514
0.192942217295461 0.0796027422016582 0.0368780213795527 0.34900641321137 0.0843932484399419 0.0274961510335857 0.358388283557337 0.0524881367288797 0.0899077936626732 0.29597664092825
0.228093636247034 0.0801940026149023 0.0708743046296621 0.385312967864405 0.0872210835508258 0.0571108313522677 0.3990764411418 0.0528575759084357 0.124347939896763 0.331839332597304
0.260907009544894 0.076014917073404 0.111880299165837 0.409933719923951 0.0848466748300274 0.0945816697561197 0.427232349333668 0.0492810829577618 0.164170109708803 0.357643909380985
0.254481619932153 0.0822520332761221 0.09323089887922 0.415732340985086 0.0903784439547574 0.0773132033337006 0.431650036530605 0.0526823202308976 0.151074905708254 0.357888334156051
0.218473308586097 0.080466219012242 0.0607227237742593 0.376223893397936 0.0865925459430277 0.0487231884754202 0.388223428696775 0.0517807113048457 0.116835845492164 0.320110771680031
0.281046866973207 0.0821979417701273 0.119888296136136 0.442205437810278 0.092424103084506 0.0998612782108224 0.462232455735592 0.0553032812988058 0.172478325088756 0.389615408857658
0.228433434786666 0.0759872692928491 0.0794540254113664 0.377412844161966 0.0824382107192833 0.0668206296880316 0.390046239885301 0.0517654472402085 0.126825880699115 0.330040988874218
0.277437354513362 0.0745734270767657 0.131235678450108 0.423639030576615 0.0835626357920281 0.11362885469602 0.441245854330704 0.0491907209879224 0.18088423111859 0.373990477908134
0.297366030622083 0.0790936027117892 0.142318710535145 0.452413350709021 0.0902061020996389 0.120547317465234 0.474184743778932 0.0502180516876016 0.198836020884066 0.3958960403601
0.246378223612149 0.0954473812289897 0.0592360172909468 0.433520429933351 0.103684210908705 0.0431072567498834 0.449649190474414 0.0631740802564047 0.122321739212125 0.370434708012173
0.226913276496546 0.0850113181789023 0.0602304277845271 0.393596125208564 0.0925463785891266 0.0454763189210257 0.408350234072066 0.057886461630713 0.113255772589696 0.340570780403395
0.233555234690531 0.0769774893337483 0.0826434837875333 0.38446698559353 0.0841452456050571 0.0686040000373216 0.398506469343741 0.0508082436302498 0.133838370677057 0.333272098704006
0.191068223029108 0.0820227441718788 0.0302688561462916 0.351867589911925 0.086431684932702 0.0216329786313837 0.360503467426833 0.0516581029299584 0.0896689314015312 0.292467514656685
0.220976933498204 0.0734220196882685 0.0770364356997921 0.364917431296616 0.0797833409569587 0.0645764162036116 0.377377450792797 0.0490027143661634 0.124812219735799 0.31714164726061
0.158208163424692 0.0707091932951165 0.0195925325389288 0.296823794310456 0.0744751620573584 0.01221542961267 0.304200897236715 0.0470279583616042 0.0659392671021534 0.250477059747232
0.195720617933398 0.082828903269886 0.0333261695825231 0.358115066284273 0.0886671676771135 0.0218931395194957 0.3695480963473 0.0563288598906661 0.0851500689182137 0.306291166948582
0.31057394546056 0.0818574735931754 0.150103425738165 0.471044465182955 0.0940049550697011 0.126305951140543 0.494841939780577 0.0516445410330199 0.209221677502404 0.411926213418715
0.246690770061773 0.0811923527145323 0.0875091040129057 0.40587243611064 0.0889813955779491 0.0722542965295583 0.421127243593988 0.0530066975335573 0.142628336599437 0.35075320352411
0.163922242175667 0.0777537399278825 0.01148519627131 0.316359288080024 0.0814685451915678 0.0042098682416305 0.323634616109704 0.0507394724784791 0.0643215186005024 0.263522965750832
0.29357005268204 0.0850241117083854 0.126863260535359 0.460276844828721 0.0959076724225772 0.105550862792885 0.481589242571195 0.0566694289513373 0.182288286791202 0.404851818572879
0.231773161597928 0.0793896199720782 0.0761157565247192 0.387430566671138 0.0866226025783804 0.0619524051724557 0.401593918023401 0.0541036857903698 0.125552799738161 0.337993523457696
0.283769540713495 0.0778744998014117 0.13110630181169 0.436432779615299 0.0877747241579871 0.111711880201956 0.455827201225033 0.0490926947074713 0.187421663093488 0.380117418333501
0.269666573638595 0.0750511180599218 0.12253520140605 0.416797945871141 0.0837493319141227 0.105496516472198 0.433836630804992 0.0482584860114965 0.174954088123856 0.364379059153334
0.157479323354258 0.0735441399756225 0.0132818232509441 0.301676823457572 0.0771094491095711 0.00630104969390499 0.308657597014611 0.0507658293598996 0.0578168530349854 0.25714179367353
0.175852731674213 0.0784786608006608 0.0220064271710706 0.329699036177355 0.0826065528753321 0.0139203209427952 0.33778514240563 0.0491527463456563 0.0793889869949918 0.272316476353433
0.211779012754142 0.0755495226219455 0.0636723392344014 0.359885686273882 0.0818276916833813 0.0513742406508772 0.372183784857406 0.0495468352694957 0.114554273083722 0.309003752424562
0.253317339192826 0.0764873493458441 0.10337726049271 0.403257417892942 0.0848540900243998 0.0869861446825138 0.419648533703138 0.0497529984299818 0.155702785049344 0.350931893336308
0.296124449948915 0.0782732120433257 0.14268222368959 0.44956667620824 0.0887940185992235 0.122071131529667 0.470177768368164 0.0494160578244853 0.199153206061001 0.39309569383683
0.244640686266634 0.0786021693831254 0.0905325927535597 0.398748779779708 0.0858157530660934 0.0764059666330284 0.412875405900239 0.0523654035285787 0.141834782469494 0.347446590063773
0.24039638841952 0.0869249236875078 0.0699749266790173 0.410817850160022 0.094663870339196 0.0548185542608149 0.425974222578224 0.0572440712788311 0.128018667558719 0.35277410928032
0.243128826065115 0.0748693050685244 0.0963558509125731 0.389901801217657 0.0825892403625513 0.0812331758354474 0.405024476294782 0.0489811168452317 0.147013805627478 0.339243846502752
0.222996532865228 0.0773194696241284 0.0714231410476183 0.374569924682837 0.0840087776739006 0.0583189538936371 0.387674111836818 0.0504479620854873 0.124012182920763 0.321980882809693
0.162708124763485 0.0746333038972215 0.0163925548640022 0.309023694662968 0.0784767851751209 0.00886464337056483 0.316551606156405 0.0513111886134483 0.062026141461736 0.263390108065234
0.229235607907227 0.0986197102786017 0.0358951184696138 0.42257609734484 0.106193660912706 0.0210602863524642 0.43741092946199 0.0623335725318404 0.106868117965552 0.351603097848902
0.234621326655908 0.0733608989882238 0.090802544960335 0.378440108351481 0.0807594405073679 0.0763102019316786 0.392932451380137 0.0488285233050791 0.138803553681714 0.330439099630102
0.254873960180848 0.081718797141273 0.0946646401110051 0.415083280250691 0.0900034241015165 0.0784379929773829 0.431309927384314 0.0535887716995613 0.149687744444524 0.360060175917173
0.334707757962336 0.0804676279743863 0.176962872238716 0.492452643685957 0.0938471003381845 0.150751134429253 0.518664381495419 0.050074451096895 0.236433887184127 0.432981628740545
0.214349248795763 0.0877457469192429 0.04223800343491 0.386460494156617 0.0933554074965424 0.0312658090578623 0.397432688533664 0.0641102727842504 0.0883544427985819 0.340344054792945
0.201944379076555 0.0863343720428356 0.0326743499933413 0.371214408159768 0.0912458048003361 0.0230569573554223 0.380831800797687 0.0557772613292922 0.0924083865091781 0.311480371643931
0.234788950924188 0.0874148913596257 0.063420451942571 0.406157449905805 0.0945648346598152 0.0494149032194588 0.420162998628918 0.0549995809329546 0.126837154545036 0.34274074730334
0.211720785481497 0.070609284051243 0.0732974041802604 0.350144166782734 0.0768763593918679 0.0610213078897641 0.36242026307323 0.0480457297525072 0.117452095705375 0.305989475257619
0.268414534635881 0.0796892649024299 0.112192168364453 0.424636900907309 0.0887125217279755 0.0945163433767895 0.442312725894973 0.0511855442352384 0.167963226697797 0.368865842573965
0.222192247964753 0.0799493592279889 0.0654341353070422 0.378950360622463 0.0860997952528025 0.0533915177763912 0.390992978153114 0.0539777200499414 0.116201809349746 0.328182686579759
0.194158755373402 0.0936105467914634 0.0106262409238254 0.377691269822978 0.0989823187821391 0.000106891393860747 0.388210619352943 0.0608318197004714 0.0747144857412786 0.313603025005525
0.192127783764171 0.0775463545276591 0.0401033065622286 0.344152260966113 0.0827274655654224 0.0299549394898926 0.354300628038449 0.0518850622273192 0.0903132424166479 0.293942325111694
0.258000463766812 0.0997540503384714 0.0623284563673909 0.453672471166233 0.108080460394255 0.0460427226346153 0.469958204899009 0.072010932035912 0.116441634287338 0.399559293246286
0.215432534350002 0.0798783365883711 0.0588429810712087 0.372022087628796 0.0864115388519586 0.0460446313015545 0.38482043739845 0.0507847644425652 0.115775903945541 0.315089164754463
0.23879702359197 0.0718569324794584 0.0979420144316389 0.379652032752301 0.0792537495323971 0.0834491064870389 0.394144940696901 0.0452709674679755 0.149995490324883 0.327598556859056
0.282649787649421 0.0924598175890622 0.101336136340509 0.463963438958334 0.101839825961165 0.082975762124215 0.482323813174627 0.0631230348933235 0.158629475770346 0.406670099528496
0.287928703181841 0.0770557639458846 0.136869364250177 0.438988042113506 0.0867483366695316 0.117882089430471 0.457975316933212 0.048709497157388 0.192329778503263 0.38352762786042
0.257580454608079 0.0872874687432147 0.0864466200953955 0.428714289120762 0.0952258970661856 0.0708998948261743 0.444261014389983 0.056820497594192 0.146019957509472 0.369140951706685
0.273846964274502 0.08181553256072 0.113459900092154 0.43423402845685 0.0910792756922099 0.0953119843704597 0.452381944178544 0.0516382310119845 0.17251220958289 0.375181718966113
0.3017371596214 0.0825165323397357 0.139974019867742 0.463500299375057 0.0940858593177435 0.117309526045093 0.486164793197706 0.0528762742560248 0.197973328883722 0.405500990359078
0.258902472742091 0.0782836198519791 0.105432589133336 0.412372356350846 0.0864834537925315 0.0893707205046145 0.428434224979568 0.0507254606850974 0.159346953579699 0.358457991904484
0.174977535124189 0.0696601089490798 0.0384204217240873 0.31153464852429 0.0741941042447262 0.0295384033738127 0.320416666874565 0.0477087862789683 0.0813896408702327 0.268565429378145
0.221190151145778 0.0741751709128692 0.0757783407913333 0.366601961500222 0.0803595513407874 0.0636638311515988 0.378716471139957 0.0478043133117383 0.127378945316621 0.315001356974935
0.322829515981044 0.0912406662049511 0.143883071552386 0.501775960409702 0.102951980779248 0.120965206872449 0.524693825089639 0.0648345104034249 0.195426644034465 0.450232387927623
0.226339528382061 0.0986152164578205 0.0329589794269906 0.419720077337131 0.105020938405294 0.020420912611903 0.432258144152218 0.0648632866360534 0.0988637023575833 0.353815354406538
0.166448541070552 0.0842090603578016 0.00134643758853401 0.331550644552571 0.0879190343416504 -0.00591825646489724 0.338815338606002 0.0554253626939028 0.0576223314172327 0.275274750723872
0.313847658964866 0.086711381932322 0.143849824491575 0.483845493438157 0.0984958552758812 0.120767504992485 0.506927812937246 0.0560586689960404 0.203801826709063 0.423893491220668
0.286442878199815 0.0857102650300483 0.118414980374988 0.454470776024642 0.0959345272399612 0.0983869459208815 0.474498810478748 0.0545515905388736 0.179372807435189 0.393512948964441
0.319312673440427 0.0775376083609442 0.167313491462512 0.471311855418343 0.0901017182470819 0.142698540999933 0.495926805880922 0.0493340700221461 0.222509846630995 0.416115500249859
0.203126470155918 0.0768576013047595 0.0524495910203793 0.353803349291457 0.0823440156034178 0.0417036591522665 0.36454928115957 0.0505110356313567 0.103990000871949 0.302262939439888
0.248021587459884 0.0896757340050725 0.0721850947551693 0.423858080164599 0.0977840889604737 0.0563102360329021 0.439732938886866 0.0606386373153365 0.128928165852089 0.367115009067679
0.220842334959503 0.0795245335280935 0.0649408502352087 0.376743819683797 0.0860855548268695 0.0520891620837703 0.389595507835236 0.05124187609274 0.12027440625228 0.321410263666726
0.224914960175337 0.0863366908557851 0.0556119423412199 0.394217978009455 0.0930158346863184 0.0425383402241517 0.407291580126523 0.0609426819551399 0.105223996976297 0.344605923374378
0.198474908106648 0.0698784071244463 0.0614884586154849 0.335461357597811 0.0753059894355694 0.0508560791195704 0.346093737093726 0.047115982721852 0.106040189457696 0.290909626755601
0.243200971118555 0.0737395906438725 0.098637646897522 0.387764295339587 0.0811837607504301 0.0840564623524113 0.402345479884698 0.047957815356691 0.149072974220883 0.337328968016227
0.255602259568708 0.0736275307559913 0.111268475019561 0.399936044117855 0.081536284348676 0.0957745851230663 0.41542993401435 0.0464907050379303 0.164376885843576 0.34682763329384
0.218333121709326 0.0852910054003533 0.0510680105422168 0.385598232876435 0.091087922749299 0.0397237833410778 0.396942460077574 0.0595715802075761 0.101287371805335 0.335378871613317
0.315069237954254 0.079570680203934 0.159080160912639 0.471058314995869 0.0911761547435449 0.136345053525176 0.493793422383332 0.0500231867522297 0.216890973154935 0.413247502753573
0.174683481589037 0.077346568476222 0.0230427289546959 0.326324234223379 0.0815455985299002 0.0148192751631294 0.334547688014945 0.0501709972867118 0.0761877300626772 0.273179233115397
0.233622463058757 0.0733202571351177 0.0898930828760347 0.37735184324148 0.0802751096937196 0.07626761179209 0.390977314325424 0.0474637257058531 0.140505561699156 0.326739364418358
0.234713598906603 0.0743339079355272 0.0889917737829597 0.380435424030246 0.0815872779863639 0.0747827525923876 0.394644445220818 0.0489271076767796 0.138712783328857 0.330714414484349
0.293427961917504 0.0813788708252915 0.13389387594295 0.452962047892059 0.0922388647424953 0.11261946648594 0.474236457349069 0.0507448404259841 0.193827730142251 0.393028193692758
0.280875451388787 0.0823132536264066 0.119507238508519 0.442243664269054 0.0929183686886634 0.0987329361531508 0.463017966624423 0.0540222932511653 0.174861976962725 0.386888925814848
0.19440480648867 0.0835567604064167 0.0306036135808586 0.358205999396481 0.0888554359375283 0.020223952016098 0.368585660961242 0.0519745525380173 0.0923994860863643 0.296410126890976
0.26939015207004 0.083082925605719 0.106458661375679 0.432321642764402 0.0910330604440748 0.0908987429945176 0.447881561145563 0.0570047377738173 0.157377688998393 0.381402615141687
0.267442101102262 0.08742832628149 0.0960197041654908 0.438864498039033 0.0956358918556817 0.0799487591357886 0.454935443068735 0.0581756951972741 0.153195382117765 0.381688820086759
0.2858999838932 0.0849096163852326 0.11940851360378 0.452391454182621 0.094753788467399 0.100134398976122 0.471665568810279 0.0573025268990531 0.173355506440804 0.398444461345596
0.215427810971832 0.0809131549598368 0.0567803793170865 0.374075242626577 0.0873940540352187 0.0440905542183415 0.386765067725322 0.0557273304904931 0.10601863446086 0.324836987482804
0.286448609502755 0.0766673013589657 0.136142480562185 0.436754738443326 0.0866257040808473 0.116636943262433 0.456260275743078 0.0516051444085951 0.185169870624339 0.387727348381172
0.246406912129313 0.0863849359525683 0.0770492247596227 0.415764599499004 0.0940886219615141 0.0619607528265605 0.430853071432066 0.0546419244870743 0.139127410810119 0.353686413448508
0.2063791150284 0.0673460717521982 0.0743614221024118 0.338396807954387 0.0731818631655636 0.0629282962274605 0.349829933829339 0.0433514463184824 0.121329980522588 0.291428249534211
0.226716326784011 0.0722896870883862 0.0850088314168766 0.368423822151145 0.0787945105059581 0.0722646948435432 0.381167958724478 0.0461959326887274 0.13608839740438 0.317344256163641
0.249840939446873 0.093478928796948 0.0665795195868574 0.433102359306888 0.101013671386175 0.0518212606319546 0.447860618261791 0.0588559175752372 0.134300569255203 0.365381309638542
0.296425060403262 0.0814441356958999 0.136771359160867 0.456078761645656 0.0919372775957817 0.116213144268455 0.476636976538068 0.0501513841245599 0.198018142450281 0.394831978356243
0.212507908647031 0.0831596677601961 0.0494863950940925 0.375529422199969 0.0896308718252296 0.0368094234781634 0.388206393815898 0.0528742192709155 0.108753439886728 0.316262377407334
0.194359775840215 0.0854161930020314 0.0268510908114543 0.361868460868976 0.0898660783327868 0.0181430539846464 0.370576497695784 0.0594649008315623 0.0775256023271616 0.311193949353269
0.312635568088029 0.0801291729194143 0.155540954006414 0.469730182169645 0.0920804623871221 0.132131975083619 0.493139161092439 0.0530698962667826 0.208467746166389 0.41680339000967
0.231906914577187 0.0821447245938975 0.0708775477272529 0.392936281427122 0.0891187243688387 0.0572149771272267 0.406598852027148 0.0514892349609685 0.13087335931332 0.332940469841055
0.191425373227485 0.0833798649968923 0.0279699362478159 0.354880810207154 0.088116715914346 0.0186910593243533 0.364159687130616 0.0528828633355809 0.0876438338711306 0.295206912583839
0.21220165036292 0.0810316081903527 0.0533424007607584 0.371060899965081 0.0871199247496757 0.0414173774984876 0.382985923227351 0.0527870440807439 0.108595308084413 0.315807992641426
0.246601261144489 0.0664615265631677 0.116318906860869 0.376883615428109 0.0737935864293272 0.101953765179532 0.391248757109446 0.0422482922891692 0.163717602059973 0.329484920229005
0.262987202306883 0.0890033291836321 0.0884948619622441 0.437479542651523 0.0979188543769132 0.0710329647550207 0.454941439858746 0.0578022714533401 0.149517640473692 0.376456764140074
0.261198621221005 0.0792832589920462 0.105756498005861 0.416640744436149 0.0883449722400878 0.0880096740415561 0.434387568400454 0.0539223313851202 0.1553543438108 0.36704289863121
0.353111359935212 0.0780519344844074 0.200105930063861 0.506116789806564 0.0935424762516045 0.169756111555064 0.536466608315361 0.0494674638362556 0.256052922560183 0.450169797310242
0.311951616325391 0.0841154609565248 0.147059983429812 0.47684324922097 0.0961985438268267 0.123386977582956 0.500516255067827 0.0509673591192053 0.211929810163892 0.411973422486891
0.263358614736192 0.0798851835076895 0.106737657445581 0.419979572026804 0.0889222633181768 0.0890387484480034 0.437678481024381 0.0532442122644625 0.158836601047277 0.367880628425108
0.301122843979573 0.0803538108531983 0.14360617508004 0.458639512879107 0.0917242118351693 0.121329150538723 0.480916537420424 0.0496550920383114 0.203689970046065 0.398555717913081
0.246346200067834 0.0791138629274751 0.0912497483087277 0.401442651826939 0.0870052498524984 0.0757918823248435 0.416900517810824 0.0524811587989723 0.143361131687527 0.34933126844814
0.269725540348327 0.0818359278996229 0.109280165903387 0.430170914793268 0.0906649918716143 0.091988727524549 0.447462353172106 0.0540444727471408 0.163626831389206 0.375824249307449
0.198934662641837 0.0769240239304595 0.0481311467155353 0.349738178568139 0.0826477247600752 0.0369197192161041 0.360949606067571 0.0509581628542743 0.0989372997820191 0.298932025501656
0.226900575698524 0.0794092479513044 0.0712384214253612 0.382562729971686 0.0863834254028348 0.0575743936678204 0.396226757729227 0.0500114010424053 0.128788333848435 0.325012817548612
0.23142285827009 0.0833383257059934 0.068052375535673 0.394793341004506 0.0910815531023575 0.0528830348237241 0.409962681716455 0.051766531994868 0.129835488808781 0.333010227731398
0.181637639524172 0.0793150582471038 0.026142930354031 0.337132348694314 0.0835052489266238 0.0179360408890462 0.345339238159298 0.0510937404950829 0.0813457410632176 0.281929537985127
0.224863937286265 0.0856247360497831 0.0569909091421933 0.392736965430336 0.0922392738119856 0.0440369862208223 0.405690888351707 0.0561745627276502 0.11458073255212 0.335147142020409
0.263714559089257 0.0959787058281004 0.07545646511649 0.451972653062024 0.103885351739434 0.0599900364830359 0.467439081695478 0.0688161433767381 0.128447843378441 0.398981274800073
0.198504826316257 0.0767355661885493 0.0480651468887045 0.348944505743809 0.0820693636913589 0.0376185349428119 0.359391117689702 0.0515149164662282 0.0974026748019309 0.299606977830583
0.293804656397711 0.0846730235731427 0.127797175389127 0.459812137406294 0.0959446575463946 0.105721254970636 0.481888057824785 0.0556692829594918 0.184513747866297 0.403095564929124
0.217960561421333 0.0738283009660919 0.0732099984723568 0.362711124370309 0.0806366022394894 0.0598775449248821 0.376043577917783 0.0519752407138042 0.115948223207674 0.319972899634992
0.277661367779094 0.0825069148781112 0.115909903762919 0.439412831795269 0.0919628753798587 0.0973879230841568 0.457934812474031 0.0535646490172025 0.172527005341154 0.382795730217034
0.280426573696251 0.0769524423180387 0.129567716441056 0.431285430951447 0.0873203185637364 0.109258050000794 0.451595097391709 0.0506806024458475 0.180972331586439 0.379880815806064
0.250914603733343 0.0737204910384325 0.106395335062359 0.395433872404326 0.0820035018683041 0.0901690718042632 0.411660135662422 0.049106702051673 0.154566461227064 0.347262746239621
0.28975144314216 0.0844269466608639 0.124244480283461 0.455258406000858 0.0950178729812284 0.103496554521065 0.476006331763254 0.0528989406787283 0.185936355973818 0.393566530310501
0.258627770245111 0.0809830123901046 0.0998587407329141 0.417396799757308 0.0891456764645966 0.0838715407132135 0.433383999777009 0.0533459628183381 0.153913136134829 0.363342404355394
0.254650917474709 0.0744505992853389 0.108708147109908 0.400593687839509 0.0825609335500739 0.0928181262244756 0.416483708724942 0.0475321432890597 0.161403958483849 0.347897876465568
0.289655803207218 0.0842736416934049 0.124446650348917 0.45486495606552 0.0961154956867032 0.101248730359609 0.478062876054828 0.0540957863342453 0.183494325582047 0.39581728083239
0.252223237400417 0.0770171620070229 0.101244499494392 0.403201975306442 0.0851282713387317 0.0853542511541193 0.419092223646714 0.0492511073972402 0.15558615425089 0.348860320549943
0.2079856528398 0.083305497791563 0.0446707224055665 0.371300583274033 0.0890840988101987 0.0333520103212208 0.382619295358378 0.0535321029775312 0.102916930598567 0.313054375081033
0.23456389953038 0.0926302307071019 0.05295411955517 0.41617367950559 0.10041004165863 0.0377184089712158 0.431409390089544 0.0605147552113456 0.115749335969801 0.353378463090959
0.233717489625569 0.0844287239218196 0.0681924962054337 0.399242483045705 0.0917786432603469 0.0537974964649848 0.413637482786154 0.0546145613881932 0.126498326704428 0.340936652546711
0.19796970423391 0.0794445045718372 0.0422321557045461 0.353707252763273 0.0849100711443841 0.0315251231659206 0.364414285301899 0.0499119634715605 0.100026263441059 0.29591314502676
0.319120561401064 0.0803119338680929 0.161680480432997 0.476560642369131 0.0935394255290269 0.135766668142778 0.502474454659351 0.0516985349147725 0.217674780008549 0.420566342793579
0.246136613135086 0.0711462351593501 0.106665528907945 0.385607697362227 0.0785591697399583 0.0921433966798382 0.400129829590334 0.0460793017010302 0.15572327738744 0.336549948882732
0.2713331229863 0.0791402805172683 0.116193684923524 0.426472561049075 0.0888937097608351 0.0970853636470052 0.445580882325594 0.0502170457493923 0.172802418502949 0.369863827469651
0.202798875356686 0.0807955661110784 0.0443934799246798 0.361204270788692 0.0865168078919487 0.0331891464563461 0.372408604257026 0.0538198678541222 0.0971479018135298 0.308449848899842
0.302073437417293 0.0780707637924561 0.149014957013272 0.455131917821314 0.0891874829778359 0.127240615924067 0.476906258910519 0.051370984897674 0.201238469268441 0.402908405566145
0.264857009481052 0.0902050147761429 0.0880123696988841 0.441701649263221 0.0993773850411355 0.0700464699081788 0.459667549053926 0.0579359125476648 0.151130642616904 0.3785833763452
0.254189358900842 0.0726858437323304 0.111705512891959 0.396673204909726 0.080110367704886 0.0971593347036042 0.41121938309808 0.0457679400325693 0.164396807289652 0.343981910512032
0.164483360890647 0.082336313847243 0.00306827122402653 0.325898450557268 0.0857036890695921 -0.00352725655229533 0.33249397833359 0.0519970629030552 0.062416426797086 0.266550294984209
0.312193952652769 0.084257292294224 0.147018851911176 0.477369053394362 0.0972753269759414 0.121515824577113 0.502872080728426 0.0545818883182647 0.205090808894619 0.41929709641092
0.249625249884261 0.0846195921315967 0.0837291070239259 0.415521392744596 0.09322470055306 0.0668747006541524 0.43237579911437 0.0548647613636045 0.141927761901615 0.357322737866907
0.319786121840387 0.0811723986593387 0.160662660581428 0.478909583099346 0.0932925187884554 0.136917384544782 0.502654859135992 0.0509844893497022 0.219743300984616 0.419828942696158
0.195064920139136 0.070288087670276 0.0572778550557093 0.332851985222562 0.0753907384073788 0.0472815741649083 0.342848266113363 0.0460903269242444 0.104641000239476 0.285488840038795
0.235596289077367 0.0814439357622278 0.0759432467821509 0.395249331372584 0.0890342682367168 0.0610725358016109 0.410120042353124 0.0518249689062233 0.133920763134672 0.337271815020063
0.290624621880917 0.0720664753616248 0.149355086181085 0.431894157580749 0.0829834542593329 0.127965736812198 0.453283506949636 0.0470816154351375 0.198267974984937 0.382981268776897
0.222028648557855 0.0776573916086909 0.0697661079589299 0.374291189156781 0.0833225895796452 0.0586733534407197 0.385383943674991 0.0521728357630507 0.119584024555605 0.324473272560105
0.260614812319759 0.0808656032593961 0.102092221883185 0.419137402756332 0.0899006010268729 0.0843918255158418 0.436837799123676 0.0504356393951044 0.16164345341758 0.359586171221938
0.233961456879014 0.0796723087784874 0.0777752544131732 0.390147659344855 0.0873879182831359 0.0626605305491306 0.405262383208897 0.0516895082547591 0.132536986339238 0.33538592741879
0.332006282913724 0.0823132318912421 0.170637436388322 0.493375129439125 0.0960205177683337 0.143785667908967 0.52022689791848 0.0528411638561773 0.228296169776347 0.4357163960511
0.174244258651374 0.0758205992422319 0.025596352256623 0.322892165046125 0.0798391946049963 0.0177261178288071 0.33076239947394 0.0511523008067261 0.0738498110874907 0.274638706215257
0.252538331333734 0.0841265654319017 0.0875862397145777 0.41749042295289 0.0925379399729178 0.0711169279870357 0.433959734680432 0.0565491784080362 0.141482863823701 0.363593798843767
0.245803173502269 0.0817559670537455 0.0855328385211347 0.406073508483402 0.0895225744287238 0.070318096966934 0.421288250037603 0.051496375949973 0.144745615002506 0.346860732002031
0.159754774283876 0.0800434546715784 0.00282253061739943 0.316687017950353 0.0838627978401887 -0.00465672294174216 0.324166271509495 0.0545534861986405 0.0526739320428058 0.266835616524947
0.313312845200616 0.08024843277884 0.155989758958982 0.470635931442249 0.0927552248848652 0.131490660877301 0.49513502952393 0.0522886592716654 0.210687647159334 0.415938043241897
0.184424658951481 0.0762502575821739 0.034909518361675 0.333939799541287 0.081108821768926 0.0253983110019668 0.343451006900996 0.0532438704668131 0.0798704032025293 0.288978914700433
0.336026347615301 0.090839412983084 0.157942490431576 0.514110204799027 0.106072246930693 0.128102262930705 0.543950432299897 0.0581395758963569 0.221914951767045 0.450137743463558
0.285374353978151 0.0906218991979759 0.107697485846762 0.463051222109539 0.101538851125247 0.0863183548778015 0.4844303530785 0.0606183187526853 0.166359849170977 0.404388858785324
0.218770281612922 0.0815892682063578 0.0588265525035493 0.378714010722295 0.0876494032494971 0.046955038819474 0.39058552440637 0.0515167247202299 0.11767329357959 0.319867269646255
0.25871119741022 0.0777944258465729 0.106211481327077 0.411210913493362 0.0861891810665789 0.0897647983165835 0.427657596503856 0.0483764245019093 0.163789241447357 0.353633153373083
0.29748543883304 0.0850405986507834 0.130761271655958 0.464209606010122 0.0950525053305092 0.111151827157798 0.483819050508281 0.05427754850074 0.190919848379559 0.404051029286521
0.290013225028779 0.086361606230216 0.120717502936631 0.459308947120926 0.0970641943998482 0.0997497115415616 0.480276738515995 0.0537859627918736 0.184470016330395 0.395556433727162
0.221664960180523 0.0773176984197546 0.0700917210516205 0.373238199309426 0.0834451320952315 0.0580889906098948 0.385240929751152 0.0502475296695081 0.123060042436445 0.320269877924602
0.253039367874679 0.0797670229748518 0.0966756642790153 0.409403071470342 0.0877806650648104 0.0809750095474785 0.425103726201879 0.0491959815431905 0.156517987970828 0.349560747778529
0.212750376002652 0.0753960694280288 0.0649478654596401 0.360552886545664 0.0814957097115804 0.0529988131752145 0.37250193883009 0.0486771009587014 0.117237410258525 0.30826334174678
0.333285600370168 0.0803535286561475 0.175763453543072 0.490807747197265 0.0929969707928231 0.150994166071798 0.515577034668539 0.0508461210888951 0.233502112648011 0.433069088092325
0.251355305413852 0.0862484577931902 0.082266291046985 0.420444319780719 0.094998741260837 0.0651274141020697 0.437583196725634 0.0546992192357864 0.143969592780461 0.358741018047243
0.370630759977081 0.0897666659345407 0.194607232748365 0.546654287205796 0.106210935258079 0.16241039372425 0.578851126229912 0.0616716169526614 0.24949685240571 0.491764667548451
0.234672412607557 0.0723573375886443 0.0928283599971493 0.376516465217965 0.079285359172287 0.079255992247828 0.390088832967287 0.0467939196546905 0.14286077938894 0.326484045826175
0.248493309899441 0.0778629267696842 0.0958575948838666 0.401129024915015 0.0856920577551 0.0805195718362334 0.416467047962648 0.0495595240407396 0.151252917946711 0.34573370185217
0.235457101740599 0.0790769138163389 0.0804387983740038 0.390475405107193 0.0860813737802938 0.0667171439804655 0.404197059500732 0.0499335983660918 0.137468184951926 0.333446018529271
0.174604617369538 0.0790875138732815 0.0195715406131906 0.329637694125886 0.083046761295745 0.0118148846285828 0.337394350110494 0.0481079582448821 0.080206246829737 0.26900298790934
0.227204752282816 0.0815977738010678 0.06724100240723 0.387168502158403 0.0878196698720001 0.0550532465195071 0.399356258046126 0.0518797980279389 0.1253856853622 0.329023819203432
0.229437339832868 0.0961198345629283 0.0409144625709664 0.41796021709477 0.103509992662011 0.0264562325790571 0.432418447086679 0.0683176220878648 0.0951703886449836 0.363704291020753
0.297426431625257 0.0819937781199753 0.13669132819752 0.458161535052994 0.0941228359667663 0.11292906584154 0.481923797408974 0.0524402509250121 0.194529685863619 0.400323177386895
0.131257158842772 0.0843237563881551 -0.0340796068088883 0.296593924494432 0.0866934522847962 -0.0387189180218661 0.30123323570741 0.0570244236179654 0.0192800814517951 0.243234236233749
0.278325238508052 0.0840196793256259 0.113610103945917 0.443040373070186 0.0941618071732779 0.0937433650515342 0.462907111964569 0.0539317919536085 0.172471008546907 0.384179468469196
0.269158572655237 0.0733807762397391 0.12529793287169 0.413019212438785 0.0819861178205529 0.108442235301229 0.429874910009246 0.048385478618197 0.174195709196523 0.364121436113952
0.200391869184065 0.0856279326974659 0.0325216842030158 0.368262054165114 0.0906225648919006 0.0227390369924959 0.378044701375634 0.0538905422713121 0.0945975456862809 0.306186192681849
0.294437051065694 0.089198283390263 0.119564080371773 0.469310021759614 0.0995099350269039 0.0993669203079257 0.489507181823461 0.0563784953353937 0.183748661528203 0.405125440603184
0.271036289123468 0.082979649531227 0.108365857758447 0.433706720488489 0.0924547034934678 0.089804321520073 0.452268256726863 0.0525223969490461 0.167962799031207 0.374109779215729
0.222308680065889 0.0809143164729463 0.0636857975971382 0.380931562534641 0.0874703355277199 0.0508432692589537 0.393774090872825 0.0518213640440602 0.12061211561887 0.324005244512909
0.19706773652655 0.0746287136724645 0.050748996007177 0.343386477045924 0.0796207516654582 0.0409734615578028 0.353162011495298 0.0506374781682547 0.0976625763237227 0.296472896729378
0.291240891490358 0.102499355948842 0.0901751220960718 0.492306660884644 0.113335793654976 0.0689805667484696 0.513501216232246 0.075195169944649 0.143427779038856 0.43905400394186
0.301051826804805 0.0873673737095484 0.129785207990162 0.472318445619447 0.0986166901177876 0.107746006700844 0.494357646908765 0.0532884253193801 0.196477346548692 0.405626307060918
0.252471233733019 0.0746320906419425 0.10617284779885 0.398769619667189 0.0823840895622533 0.0909848993984325 0.413957568067606 0.0470538036842176 0.160158915871842 0.344783551594197
0.286406009678108 0.0869146616092984 0.116007320184404 0.456804699171812 0.0974148967394501 0.0954414635796917 0.477370555776524 0.0562595142252837 0.175958170488551 0.396853848867665
0.195601413670375 0.0860347747763111 0.026924561384291 0.36427826595646 0.0911248374273644 0.0169564279057426 0.374246399435008 0.0553028831802781 0.0870144639120213 0.30418836342873
0.216611190658128 0.0782266544597693 0.0632542783451497 0.369968102971107 0.0845465978393831 0.0508747966484591 0.382347584667798 0.0513752168035926 0.115792214094459 0.317430167221798
0.27802666193643 0.0779561769072603 0.125207737721538 0.430845586151323 0.0881050873056814 0.105324729217046 0.450728594655815 0.0505822244431594 0.17878611455064 0.37726720932222
0.200757889493019 0.0707255306447559 0.0621149943908907 0.339400784595147 0.0762350549488889 0.0513212419889438 0.350194536997094 0.0469959789928893 0.108567645069798 0.29294813391624
0.279518045947575 0.0883341808062367 0.106316712071716 0.452719379823434 0.098499496659506 0.0864124452181049 0.472623646677045 0.0594977595076189 0.162676723631758 0.396359368263392
0.159177365690771 0.0825269220821031 -0.00262059318843419 0.320975324569977 0.0863025666535346 -0.0100146697175574 0.3283694010991 0.0553133536760212 0.0506050368217905 0.267749694559752
0.218121734024172 0.0831876631428469 0.0550291093719673 0.381214358676377 0.0890733700265543 0.043502201845411 0.392741266202933 0.0533217039451541 0.113431346650483 0.322812121397862
0.222268552915518 0.0823629020155896 0.0607939458367328 0.383743159994303 0.0890372780000282 0.0477220601783556 0.39681504565268 0.0533518218579542 0.117530387716599 0.327006718114437
0.241378002315283 0.083146133474959 0.0783801054821574 0.404375899148408 0.0909259381631839 0.0631400825879392 0.419615922042627 0.0522600831725752 0.138811144561839 0.343944860068727
0.267883334264982 0.0876200012160761 0.0961104976116537 0.439656170918311 0.0981764232906945 0.0754320867471689 0.460334581782796 0.0566745286046568 0.156652403574079 0.379114264955886
0.237643830926175 0.0777708493979615 0.085190949564272 0.390096712288079 0.0852459121249533 0.0705460696213993 0.404741592230952 0.0493539694932829 0.140814642763562 0.334473019088789
0.263008059076965 0.0822198527781162 0.101798750551166 0.424217367602765 0.0908434443594233 0.0849126948250053 0.441103423328926 0.0541150406227918 0.156728975953246 0.369287142200685
0.279991785477858 0.0772239772256123 0.12859999037959 0.431383580576125 0.0873302548385278 0.108803030877867 0.451180540077849 0.0499357370969135 0.181987800367197 0.377995770588518
0.187721783037228 0.0808972314817855 0.0291392574666977 0.346304308607759 0.0856365269173489 0.0198546279342797 0.355588938140177 0.0503052356718681 0.0890135007818411 0.286430065292616
0.217187490459275 0.0696698411835006 0.0805940954944343 0.353780885424116 0.0756237428447516 0.0689340465723463 0.365440934346204 0.0476620816159 0.123637027974262 0.310737952944288
0.197267247615594 0.0875961836629306 0.0255287648648128 0.369005730366375 0.0928669060713961 0.0152068821709624 0.379327613060225 0.0567340522488942 0.0858747627290797 0.308659732502108
0.292507503977801 0.0748454237856162 0.145793731913196 0.439221276042407 0.0855984169388024 0.124724696773262 0.460290311182341 0.0467420235116124 0.200814963293465 0.384200044662138
0.257036065864194 0.07524191020412 0.109535768750722 0.404536362977665 0.0841118773650269 0.0921591561112227 0.421912975617164 0.0493310268134742 0.160246528797918 0.353825602930469
0.227832364569 0.0773780975452081 0.0761365123609379 0.379528216777063 0.0839172471467843 0.0633281323483909 0.39233659678961 0.0499144058584958 0.129861807597181 0.325802921540819
0.300763835625001 0.0811614708827837 0.141659752509666 0.459867918740337 0.0933628542107807 0.117755953477625 0.483771717772378 0.0516022031338187 0.19950649966527 0.402021171584732
0.205177017806648 0.0824316535394506 0.0435663530257524 0.366787682587543 0.0877685950012918 0.0331143071815204 0.377239728431775 0.0541316118646017 0.0989127330834151 0.31144130252988
0.21245731782551 0.0798962953759306 0.0558041037073755 0.369110531943644 0.0850438378362288 0.0457252482632821 0.379189387387737 0.0535138806597778 0.107374222224685 0.317540413426334
0.212867300919748 0.0791545844500775 0.0577084377024414 0.368026164137054 0.0849031490194051 0.0464450110336344 0.379289590805861 0.0481711209599081 0.118370482507965 0.307364119331531
0.240743712985252 0.0777026135608638 0.0884005974749003 0.393086828495605 0.0850540806080644 0.0740035799257182 0.407483846044787 0.0529255712908971 0.136856919687494 0.344630506283011
0.283684309114674 0.0798161954141936 0.127206420839147 0.440162197390201 0.0901542295469797 0.106956804111681 0.460411814117667 0.0533503946386389 0.178981956816585 0.388386661412763
0.223137001409472 0.077191275423758 0.0718029380815354 0.374471064737408 0.0838146157483226 0.0588306106192822 0.387443392199661 0.0515057660171764 0.122046209721855 0.324227793097088
0.249707463051823 0.0852602011319877 0.0825499835665281 0.416864942537119 0.0930672464121294 0.0672601448041168 0.43215478129953 0.0556431699574445 0.140466733513492 0.358948192590155
0.230580440871211 0.0802903918624371 0.0731921317592424 0.387968749983179 0.0886456822972492 0.0568217254827665 0.404339156259655 0.0510091190899984 0.130518419456042 0.330642462286379
0.247351107223608 0.0760958345809787 0.0981738117388526 0.396528402708363 0.0839662112818199 0.0827563909837392 0.411945823463477 0.0484563942808172 0.152253478333692 0.342448736113524
0.19518919851491 0.0768242904623559 0.0445871614204695 0.345791235609351 0.0817717913682925 0.0348952238562526 0.355483173173568 0.0492999536511562 0.0984524879200056 0.291925909109815
0.288084856798101 0.0880257097724281 0.115523883123237 0.460645830472965 0.0987358449891251 0.0945422409299656 0.481627472666237 0.0545512296614184 0.181024437714676 0.395145275881526
0.20859685818358 0.0779313355843818 0.0558193767497687 0.36137433961739 0.0830260503759997 0.0458399540933946 0.371353762273765 0.0490749082150579 0.112271995773983 0.304921720593177
0.225624504194714 0.0914253179675808 0.046245964718682 0.405003043670745 0.0972602048704671 0.034841713787861 0.416407294601566 0.0694063328722192 0.0891595251031678 0.362089483286259
0.26792031181966 0.0856659432724983 0.0999737682661846 0.435866855373135 0.095339696746704 0.08102574762254 0.45481487601678 0.0559361317524917 0.158127904432179 0.377712719207141
0.201631207724457 0.0731527490760302 0.0581844683510638 0.345077947097851 0.0784016995179548 0.0479098575887412 0.355352557860173 0.0533136061150269 0.0969574433756562 0.306304972073258
0.292759129987478 0.0853459435886206 0.125444079956613 0.460074180018343 0.0949913417378575 0.106550459192768 0.478967800782188 0.0531878626152608 0.188347046635812 0.397171213339145
0.274289822409285 0.080299758810459 0.116860544094904 0.431719100723666 0.0896439402343758 0.0985588439391993 0.450020800879371 0.0529283023647056 0.17039617376112 0.378183471057451
0.308914265839648 0.0789374517031017 0.154177818609143 0.463650713070153 0.0903823016251512 0.13175363115275 0.486074900526546 0.0480326910346195 0.214674699788921 0.403153831890375
0.240080806261141 0.0749994218590141 0.0930349873252362 0.387126625197046 0.0822542630486669 0.0788277772816307 0.401333835240651 0.0509131571992291 0.140133936374106 0.340027676148176
0.171144199213941 0.0850278919999168 0.00442313925333679 0.337865259174546 0.0888632724818594 -0.00308545388814707 0.345373852316029 0.0577521671839056 0.057730040906037 0.284558357521845
0.268226711371516 0.0810106153357076 0.109421409552547 0.427032013190486 0.0908467656844712 0.0901508853442872 0.446302537398746 0.0514178309827928 0.167342307521919 0.369111115221114
0.23239782009642 0.0884530914505876 0.0589758508330983 0.405819789359742 0.0962397487013797 0.0437270547819363 0.421068585410904 0.0583663775443153 0.117802821151941 0.3469928190409
0.268359947716862 0.0889545004618176 0.0939550325226312 0.442764862911093 0.0978285923406461 0.0765763574159185 0.460143538017805 0.0585213978517242 0.153458600231521 0.383261295202203
0.249937716026027 0.0758267624557313 0.101295417301162 0.398580014750892 0.0839765970374684 0.0853285191057072 0.414546912946348 0.0479069408295666 0.155944306398906 0.343931125653149
0.298895825459845 0.0826971498976812 0.136783934422464 0.461007716497227 0.093577906841301 0.115466860613558 0.482324790306133 0.0518529621998832 0.197150347985939 0.400641302933752
0.184360206369521 0.078095618112327 0.0312516346565277 0.337468778082515 0.0831398644086974 0.021372623824767 0.347347788914275 0.0523660224683315 0.0815786724415797 0.287141740297463
0.222161578645084 0.0798710708768452 0.0655433131644904 0.378779844125678 0.0860752958732532 0.0533981070453265 0.390925050244842 0.0547450036597064 0.114633645526849 0.32968951176332
0.19290942072979 0.0791653552222734 0.0377039284117141 0.348114913047866 0.0837091857008302 0.0288050077569891 0.357013833702591 0.05186430200721 0.0910997041494831 0.294719137310097
0.198962497633057 0.0779550951345682 0.0461320467047215 0.351792948561393 0.0826069322114552 0.0370212026576197 0.360903792608494 0.0498942285347492 0.1010139869119 0.296911008354214
0.267082968803136 0.0834558175909524 0.103466134702536 0.430699802903736 0.0928991184803164 0.0849703788309724 0.449195558775299 0.0550842236168724 0.158958188257942 0.37520774934833
0.198828157884618 0.0797749988751998 0.042429078196619 0.355227237572617 0.0855554797149807 0.0311076778788976 0.366548637890339 0.0529137685216017 0.0949717113751914 0.302684604394045
0.235223373399441 0.0815784992465576 0.0752855845575479 0.395161162241335 0.0885240774027651 0.0616826933982808 0.408764053400602 0.0536551692068288 0.129896237848825 0.340550508950058
0.29229326072802 0.0769245535577451 0.141500692860258 0.443085828595781 0.0882138470579903 0.119381905555072 0.465204615900968 0.0490622086847216 0.196043557412537 0.388542964043503
0.211877445516895 0.0776897572543415 0.0595444470507185 0.364210443983071 0.0831312912095686 0.048890981165935 0.374863909867854 0.0537029365181847 0.106427975206288 0.317326915827502
0.302619285245999 0.0787071865021583 0.148310196457412 0.456928374034587 0.0898099872464767 0.126564095716009 0.47867447477599 0.0522261034451455 0.200100919141787 0.405137651350212
0.287502682170457 0.0746314783465113 0.141192654301758 0.433812710039156 0.0840839329410313 0.12267671794332 0.452328646397595 0.0484151636997223 0.192482297439991 0.382523066900923
0.183855132003452 0.0796236258106804 0.0277505274612382 0.339959736545666 0.0846797216392197 0.0178483809320466 0.349861883074857 0.0542988084636364 0.0772888586825847 0.290421405324319
0.169735491098493 0.0711303375749483 0.0302842480373309 0.309186734159655 0.0754688871514226 0.0217870888939342 0.317683893303052 0.0500121871223399 0.0716030005999133 0.267867981597073
0.238616456541899 0.0981683809539935 0.0460793980790394 0.431153515004759 0.105249979694698 0.0322243584073349 0.445008554676464 0.0688385384347742 0.103315942837185 0.373916970246613
0.301444856332813 0.0900385641644963 0.124949287791685 0.477940424873942 0.102811659748318 0.0999221068609384 0.502967605804688 0.0548462742722337 0.193845293990043 0.409044418675583
0.342419992671545 0.0935947729000063 0.158931167901048 0.525908817442041 0.107653215234978 0.131393052059778 0.553446933283312 0.0588575256795947 0.226874366639561 0.457965618703529
0.293123852728879 0.0783218379737472 0.139588016481898 0.44665968897586 0.0892380104685965 0.118201735537299 0.468045969920459 0.0481217135905983 0.198686803889994 0.387560901567764
0.274551903295012 0.0845399035408374 0.108808440979259 0.440295365610764 0.0937334175189867 0.09080235073785 0.458301455852173 0.0549666683922705 0.166643270214165 0.382460536375858
0.251703814508686 0.0899189739160772 0.075401917615356 0.428005711402016 0.0986485740706424 0.0583077393539921 0.445099889663379 0.0603250661304671 0.133256783637024 0.370150845380347
0.260146137861972 0.0758441278466699 0.111458387370858 0.408833888353086 0.0846637472729035 0.0941823700385392 0.426109905685405 0.0495053539273922 0.162987865867455 0.357304409856489
0.215747605657168 0.0862381947130655 0.0466823600950825 0.384812851219253 0.0925762268801203 0.0342679987549222 0.397227212559414 0.0551255782135329 0.107544418546898 0.323950792767438
0.17915252624644 0.0752640864472427 0.0316117480724719 0.326693304420408 0.0792806279557122 0.0237432095171963 0.334561842975683 0.047465295570779 0.0860189831724498 0.27228606932043
0.215474442491476 0.0823899462844704 0.0539409588713088 0.377007926111644 0.0884934912493391 0.0419882985665204 0.388960586416432 0.0547166745637043 0.108053435368724 0.322895449614228
0.21627511810573 0.0697163903136887 0.0796003549770763 0.352949881234383 0.075700985145277 0.0678780230806084 0.364672213130851 0.0471027727545101 0.123847800574987 0.308702435636473
0.229308854748245 0.0807658875497917 0.0709735192189364 0.387644190277553 0.087725287520557 0.057341496520652 0.401276212975838 0.0515756352094602 0.128079814070215 0.330537895426275
0.268322484063375 0.074537518815721 0.12218828536278 0.414456682763971 0.0828937262786471 0.105822254573798 0.430822713552953 0.0499864292967787 0.170206996306231 0.36643797182052
0.292071951044647 0.0760550880070742 0.14298830349084 0.441155598598454 0.0867169619039943 0.122097406495019 0.462046495594276 0.047858676922144 0.198196717670918 0.385947184418376
0.266308921593373 0.0809551600420165 0.107602033337122 0.425015809849625 0.0895626904956463 0.0907414416931037 0.441876401493643 0.051367482351676 0.165482792214654 0.367135050972093
0.206747853445865 0.0847765075783666 0.0405285209298933 0.372967185961836 0.090241854613117 0.0298269696902135 0.383668737201516 0.0565490557875975 0.095709830566332 0.317785876325397
0.258784415397992 0.0982700530588273 0.0660258130125389 0.451543017783445 0.106946667081099 0.0490542514750311 0.468514579320952 0.071403978243102 0.118435977915447 0.399132852880537
0.227633834568783 0.10068477511708 0.0300724629396543 0.425195206197912 0.106711825399092 0.0182953697090998 0.436972299428467 0.0759116372860709 0.078328604770303 0.376939064367264
0.267691141130337 0.0829266543306633 0.105130488196162 0.430251794064512 0.0927726057418604 0.0858406091469022 0.449541673113773 0.0516662002285678 0.166313859934711 0.369068422325964
0.21671824119244 0.0729512071240872 0.0736930206905573 0.359743461694323 0.078682017512531 0.0624696672478192 0.370966815137061 0.049509040726872 0.119543041769505 0.313893440615375
0.220825587234081 0.0730091961779131 0.0776830351126269 0.363968139355535 0.0794834298780446 0.0650043838836523 0.376646790584509 0.0494745919355737 0.123705443086811 0.31794573138135
0.300672532232988 0.0830980256999152 0.137771061942374 0.463574002523601 0.0945977277065138 0.115242478077749 0.486102586388227 0.0529753807446477 0.196717777152009 0.404627287313967
0.26433061414182 0.0889264987748111 0.0899712684589851 0.438689959824655 0.0977437310769962 0.0727062658259381 0.455954962457702 0.0588008516177944 0.148852293453179 0.379808934830461
0.163526443008277 0.0782785742254137 0.0100648231842205 0.316988062832334 0.0817373482175306 0.00329042753438549 0.323762458482169 0.0516095513347261 0.0622393329436181 0.264813553072936
0.248967191603228 0.0818758781093139 0.0884574207487714 0.409476962457684 0.0903062326333852 0.0719434012677181 0.425990981938737 0.0518043545583313 0.14729023841674 0.350644144789715
0.235517276956864 0.0789685986095652 0.0806957950161061 0.390338758897622 0.0864571275450013 0.0660294683406821 0.405005085573046 0.0522078818520094 0.133032764212995 0.338001789700734
0.200524398447526 0.0842418626623046 0.0353614857080954 0.365687311186957 0.0893384827651444 0.0253806813678608 0.375668115527192 0.0551021482136116 0.0923404730401352 0.308708323854917
0.218218117116028 0.0789241547395094 0.0634769824982218 0.372959251733833 0.0846882441544078 0.0521896106187391 0.384246623613316 0.052923578051694 0.114315018673428 0.322121215558628
0.280067559022968 0.0807034185809436 0.121863464088783 0.438271653957152 0.0914397906807227 0.100829406998972 0.459305711046963 0.0515570802002739 0.17890889706822 0.381226220977715
0.212768747852628 0.0828126977295798 0.0504135074323097 0.375123988272946 0.0891967043266721 0.037910141170859 0.387627354534397 0.0543299718450362 0.106123215891619 0.319414279813637
0.249234542462041 0.0878263713270732 0.0770359715990685 0.421433113325014 0.0971170373179378 0.0588427639533759 0.439626320970707 0.0598284054541054 0.131776492770861 0.366692592153222
0.300059719789547 0.080562302092557 0.142132755860153 0.457986683718941 0.0912920023319456 0.121111611734091 0.479007827845002 0.050107923292749 0.201734538477591 0.398384901101503
0.241123447486841 0.0802705110493716 0.0837716866615625 0.398475208312119 0.0883167646314356 0.0680074126903383 0.414239482283343 0.0515293624946345 0.140035259686651 0.342211635287031
0.226676272378125 0.0800080600555764 0.0698282418946344 0.383524302861616 0.0863076065248218 0.0574885006725679 0.395864044083683 0.0501906123835929 0.128162070045239 0.325190474711012
0.202847563203575 0.0778197848908358 0.0502923872845998 0.355402739122551 0.083630678653973 0.0389093082726771 0.366785818134474 0.0519612969632889 0.100900401081781 0.304794725325369
0.190648927269574 0.080650367266196 0.0324997425161866 0.348798112022962 0.0857744061319089 0.0224698716475132 0.358827982891636 0.0576593205920673 0.0774267180734461 0.303871136465703
0.220058959328222 0.0779590670530566 0.0672275637209702 0.372890354935474 0.0849694124040358 0.0534953795838097 0.386622539072635 0.051713745735901 0.118583809030473 0.321534109625971
0.233706749326428 0.0745274252183891 0.0875982087942769 0.37981528985858 0.0816240145954031 0.0736980998096367 0.39371539884322 0.0489668527239524 0.137601224720333 0.329812273932524
0.245453428953681 0.0805992122170517 0.0874451279544815 0.40346172995288 0.0887027680083143 0.0715716318395175 0.419335226067844 0.0529727188547801 0.141499238932498 0.349407618974864
0.255522932331508 0.0791618216086848 0.1003265109442 0.410719353718815 0.0871572456257389 0.084666326881542 0.426379537781473 0.0522233180194884 0.153020300615306 0.358025564047709
0.162108064392227 0.0746874165691339 0.0156936367893833 0.308522491995071 0.0782552726199425 0.00870465879369528 0.315511469990759 0.0478144611009992 0.0682798280046266 0.255936300779827
0.173376759219492 0.0802650409517059 0.0160253897564276 0.330728128682556 0.0847655742301682 0.0072097587650907 0.339543759673892 0.0521058601529047 0.0711238916593169 0.275629626779666
0.194099276193222 0.0868721682610763 0.0238064134316481 0.364392138954795 0.0914216586089629 0.0148933453807198 0.373305207005724 0.0527653879114961 0.0905624541325047 0.297636098253939
0.186193089232234 0.0714214644182551 0.0461766730809479 0.326209505383521 0.075745695617522 0.0377066590534567 0.334679519411012 0.0462025266202227 0.0955160710446696 0.276870107419799
0.231460074468377 0.0840627212003863 0.0666491903007845 0.39627095863597 0.0912924568695504 0.0524903497191891 0.410429799217566 0.0550621498716066 0.123358599951731 0.339561548985024
0.281468918521376 0.0850396807589822 0.114762831647028 0.448175005395725 0.0954354095687397 0.094396755888041 0.468541081154712 0.0527930160752279 0.177865232626312 0.38507260441644
0.237288191152858 0.0815691525043699 0.0773810192020274 0.397195363103689 0.0882732414522131 0.064248541467211 0.410327840838505 0.0516137852209461 0.135990423782287 0.338585958523429
0.286336275750347 0.0849378880981942 0.119824832379523 0.452847719121172 0.0958214435193153 0.0985044574589229 0.474168094041772 0.0534090370757116 0.181510547672926 0.391162003827768
0.21651830709098 0.0829848528652568 0.0537675261192026 0.379269088062757 0.0885696500273207 0.0428398996956575 0.390196714486302 0.0590182997497552 0.100556433533564 0.332480180648395
0.338735941825561 0.0830781599602056 0.175810004025004 0.501661879626119 0.0960380292251545 0.150442905386992 0.52702897826413 0.0587171266591336 0.223380845453699 0.454091038197423
0.355447345310675 0.0818953527578067 0.194898153040965 0.515996537580384 0.0972471864829987 0.164824117436548 0.546070573184801 0.0533954362656496 0.250659675244253 0.460235015377096
0.211608247630741 0.0766345760209395 0.0613780917038729 0.36183840355761 0.0826719182297423 0.0495510502036361 0.373665445057846 0.0498853732636795 0.113728951474232 0.30948754378725
0.25349559054171 0.0962810266806439 0.0647106103828928 0.442280570700527 0.10539611624532 0.0468638212840655 0.460127359799354 0.0646108386906876 0.126603363632706 0.380387817450714
0.244342617318002 0.081702710043804 0.0841717769401376 0.404513457695865 0.0900274369300605 0.0678648246775644 0.420820409958439 0.0535407355825059 0.139274974848206 0.349410259787797
0.250999523991995 0.0810781637816304 0.0920571514005766 0.409941896583413 0.0895969522252173 0.0753689453953422 0.426630102588647 0.0514543180780229 0.150025228665808 0.351973819318181
0.111825249712052 0.0834551363278198 -0.0517898552451898 0.275440354669294 0.0852869936969116 -0.0553773251239482 0.279027824548052 0.0544050556822533 0.00502689958456794 0.218623599839536
0.261973558086816 0.0733363318757654 0.118207625111314 0.405739491062319 0.082116651483132 0.101006964340477 0.422940151833155 0.047617870983096 0.168536880992663 0.355410235180969
0.254845971697284 0.0784268425912638 0.101089067279079 0.408602876115489 0.0872030781455096 0.0838997166601285 0.42579222673444 0.0523938528384744 0.152011133826997 0.357680809567571
0.219016817635897 0.082822203598168 0.0566441381722364 0.381389497099557 0.0893230690598483 0.0439116321585549 0.394122003113238 0.0546748736733133 0.111702418196614 0.326331217075179
0.199243653854532 0.0856507740331209 0.0313152905546256 0.367172017154439 0.0915004927077618 0.0198601121025021 0.378627195606563 0.0583377587246182 0.0847265266557224 0.313760781053343
0.264351848039045 0.0803060964951355 0.106931195949614 0.421772500128476 0.0900281015025191 0.0878832654691034 0.440820430608987 0.0511123280117533 0.164081942176534 0.364621753901557
0.258024497451555 0.0851982277202466 0.0909754010971106 0.425073593806 0.0933198802630404 0.075072471478157 0.440976523424954 0.0572591196025151 0.145588736939859 0.370460257963252
0.210362178806071 0.0797459782310214 0.0540315502583821 0.366692807353761 0.08509496166867 0.0435532904854321 0.377171067126711 0.0497953307588736 0.112636080052298 0.308088277559845
0.19039362154866 0.0873020402946294 0.019253568832784 0.361533674264536 0.0918746642184795 0.0102958217101672 0.370491421387153 0.0529670718574618 0.0864402132637498 0.29434702983357
0.243202003192383 0.0771576261018574 0.091940398818158 0.394463607566607 0.084842491530896 0.0768871246226414 0.409516881762124 0.0499949045462896 0.145083392373882 0.341320614010883
0.241478027390201 0.08278888543845 0.0791672009067017 0.4037888538737 0.0905656752717833 0.063936213662527 0.419019841117874 0.0553822877512515 0.132771574347993 0.350184480432408
0.267542392611281 0.0683567176012103 0.133540297002274 0.401544488220287 0.0771774229846912 0.116259782205333 0.418825003017228 0.0450067308004385 0.17924179026775 0.355842994954811
0.287483214896479 0.0788436421390491 0.132931699032084 0.442034730760874 0.0900429659702071 0.110988269842552 0.463978159950405 0.0503251862703294 0.188767559414725 0.386198870378233
0.271629682688869 0.0830707303855956 0.108766013098164 0.434493352279574 0.0926837527563433 0.0899382873266278 0.45332107805111 0.0546673424402805 0.16431492069673 0.378944444681008
0.257418993045437 0.0733235555626744 0.113678615384276 0.401159370706598 0.0813270557118377 0.0979997514096752 0.416838234681199 0.0481242456372652 0.162995074694518 0.351842911396356
0.209981560837574 0.0698062576296818 0.0731302361500946 0.346832885525053 0.0756599833779927 0.0616643516028356 0.358298770072312 0.0474982040568115 0.116780122979876 0.303182998695272
0.306949783880237 0.076939622617483 0.156120091906147 0.457779475854327 0.088446248630315 0.133578046903951 0.480321520856522 0.0497189457269009 0.209388183178751 0.404511384581723
0.184370747463961 0.0818690457099598 0.0238749479622872 0.344866546965634 0.0859328437597944 0.0159148422919687 0.352826652635953 0.0505993839571383 0.085047565180755 0.283693929747166
0.23946903069331 0.0792188689128016 0.0841552642588223 0.394782797127798 0.0867670017711715 0.0693725810288721 0.409565480357748 0.0521119928850299 0.137163837356996 0.341774224029624
0.277624876536085 0.0819915599845386 0.116891842757567 0.438357910314604 0.0917541018949488 0.0977669315191954 0.457482821552975 0.0510262765296905 0.177480101926509 0.377769651145662
0.273196940211598 0.0881044884852103 0.100474692891963 0.445919187531233 0.0981613102333785 0.0807749370736965 0.465618943349499 0.0572762751035937 0.160789489477213 0.385604390945983
0.313764425324083 0.08156765644354 0.153843735892482 0.473685114755683 0.0936633797071045 0.130153882077296 0.49737496857087 0.0552063616704603 0.205397187536143 0.422131663112023
0.252625872335084 0.0814814322881876 0.0928757502107982 0.41237599445937 0.0894829084259581 0.0772052630673784 0.42804648160279 0.0546843520030426 0.145282729375639 0.359969015294529
0.251415751465147 0.0784922689216242 0.0975176856417999 0.405313817288494 0.0865084125681415 0.08182051862881 0.421010984301484 0.0532934933238224 0.14678312547238 0.356048377457914
0.178185330928811 0.0810484465446831 0.0192844986263971 0.337086163231224 0.0858567999212168 0.00986804953705375 0.346502612320567 0.0564997208259621 0.0673037332309958 0.289066928626625
0.156818502633974 0.0698256114133558 0.0199283892512997 0.293708616016648 0.0732390575517019 0.0132427521607619 0.300394253107186 0.0473012666597558 0.0639988665216272 0.24963813874632
0.208022172490869 0.0719705715484574 0.0669248776772329 0.349119467304504 0.0774491259496687 0.0561945318449574 0.35984981313678 0.0483981202068864 0.113039941470059 0.303004403511679
0.280391577179297 0.0831917631282868 0.117291816180276 0.443491338178317 0.093379944486224 0.0973370886092326 0.463446065749361 0.0545891887232656 0.173232527198341 0.387550627160252
0.273388803305687 0.091387944806536 0.094229047899098 0.452548558712277 0.101177353567956 0.0750533889464965 0.471724217664878 0.0582955802188249 0.158966959599967 0.387810647011408
0.271018402367378 0.0842835530080694 0.10578105038302 0.436255754351736 0.0934143087950196 0.0878969486544244 0.454139856080332 0.054716108987025 0.163613501127801 0.378423303606955
0.26478724376491 0.0781938077554755 0.111496711696778 0.418077775833042 0.0877937046670536 0.0926910884355014 0.436883399094318 0.051330222249696 0.164063373375808 0.365511114154011
0.262471521559042 0.0943203346825409 0.0775561874341835 0.4473868556839 0.103523881381406 0.0595299688582271 0.465413074259857 0.059289453418405 0.146061200445253 0.37888184267283
0.256253835023129 0.0886305051359312 0.0824477978674605 0.430059872178797 0.0966112776844617 0.0668270782322448 0.445680591814013 0.0617765607907455 0.134897592643974 0.377610077402283
0.16701543808841 0.0781234760133946 0.0138255222317506 0.320205353945069 0.0822561247763462 0.00573581673807619 0.328295059438743 0.0563381065962983 0.0564059830861935 0.277624893090626
0.237056734519893 0.0779029367970876 0.0843351273141045 0.389778341725681 0.0846023875221926 0.0712120452731904 0.402901423766596 0.0490346298950787 0.140811482816832 0.333301986222954
0.312829390929247 0.0880116103409415 0.140285492807199 0.485373289051295 0.0997651272290211 0.117262914722733 0.508395867135761 0.0564942534101766 0.201934939409555 0.423723842448938
0.258376877640369 0.0725157135560237 0.116216605003709 0.40053715027703 0.0814678998978799 0.0986801016630384 0.4180736536177 0.0484008687278888 0.163404914463982 0.353348840816756
0.295111159472188 0.0824333127644896 0.133491473946647 0.456730844997728 0.0933164413738016 0.112177515725557 0.478044803218818 0.054930662442032 0.18726846136437 0.402953857580005
0.202355176246629 0.0799601262743163 0.0456065473727003 0.359103805120559 0.0855595024042059 0.0346374235515201 0.370072928941739 0.050591925875498 0.103079607163695 0.301630745329564
0.255965145208968 0.0835397088240096 0.0922024739470464 0.419727816470889 0.0920654360489723 0.0754993997103737 0.436430890707562 0.0520933590349462 0.153749070078443 0.358181220339493
0.311625386647951 0.092066643001949 0.131130543099556 0.492120230196346 0.105166290275916 0.10547135332394 0.517779419971963 0.0590983618450445 0.195614763594973 0.42763600970093
0.275899186462929 0.0712905948775247 0.136150902889914 0.415647470035944 0.0807731845432074 0.117572020389541 0.434226352536317 0.0447697915060377 0.188065992966706 0.363732379959153
0.239856683965764 0.0780291374485789 0.0868842130368449 0.392829154894683 0.0848883282530145 0.0734489737688515 0.406264394162677 0.0495042062287711 0.142680551606973 0.337032816324555
0.216180396289052 0.078628703455951 0.0620274726702067 0.370333319907897 0.0847518624298713 0.0500350670373515 0.382325725540752 0.0523478125205564 0.113432999480599 0.318927793097504
0.262343294138184 0.0785229160826551 0.108404489648335 0.416282098628034 0.0865659902966248 0.0926496689042313 0.432036919372138 0.0509828464530503 0.162284457558584 0.362402130717785
0.225096113801274 0.0793586301461413 0.0694629006856441 0.380729326916904 0.0856306398892821 0.0571890058824719 0.393003221720076 0.0570717507338903 0.112986678189177 0.337205549413371
0.239340550184155 0.078871247664951 0.0846885444769312 0.393992555891379 0.0860159827312365 0.0707005208139512 0.407980579554359 0.053952186820271 0.133385942613124 0.345295157755187
0.202251775624969 0.0758169023312144 0.053621692514649 0.350881858735288 0.0814918164205282 0.0425052358115691 0.361998315438368 0.0502659909831422 0.103623423105485 0.300880128144453
0.222740575549083 0.0894816930702182 0.0473088936052156 0.398172257492951 0.0951485149326777 0.0362106738904294 0.409270477207738 0.0558715534380979 0.113025381489263 0.332455769608904
0.298701004793204 0.0907683749421389 0.120763877452969 0.47663813213344 0.10243433917543 0.0979094692725244 0.499492540313885 0.0564455624044709 0.187926612667401 0.409475396919008
0.243917096276108 0.0808466622013778 0.0854178862374345 0.402416306314782 0.0891422430972933 0.069169686029194 0.418664506523022 0.0528417727896492 0.140196146647346 0.34763804590487
0.225785755256828 0.0764372838503015 0.0759318520385235 0.375639658475133 0.0835470684574456 0.0620062017451785 0.389565308768478 0.0516544101922541 0.124416592293649 0.327154918220008
0.256411109786306 0.0899573977379185 0.080063478076076 0.432758741496537 0.0985109177508761 0.0633070869040488 0.449515132668564 0.0560955928931846 0.146323863410424 0.366498356162189
0.258620981757761 0.0749770676959721 0.111642374267178 0.405599589248345 0.0830950571312203 0.0957383762099182 0.421503587305605 0.0477945356399849 0.164843963568863 0.35239799994666
0.275996050114758 0.0762314318244467 0.126547567505611 0.425444532723906 0.0856705390931114 0.108058375253606 0.44393372497591 0.0495963552467113 0.178652212089336 0.37333988814018
0.201540920119303 0.0765699473181868 0.0514136862259698 0.351668154012636 0.0825824694559963 0.0396400956878837 0.363441744550722 0.0545171781708974 0.094542516620224 0.308539323618382
0.266896969142905 0.0842617751012625 0.101714223690016 0.432079714595794 0.0932666624679442 0.0840735570901977 0.449720381195613 0.0528969089754049 0.163088613862 0.370705324423811
0.255356050453038 0.0750449752026259 0.108236340464023 0.402475760442053 0.0831638504059186 0.0923327259952997 0.418379374910776 0.0494407440540074 0.158334038527407 0.352378062378669
0.200305824328001 0.0789467618167582 0.0455258313789526 0.355085817277049 0.0842843012758606 0.0350728572654669 0.365538791390535 0.0525003143549158 0.0972464643789804 0.303365184277021
0.197735364874967 0.0790899747177858 0.0426606129488343 0.352810116801099 0.0842084835955399 0.0326390281330083 0.362831701616925 0.0538783436891416 0.0919417337263559 0.303528996023578
0.20507061236265 0.0748607264784653 0.0583075964217715 0.351833628303528 0.080818786023979 0.0466379575292711 0.363503267196028 0.0507804319014758 0.105418723661899 0.3047225010634
0.191697560639577 0.0809875960158212 0.0329290966307383 0.350466024648416 0.0863573993952356 0.0224107296679354 0.360984391611219 0.0528430946190162 0.087998379996077 0.295396741283078
0.209980901860702 0.0795950524922961 0.0539497196506054 0.366012084070799 0.0859547835442129 0.0414905911300112 0.378471212591393 0.0506495890031125 0.110601756672108 0.309360047049296
0.293351448699429 0.0904418673878531 0.116056638072844 0.470646259326015 0.102308503507038 0.0928083559460284 0.49389454145283 0.0544019213503572 0.186578399303132 0.400124498095726
0.216396829039737 0.0727918495573063 0.0736973414323443 0.359096316647129 0.0791320795645282 0.0612773876441036 0.37151627043537 0.048165750116209 0.121889761346596 0.310903896732877
0.131305303137049 0.0932059847742796 -0.0514647415494819 0.31407534782358 0.0955167401758918 -0.0559873833057654 0.318597989579864 0.0615551869801167 0.0103474045861766 0.252263201687922
0.174953334792737 0.0844871212913773 0.00931990340602809 0.340586766179445 0.0884691009754051 0.00152075137528437 0.348385918210189 0.0543383818320866 0.068295070388863 0.28161159919661
0.221065188999858 0.0780466367849647 0.0680699334998809 0.374060444499834 0.0846311476886944 0.0551702809535003 0.386960097046215 0.0498004336337013 0.123355432792354 0.318774945207361
0.226509709646267 0.0785283398059408 0.0725614421644998 0.380457977128034 0.0847263164643662 0.0604208777121031 0.39259854158043 0.0499459102792716 0.128479193359278 0.324540225933256
0.198003090584342 0.0845742713670302 0.0321482284869321 0.363857952681752 0.089452044935217 0.0226022729825726 0.373403908186112 0.0584893801138576 0.0830863344680303 0.312919846700654
0.284714303219891 0.0819355636880064 0.124085732060224 0.445342874379558 0.0922903686505416 0.10380204390202 0.465626562537762 0.0526298882052233 0.181418761202504 0.388009845237278
0.194292011774793 0.0884429815876987 0.0208993925878843 0.367684630961701 0.0937750368979236 0.010456418801439 0.378127604748147 0.056877805731938 0.0826345100699569 0.305949513479629
0.248466908380008 0.0844284738601798 0.0829423511974251 0.413991465562591 0.0925877291521032 0.066962061376768 0.429971755383248 0.0550822344064032 0.140335399460959 0.356598417299058
0.197216408796975 0.0793828577096352 0.041575248334452 0.352857569259499 0.0845861192525848 0.0313863451755921 0.363046472418359 0.0537909731037601 0.0916154882814214 0.302817329312529
0.190304595626477 0.0728608675413951 0.0474681400184044 0.33314105123455 0.0775021407284816 0.038376787296454 0.342232403956501 0.0474154367172239 0.0972566213988436 0.283352569854111
0.267174715561902 0.0903066472235167 0.0901269027655077 0.444222528358295 0.100202319568909 0.070745153413059 0.463604277710744 0.0578404167783944 0.153618882153043 0.380730548970761
0.303620580553465 0.0808440542663703 0.145148472881798 0.462092688225132 0.0925087528023588 0.12229296011555 0.48494820099138 0.0482135268216911 0.209026255018853 0.398214906088077
0.260170756324328 0.0803854287833411 0.102589866255809 0.417751646392847 0.0893230653157733 0.0850801073450354 0.43526140530362 0.0507196007536391 0.160649215767935 0.359692296880721
0.192951166593423 0.0841269479763365 0.0280252591778526 0.357877074008994 0.0890823188077555 0.0183192420741681 0.367583091112678 0.0542928186994013 0.0863897713552367 0.29951256183161
0.31501071001556 0.0818417113437584 0.154551037529034 0.475470382502086 0.0943972635290275 0.12996102560381 0.500060394427311 0.0544718695363635 0.208068268632198 0.421953151398922
0.221959678945348 0.0754779802409799 0.0739886863818676 0.369930671508828 0.0815248223838047 0.0621447060648161 0.381774651825879 0.0496115776053524 0.124592803183771 0.319326554706925
0.316473579407342 0.0796597875021636 0.160316061037685 0.472631097776998 0.0917481176776525 0.136632768838932 0.496314389975752 0.0498640653906929 0.218630788731113 0.414316370083571
0.214952546432116 0.0845052274713793 0.0492872968951737 0.380617795969058 0.0915050984113258 0.0355758843929748 0.394329208471257 0.0565037911032826 0.104079761526363 0.325825331337868
0.261148753318792 0.0887974312831805 0.0870545365946845 0.435242970042899 0.0968932134148659 0.0711996387380605 0.451097867899523 0.056841985934062 0.149532610545569 0.372764896092015
0.233899847886918 0.0815506748111396 0.0740067528032198 0.393792942970617 0.0883945477805055 0.0606051910950981 0.407194504678739 0.0542926550213019 0.127295741747112 0.340503954026725
0.279087444773575 0.0760186524836456 0.130066745987787 0.428108143559362 0.0861130036147126 0.110290569927603 0.447884319619546 0.0485498177848805 0.183828279839421 0.374346609707729
0.25656125806762 0.0794699937401837 0.100772750212942 0.412349765922299 0.0878047792092095 0.0844446772841825 0.428677838851058 0.0494259652080281 0.159562553127008 0.353559963008233
0.257330653119084 0.0765974958942534 0.107177863022861 0.407483443215307 0.085500570888177 0.0897350297413224 0.424926276496846 0.0487930398975327 0.161603358048513 0.353057948189655
0.327705903850118 0.0881870992512201 0.154817899819776 0.50059390788046 0.101996480260246 0.127767739395767 0.527644068304469 0.0573029499459808 0.215231924548633 0.440179883151603
0.234243865958137 0.0860902098768389 0.0654023383419644 0.403085393574309 0.0929410524269514 0.0519970756994221 0.416490656216851 0.0612431549510871 0.113909455862123 0.35457827605415
0.289296333154251 0.0820619380926382 0.128426581672979 0.450166084635522 0.0926470759181322 0.107689646138787 0.470903020169714 0.0506493440037979 0.189892135988753 0.388700530319748
0.242270588429283 0.0790503987258071 0.0872806493223044 0.397260527536262 0.0865862257886508 0.0725236128795061 0.41201756397906 0.052768954102529 0.138663532749103 0.345877644109463
0.226260551467936 0.0885943107734885 0.0525590718767421 0.39996203105913 0.095699801987173 0.0386449291940991 0.413876173741773 0.0594940449017573 0.109456565080867 0.343064537855006
0.265592688465359 0.0844675489998337 0.100005118682986 0.431180258247733 0.092593554023443 0.0840866840264659 0.447098692904253 0.0528124180039127 0.161942105966888 0.36924327096383
0.223971564072882 0.0794278725351025 0.0682629464795267 0.379680181666236 0.0861525848441677 0.0550898611968074 0.392853266948956 0.0518016470742452 0.122323677648293 0.32561945049747
0.28774304448946 0.0834446807840189 0.124147449071432 0.451338639907488 0.0932581505669987 0.104926743383994 0.470559345594926 0.0541121702374743 0.181512466803793 0.393973622175127
0.31170563640392 0.0890845491841028 0.137068473466317 0.486342799341523 0.101156942110098 0.113418005619685 0.509993267188155 0.0543829319911182 0.2049645341641 0.418446738643739
0.252323507097565 0.0830736654960068 0.0894605432631951 0.415186470931936 0.0913473955583266 0.0732546364786158 0.431392377716515 0.05417900533831 0.145984575449178 0.358662438745952
0.288180836901314 0.0835209527505512 0.124446802462807 0.451914871339821 0.0944124674040251 0.103110897399659 0.473250776402969 0.0525524452932675 0.185035354804283 0.391326318998345
0.19849930435116 0.0763179795258287 0.0488772588356377 0.348121349866682 0.0816840273999221 0.0383676637014329 0.358630945000887 0.0508031917594522 0.0987858491026363 0.298212759599684
0.226253872351966 0.0899387913508407 0.0499288032094943 0.402578941494437 0.0966348399774892 0.0368141480705927 0.415693596633338 0.0579287411943833 0.112534715251125 0.339973029452806
0.254250298298745 0.0824181672699957 0.092679010834579 0.415821585762912 0.0911230094397285 0.0756268467196494 0.432873749877841 0.0528434997669723 0.15054735222374 0.357953244373751
0.180394475238562 0.0760755661553701 0.0312520587542433 0.32953689172288 0.0802690282933741 0.0230385336791528 0.33775041679797 0.0506618921911561 0.0809734244801651 0.279815525996958
0.211291789992351 0.0653764517503213 0.0831314484176101 0.339452131567091 0.0716724771811765 0.0707974569733908 0.35178612301131 0.04549513603544 0.122049175179698 0.300534404805003
0.262529437918633 0.078322266793449 0.108981719204508 0.416077156632757 0.0868233729347118 0.0923302029704009 0.432728672866864 0.04983611678026 0.164701266533167 0.360357609304098
0.273364543367365 0.082896429519503 0.110837755870979 0.435891330863752 0.0924825042552557 0.0920641664491839 0.454664920285547 0.0545029921096994 0.166354712916954 0.380374373817777
0.315719130276581 0.0798126361644938 0.159260666113636 0.472177594439526 0.0910445509777964 0.137255842581605 0.494182417971557 0.0487000118434956 0.220142954117117 0.411295306436045
0.307523203370647 0.087298776712225 0.136350882694025 0.478695524047269 0.0982828975889711 0.11484331201973 0.500203094721565 0.0573258094525058 0.19491951990794 0.420126886833354
0.294484299198193 0.0839565959909568 0.129891014702485 0.459077583693901 0.0948633497852452 0.108526867532354 0.480441730864032 0.0534023816215365 0.189656555740661 0.399312042655725
0.10972512229067 0.0792469887486116 -0.0456444155615409 0.265094660142881 0.0810876946010309 -0.0492489167720934 0.268699161353434 0.0537515799158243 0.00421902193489758 0.215231222646443
0.208497684644862 0.070656399063694 0.0699822928418361 0.347013076447889 0.0762172701492068 0.0590895697500261 0.357905799539699 0.0466240190611816 0.117006918348057 0.299988450941668
0.237390311558342 0.0863905454947447 0.0680312286394009 0.406749394477284 0.0942556953253809 0.0526242677644244 0.42215635535226 0.0546160387534421 0.130199334003192 0.344581289113493
0.187062755405951 0.0723976305116261 0.045129386464287 0.328996124347616 0.0771140311306603 0.0358917295406027 0.3382337812713 0.0493688567452151 0.0901859794035845 0.283939531408318
0.262242473699123 0.0781956402139375 0.108945038577995 0.415539908820252 0.0863291750413654 0.0930130566562095 0.431471890742037 0.0495382128386004 0.165004460904074 0.359480486494173
0.253356370029237 0.0753433402543077 0.105660406835809 0.401052333222665 0.0834306416496142 0.0898163689130916 0.416896371145382 0.0472727502697863 0.160599215644082 0.346113524414392
0.31326811702065 0.0790501584452041 0.158296624637674 0.468239609403625 0.0904065074953243 0.136050534927487 0.490485699113812 0.0507839297044843 0.213597404795436 0.412938829245863
0.195553205129076 0.0900752332797609 0.0189430586471937 0.372163351610958 0.0951081342647725 0.00908868099036542 0.382017729267786 0.0588286740574536 0.0800140556503947 0.311092354607757
0.30543829062635 0.0881692164761592 0.132561110187868 0.478315471064833 0.0991902429797663 0.11098074935911 0.49989583189359 0.0588733083588928 0.189817635428696 0.421058945824005
0.26339179460111 0.0800581307967928 0.106444684447796 0.420338904754423 0.0883985685916188 0.0901070020868111 0.436676587115408 0.0514458503453461 0.162423751103997 0.364359838098222
0.255940167793378 0.0848937373816655 0.0895094462768566 0.4223708893099 0.0937137286083947 0.0722333750309388 0.439646960555818 0.0559641914799097 0.146105419847831 0.365774915738925
0.232302276257688 0.0769641780693681 0.0814190276604357 0.383185524854941 0.0837325118357601 0.0681614341533772 0.396443118362 0.0504022423485849 0.133386557503218 0.331217995012159
0.208229617075873 0.0750980091565266 0.0610172665528574 0.355441967598888 0.0808385990942076 0.0497704694481683 0.366688764703577 0.0470261100007277 0.115966561230194 0.300492672921551
0.287230379182478 0.0873928916133812 0.11590517971132 0.458555578653635 0.0979697083952051 0.0951861095635867 0.479274648801368 0.0553265879474155 0.178641219941939 0.395819538423016
0.177868955463017 0.0894085876649244 0.00256462644180386 0.35317328448423 0.0937928409434269 -0.00601942293238733 0.361757333858422 0.058107334425207 0.0637372103217569 0.292000700604277
0.249598940336139 0.0865683200101023 0.0798026237505446 0.419395256921734 0.0938351093134471 0.0655869612806205 0.433610919391658 0.0627044048990395 0.126369622815945 0.372828257856334
0.185409182463712 0.0761040307840415 0.0362141601400619 0.334604204787362 0.0811943236363818 0.026243348833715 0.344575016093709 0.050590683861061 0.086137882947676 0.284680481979748
0.332631469998874 0.0803169365132868 0.175190114118968 0.49007282587878 0.0937409746020014 0.148888037139187 0.516374902858561 0.048819667332672 0.236843935621241 0.428419004376507
0.286661299248391 0.08353074162653 0.12290421777442 0.450418380722361 0.0934750868879837 0.103425071013608 0.469897527483173 0.0539940957634437 0.18068715366872 0.392635444828061
0.24425355292315 0.0807643654874805 0.0859322594067386 0.402574846439562 0.0880768953340049 0.0716059288625412 0.41690117698376 0.0498731469592753 0.146393264736865 0.342113841109435
0.250596393877709 0.0771249283305711 0.0994049277365787 0.40178786001884 0.084410506609721 0.0851324287771661 0.416060358978253 0.0491847171686439 0.15408271573831 0.347110072017108
0.225453701337853 0.0836315114481003 0.0614886634601557 0.389418739215551 0.0903504881800652 0.0483301196105217 0.402577283065185 0.0558901934549372 0.115742245403223 0.335165157272483
0.287969306700042 0.0872330046019033 0.116953803740946 0.458984809659138 0.0975058825145794 0.0968312484697421 0.479107364930341 0.0557140443740274 0.178610549518509 0.397328063881574
0.232031122826569 0.0809213465412825 0.0733726320315984 0.39068961362154 0.0874820997958732 0.0605253834528727 0.403536862200266 0.0539373529768856 0.126127948798168 0.33793429685497
0.218776526212377 0.0874916127948618 0.0472570545561974 0.390295997868556 0.0938543091159299 0.0347938186070684 0.402759233817685 0.0549669438519465 0.11088558131437 0.326667471110384
0.215407314885415 0.0814973923972811 0.0556272546366878 0.375187375134142 0.0875706494586466 0.0437332232005123 0.387081406570317 0.0546448847607034 0.108145539892496 0.322669089878334
0.27809844523596 0.0776600481633201 0.1258572471454 0.430339643326519 0.0876338270709839 0.106318214211178 0.449878676260742 0.050015641855844 0.179956051781538 0.376240838690381
0.233267290932035 0.0750552690088273 0.0861365323031964 0.380398049560875 0.0822324245623182 0.0720755903453824 0.394458991518689 0.0488635743136191 0.137405287787136 0.329129294076934
0.390538631672815 0.0898722021007552 0.21434810528101 0.566729158064621 0.109098505112694 0.176684759618557 0.604392503727073 0.058429532897986 0.275857654750961 0.50521960859467
0.280210343775255 0.0834886369864029 0.116547670995039 0.443873016555471 0.0926182913704059 0.0986613560617827 0.461759331488727 0.0515473820430545 0.17906045628708 0.38136023126343
0.19527326071887 0.0778313168979926 0.0426932423692284 0.347853279068511 0.0825007862462931 0.0335466146479781 0.356999906789761 0.0491009716588534 0.0989037844415682 0.291642736996171
0.193175797087506 0.0778501966856917 0.0405479879916762 0.345803606183336 0.0825465520816987 0.0313504301795682 0.355001163995444 0.0520432531064521 0.0910246868326258 0.295326907342387
0.268649718148335 0.0787354034649873 0.114303794363828 0.422995641932842 0.0877184656440147 0.0967048938564918 0.440594542440179 0.0492705930802646 0.171969336127308 0.365330100169363
0.23795544630212 0.0742098125688072 0.0924785818592497 0.38343231074499 0.0809047429868569 0.0793632218188843 0.396547670785355 0.0470207321440101 0.14568512562587 0.330225766978369
0.323403415730584 0.0810823559557404 0.164449311401664 0.482357520059505 0.0939222962748202 0.139296190893119 0.50751064056805 0.0515176610343577 0.222291680794689 0.42451515066648
0.276330337926743 0.0897080926693561 0.100466775223046 0.45219390063044 0.0999396170737269 0.0804241328792925 0.472236542974193 0.0568081134986841 0.164834997366474 0.387825678487011
0.16691354218403 0.0831333313149501 0.00393629330485373 0.329890791063205 0.0870570559081814 -0.00374903623349551 0.337576120601555 0.0540305586386347 0.0608736946269091 0.27295338974115
0.199741519019868 0.0743397208185191 0.054004099972077 0.345478938067659 0.0798075018889808 0.0432940146910346 0.356189023348701 0.0499855531461393 0.101658889521227 0.297824148518509
0.282354005903641 0.0792661125403885 0.126930331905611 0.437777679901671 0.0891214644233369 0.107633455901141 0.457074555906141 0.0537825598253531 0.17673388318419 0.387974128623092
0.297040658658633 0.0840708164271118 0.132227729143076 0.461853588174191 0.0945259634843228 0.111747035621734 0.482334281695532 0.0542973270173931 0.190481782987386 0.403599534329881
0.285580505182757 0.0816628242713769 0.125490831646585 0.445670178718929 0.0924719302396139 0.104315796433184 0.46684521393233 0.0518648477091272 0.183796447702904 0.38736456266261
0.233516674442636 0.0813451575017416 0.0740301522652141 0.393003196620057 0.0884142825983844 0.0601866363350789 0.406846712550192 0.0544882444780283 0.126545293753133 0.340488055132138
0.218379721717825 0.0839541506943181 0.0537871217589019 0.382972321676748 0.0899832951626355 0.0419787627514899 0.39478068068416 0.0547541905982764 0.110899304775961 0.325860138659689
0.211834739130873 0.0820690048218958 0.0509413352019731 0.372728143059774 0.088273652450494 0.0387885251351346 0.384880953126612 0.0537949159883054 0.106252509109579 0.317416969152167
0.255864884050854 0.0751831891868404 0.108473208368368 0.40325655973334 0.0828100670299209 0.0935336954453792 0.418196072656329 0.0489798666045738 0.159738185714223 0.351991582387485
0.275816635254619 0.0791409920410709 0.120672424253938 0.4309608462553 0.0886974754674707 0.101950959709405 0.449682310799833 0.0512350041741732 0.175284559695009 0.376348710814229
0.193415726370449 0.0749724193948841 0.0464371151784913 0.340394337562408 0.0800956213452926 0.0364021876453443 0.350429265095555 0.0490538811342692 0.0971454795257461 0.289685973215153
0.284232569517219 0.0890435879186263 0.109664511197559 0.458800627836879 0.0982276088097991 0.0916758551352407 0.476789283899197 0.0549587887279498 0.176320098227017 0.39214504080742
0.205221009552865 0.0786870007835366 0.050960611172877 0.359481407932854 0.0842988766038632 0.0399683927587439 0.370473626346987 0.0509737481862711 0.105179110828888 0.305262908276843
0.219922488740948 0.0851746186329003 0.052793445665701 0.387051531816196 0.0909500234554469 0.041507820782091 0.398337156699806 0.0665281938970775 0.0891304513902147 0.350714526091682
0.201886012922739 0.0783424262314415 0.048284537201263 0.355487488644216 0.0839501931522068 0.0373034734479116 0.366468552397567 0.0543264967791009 0.0952484905867239 0.308523535258755
0.227962696444262 0.0996619503827205 0.0325879993294664 0.423337393559058 0.106680619742732 0.0188392082462665 0.437086184642258 0.0603553353872677 0.109484185497054 0.346441207391471
0.179713337897495 0.0982085122452273 -0.0130803276799773 0.372507003474967 0.10180224514223 -0.0200923230190578 0.379518998814048 0.0789450913635783 0.0243885407117274 0.335038135083263
0.189676033600997 0.0788137052730336 0.0351662018703872 0.344185865331606 0.0833058914877624 0.0263674725842646 0.352984594617729 0.0506171552946478 0.0903253413638321 0.289026725838162
0.23360001619551 0.0835079495741332 0.0698965656106617 0.397303466780358 0.0907093112439639 0.0557889429052144 0.411411089485806 0.0528081278096167 0.129975768420509 0.337224263970511
0.237071941290671 0.0861128087816807 0.0681897446557335 0.405954137925608 0.0923196209076776 0.0560442628726943 0.418099619708647 0.0606926780381296 0.117818326863054 0.356325555718288
0.283819120774633 0.0833934546809232 0.120341426426168 0.447296815123098 0.0950050516861036 0.0975926729483708 0.470045568600895 0.0520091616398708 0.181761193440892 0.385877048108374
0.189140915646376 0.0716621610711548 0.0486437468127082 0.329638084480044 0.0763578643532924 0.0394476066417452 0.338834224651007 0.0482820671669697 0.094372600086589 0.283909231206163
