estimate std_1 lowerCI_1 upperCI_1 std_2 lowerCI_2 upperCI_2 std_3 lowerCI_3 upperCI_3
0.241834838473157 0.0653119485772421 0.113802876906299 0.369866800040015 0.0723361369686548 0.100041764479347 0.383627912466967 0.0429087780359339 0.157654379902995 0.326015297043318
0.213650066551881 0.0693201766554137 0.0777521324300126 0.349548000673749 0.0752751742056667 0.0660877567370974 0.361212376366664 0.0457859203418958 0.123797072863379 0.303503060240383
0.213124146472447 0.0789969765668103 0.0582427084287437 0.36800558451615 0.0851355095865292 0.0462215045211143 0.380026788423779 0.052907383523627 0.109260234533006 0.316988058411887
0.277056382464644 0.0768695548174414 0.126361881445857 0.427750883483431 0.0865401809027256 0.107417659920892 0.446695105008396 0.0500665121216357 0.178808478757794 0.375304286171494
0.225317381709419 0.0722297283088791 0.0837336796531057 0.366901083765732 0.0794237337112498 0.0696376633022625 0.380997100116575 0.0463053792830218 0.134499610347025 0.316135153071813
0.21463897516928 0.0667863000007669 0.0837142678133065 0.345563682525253 0.0728290270742605 0.0718766830939137 0.357401267244646 0.045364499394966 0.125643279562295 0.303634670776265
0.260232385433029 0.066943231482301 0.129004931243858 0.391459839622201 0.0756537242102108 0.111939170980692 0.408525599885367 0.0441047985597906 0.173714627169458 0.346750143696601
0.155297634536523 0.0685565619081489 0.0209006606780323 0.289694608395013 0.0725579860161621 0.0130624872332248 0.297532781839821 0.047096664063072 0.0629016464799296 0.247693622593116
0.199747321946659 0.0742290199152476 0.0542097991033339 0.345284844789984 0.0798050594789963 0.0432909886219118 0.356203655271407 0.0518606741597053 0.0979516246176408 0.301543019275678
0.247356820871288 0.0629053675035122 0.124042641938999 0.370670999803577 0.0702956278106927 0.109564212151958 0.385149429590618 0.0423538106180219 0.164272998333674 0.330440643408902
0.286131510136189 0.0728437626717569 0.14334457112239 0.428918449149989 0.0833186853763239 0.122819337654551 0.449443682617828 0.0457348502988759 0.196429022859699 0.37583399741268
0.204413960459404 0.0657775006669535 0.0754577803714951 0.333370140547312 0.0710773607807242 0.0650774343116863 0.343750486607121 0.0463014139489066 0.113565435835755 0.295262485083053
0.209523898628922 0.0682292527392661 0.0757751933767894 0.343272603881054 0.0738416302871782 0.0647797445368802 0.354268052720963 0.0449232246826766 0.121399472112503 0.29764832514534
0.169814425595718 0.0736884331621257 0.0253470128238894 0.314281838367546 0.0779297114244959 0.0170405580410972 0.322588293150338 0.0504420851183079 0.0708226268185353 0.2688062243729
0.2575449111742 0.0703322444341387 0.119675288413715 0.395414533934685 0.0789304378049544 0.1028292696157 0.4122605527327 0.046387451236799 0.166554086522132 0.348535735826268
0.284194643692056 0.0717477558323886 0.143556382852244 0.424832904531867 0.0823180424433005 0.122844152622445 0.445545134761667 0.0448098034152471 0.196306432418541 0.37208285496557
0.204784928587756 0.0740236573515177 0.0596328766037941 0.349936980571718 0.0797500229695543 0.0484231041689809 0.361146753006531 0.0536994535099197 0.0993566821590407 0.310213175016472
0.150300229201091 0.0757283495890888 0.00183860047285481 0.298761857929328 0.0786925730415883 -0.00396716667534386 0.304567625077527 0.0500856522690531 0.0520068560599714 0.248593602342212
0.312611301202493 0.0784675679396899 0.158790108412125 0.466432493992861 0.0908848950865277 0.134462428186781 0.490760174218204 0.0498575938474026 0.21478457790386 0.410438024501125
0.220206493473652 0.0774426358182251 0.0683854798969089 0.372027507050394 0.0839339508453391 0.0556705120330356 0.384742474914267 0.0500435145203032 0.121988568146442 0.318424418800861
0.26452263031334 0.0746074115395069 0.11826318561137 0.41078207501531 0.08345357877007 0.100934040971514 0.428111219655166 0.0492999431968063 0.16778688058868 0.361258380038
0.218096094277325 0.0707459196900834 0.0794169889935844 0.356775199561065 0.0775580225228957 0.0660702498354669 0.370121938719183 0.0469076983215528 0.126091242006449 0.3101009465482
0.236749384195955 0.0694124226122029 0.100682106722078 0.372816661669832 0.0769103809452684 0.0859920554407705 0.387506712951139 0.0458078612746351 0.146893018424902 0.326605749967008
0.25607742825842 0.0726266284698505 0.113710409526824 0.398444446990015 0.0816507773298839 0.0960297563870806 0.416125100129759 0.0471576231201154 0.163571805010017 0.348583051506822
0.257978213421054 0.071725041336198 0.11737899390031 0.398577432941798 0.0801328907751342 0.100905774746759 0.415050652095349 0.0461059283971005 0.167534186225947 0.348422240616161
0.214281364120789 0.0663493087655388 0.0842129613999761 0.344349766841603 0.0724449389342298 0.0722718073929136 0.356290920848665 0.0436206203368626 0.128694425223993 0.299868303017586
0.270709328035469 0.0776434334375624 0.118489687728264 0.422928968342673 0.0872071252159138 0.0997573533011522 0.441661302769785 0.0510152504901731 0.170575478562735 0.370843177508202
0.237740819265015 0.072148002238423 0.0962942278268306 0.379187410703198 0.0795145108402252 0.0818660316388517 0.393615606891177 0.0490916033005076 0.14139878757636 0.334082850953669
0.276423882480802 0.0747111524923606 0.129974705873955 0.422873059087649 0.084954859160959 0.10990317071065 0.442944594250955 0.0471261385243153 0.183986547831165 0.36886121713044
0.266128229281773 0.0714175587039387 0.126133541085175 0.406122917478371 0.0807576803844222 0.107833051276938 0.424423407286608 0.0462226406642473 0.175463964121171 0.356792494442375
0.243347149124736 0.0699813633669144 0.10615637093903 0.380537927310442 0.0779229562703136 0.090599358005718 0.396094940243754 0.0472666948055588 0.150609249313305 0.336085048936167
0.332720161322355 0.0744627159331845 0.186750333654907 0.478689988989802 0.0878857800004595 0.160451636997436 0.504988685647273 0.0480639443251028 0.238421342987604 0.427018979657106
0.261300812521738 0.0655018157033925 0.132900122810458 0.389701502233017 0.0738900296093759 0.116465439109429 0.406136185934047 0.0430952927013921 0.176767110932228 0.345834514111248
0.245560637684452 0.0698275403785052 0.10866431552889 0.382456959840014 0.0777223113895476 0.0932009805968946 0.39792029477201 0.0485095746144224 0.150373589595876 0.340747685773029
0.179514778465341 0.0681636710679504 0.0458892745048467 0.313140282425834 0.0730324248029083 0.0363517721162254 0.322677784814456 0.0447681787763395 0.09167479429162 0.267354762639061
0.227301471077872 0.0662465431231759 0.0974411624083387 0.357161779747406 0.0730207472044318 0.0841688986823491 0.370434043473396 0.0439856572074124 0.141024610869476 0.313578331286269
0.147709989715887 0.068530982439035 0.0133294259877899 0.282090553443985 0.0716965587023379 0.00713290852068174 0.288287070911093 0.0488581309756923 0.0517776452114563 0.243642334220318
0.213515085109766 0.0693676551047536 0.0775385535727529 0.349491616646779 0.07578140471487 0.0649721295120675 0.362058040707465 0.0468652165214068 0.12160116716863 0.305429003050902
0.241966171285064 0.0751579797824053 0.0945953584619148 0.389336984108213 0.0826224621689849 0.079981044637839 0.403951297932288 0.0526873074552372 0.138515273149616 0.345417069420512
0.299426270098708 0.0720445846688728 0.158203364252051 0.440649175945366 0.0831399186280627 0.136463237529734 0.462389302667682 0.0448320917612772 0.211481757397029 0.387370782800388
0.261387878845112 0.07397827219087 0.116360367444631 0.406415390245594 0.0825427984972236 0.0995833827564292 0.423192374933796 0.0488806293748676 0.165469925267491 0.357305832422734
0.207967256716911 0.0686083993367274 0.0734727299477211 0.342461783486101 0.0742443868487778 0.0624315723865903 0.353502941047232 0.0461655328865022 0.117403887553359 0.298530625880464
0.188372871243991 0.0664990811200638 0.0580056293288912 0.31874011315909 0.071311485270516 0.0485794368285513 0.32816630565943 0.0461306327092288 0.0978642441136176 0.278881498374364
0.229514258105591 0.0709058937659088 0.0905094453741721 0.36851907083701 0.0781935067352203 0.0762340802127149 0.382794435998467 0.0482676117818784 0.134810537164887 0.324217979046295
0.243632903567733 0.0683102743371793 0.109697321551102 0.377568485584364 0.0755534653529431 0.0955139533076003 0.391751853827866 0.0471387551719576 0.151090584117319 0.336175223018148
0.257881649530756 0.0753020179206471 0.11025676661874 0.405506532442773 0.0836167830879849 0.0939697382378272 0.421793560823685 0.0494873506890854 0.160762528206115 0.355000770855397
0.223227882863073 0.0709131033853742 0.0842109389745332 0.362244826751613 0.0773081141898745 0.0716837533958207 0.374772012330326 0.0467740413662127 0.131448455525213 0.315007310200934
0.275849655566406 0.0713736313388842 0.135936105709905 0.415763205422908 0.0814027845306551 0.116287086210766 0.435412224922047 0.0468849779614329 0.183872752154238 0.367826558978575
0.209919496575583 0.0655716705715966 0.081373603971905 0.338465389179261 0.0713571367567555 0.0700405238737896 0.349798469277377 0.0458106503631427 0.120050749762708 0.299788243388458
0.272715513874672 0.0645143894041168 0.146253343664334 0.399177684085011 0.0734405654440191 0.128763607939202 0.416667419810142 0.0417410734851077 0.190844330412944 0.354586697336401
0.287861886690521 0.0726439275998075 0.145463637722898 0.430260135658145 0.08310823011084 0.124960216249003 0.45076355713204 0.046514280317216 0.196624037845737 0.379099735535306
0.225435347569187 0.0772218394308338 0.0740438844768331 0.37682681066154 0.0845002056608534 0.0597878896764843 0.391082805461889 0.052668060887347 0.122083420250278 0.328787274888095
0.242465491356004 0.0729908843675965 0.0993876525103958 0.385543330201612 0.0820367454396088 0.0816635119740657 0.403267470737942 0.0469280810077162 0.150419112856546 0.334511869855462
0.220434930882799 0.0641939852693272 0.094591557930141 0.346278303835456 0.0710378852172408 0.0811844377799142 0.359685423985683 0.0446798657500919 0.132788402954403 0.308081458811195
0.184089147131513 0.0741489661742937 0.038627232106525 0.329551062156501 0.0783658607092772 0.0303825670560067 0.33779572720702 0.0581165227325359 0.0699070257380786 0.298271268524948
0.2249698391633 0.0661375749299346 0.0953120406494765 0.354627637677123 0.0728725645185862 0.08211941288108 0.36782026544552 0.0459785240275912 0.134762641065451 0.315177037261148
0.147411259501755 0.0663982835714203 0.0172331520004951 0.277589367003014 0.0697137364886094 0.0107404067659609 0.284082112237548 0.0469160590816493 0.0553443713305928 0.239478147672916
0.210172501690824 0.0742125145912158 0.0646696638045924 0.355675339577057 0.0805781039044859 0.0522040572499364 0.368140946131713 0.0519161735962757 0.108275446750156 0.312069556631492
0.311955520471891 0.0769023118137349 0.161201877716747 0.462709163227034 0.0889104734072753 0.137676154715869 0.486234886227912 0.0488589145051824 0.216084988626544 0.407826052317237
0.239576771481836 0.0696478690143662 0.103050933609267 0.376102609354405 0.0773781990611211 0.0879047811249473 0.391248761838725 0.0446474684019695 0.151998980810484 0.327154562153188
0.175053901152119 0.0620797770602111 0.0533502130930071 0.296757589211231 0.0664232565108415 0.0448425792652184 0.305265223039019 0.0437005905311195 0.0893175120769026 0.260790290227335
0.279156144016419 0.0742017973084397 0.133681330869307 0.42463095716353 0.0838616355874869 0.114761293573293 0.443550994459545 0.0495019501591755 0.181992609912965 0.376319678119872
0.212459367874315 0.0724288643087106 0.0704355446064147 0.354483191142216 0.0786006537096059 0.0583533935800586 0.366565342168572 0.051894544751894 0.110568649704107 0.314350086044524
0.263738751659493 0.068352153928217 0.129742103031345 0.397735400287641 0.0770418857128216 0.1127192574616 0.414758245857386 0.0452374019485438 0.174975330893498 0.352502172425489
0.262027100084184 0.0671671138695563 0.130360515312693 0.393693684855675 0.0754871141378243 0.114059957982707 0.409994242185661 0.0436580942817846 0.176380601892063 0.347673598276305
0.148032440137271 0.0648935755782355 0.0207774987729188 0.275287381501623 0.0680549789067451 0.014590027079058 0.281474853195484 0.0485384412030283 0.0527412554672898 0.243323624807252
0.180514831795495 0.0688879814074361 0.0454541333103137 0.315575530280677 0.0732648887293472 0.0368827657995094 0.324146897791481 0.04789002781409 0.0865247716833788 0.274504891907612
0.218940459357244 0.0705598827777944 0.0806120751657925 0.357268843548695 0.0771405210396299 0.0677221387651632 0.370158779949324 0.0479153375796455 0.124920874403765 0.312960044310722
0.252010936666763 0.0701721325615794 0.114454108844748 0.389567764488777 0.0785538363398949 0.0980325826344413 0.405989290699084 0.0467912342371328 0.160227635576556 0.343794237756969
0.270374516356097 0.0686062857600902 0.135884614056318 0.404864418655876 0.0774517174897786 0.118555223232959 0.422193809479235 0.0452083138588565 0.181683722179964 0.35906531053223
0.232754058221129 0.0698529837929198 0.0958019101981286 0.36970620624413 0.0765910675590811 0.0826058468734124 0.382902269568846 0.0480840148412029 0.138379714751118 0.32712840169114
0.231218684929558 0.074708746747555 0.0847630907899229 0.377674279069194 0.0821819649038904 0.0701231025668001 0.392314267292317 0.0497315575055639 0.133647751363824 0.328789618495293
0.240741276477197 0.0674665366009559 0.10848035002712 0.373002202927273 0.0749772047912793 0.093767568553746 0.387714984400648 0.0459721811084549 0.150545901222209 0.330936651732184
0.218709581081079 0.0691706450656167 0.0831120044261588 0.354307157735999 0.0756557591408423 0.0704074513491169 0.367011710813041 0.0467305490650421 0.127036294012681 0.310382868149477
0.182212921674834 0.0668626560555109 0.0511312049350463 0.313294638414622 0.0717816995509186 0.0414964496549936 0.322929393694675 0.0484760212064106 0.0871141785513008 0.277311664798367
0.208124617509742 0.0776092643431026 0.0559841153178171 0.360265119701667 0.0841875119060917 0.0430972990188088 0.373151936000675 0.0515321473978391 0.1070238500149 0.309225385004584
0.228139360666351 0.0676786976034712 0.0954535297232934 0.36082519160941 0.0745342579231254 0.0820264369658658 0.374252284366837 0.0468482456074943 0.136203747413583 0.32007497391912
0.242101295120101 0.0696464018713374 0.105563308606054 0.378639281634147 0.0772677528070232 0.0906347171706136 0.393567873069588 0.0474666384043151 0.148962329325751 0.33524026091445
0.316518363557045 0.0708965330529671 0.17754737047054 0.45548935664355 0.0830970217006637 0.153641045541863 0.479395681572227 0.04396100172855 0.230287793849462 0.402748933264628
0.193883219794341 0.077406433917205 0.0420809527992779 0.345685486789404 0.0822328029861357 0.0326361290206531 0.355130310568029 0.0556471067282119 0.0845784671786276 0.303187972410054
0.201175794662431 0.0752412922600402 0.0536698709727156 0.348681718352146 0.0803611091799939 0.043641613813742 0.35870997551112 0.049139472027032 0.104735901549077 0.297615687775784
0.19443084988445 0.0754237322268317 0.0465636684808166 0.342298031288083 0.08035436383332 0.0369066239583014 0.351955075810598 0.0504812114756353 0.0953580034480762 0.293503696320823
0.207384438293122 0.0606679958087263 0.0884577318245833 0.32631114476166 0.0667583401402422 0.0765257717528491 0.338243104833394 0.0426628314388538 0.123710378408807 0.291058498177437
0.239912394749978 0.0687707127906471 0.105106576870528 0.374718212629428 0.0762644350176565 0.0904238728316842 0.389400916668272 0.0446451256845315 0.152344832700344 0.327479956799613
0.22500071639902 0.0707249362642218 0.0863525963484373 0.363648836449603 0.0772860770108972 0.0734999598641529 0.376501472933888 0.0465580938642622 0.133644001621396 0.316357431176645
0.184516438298208 0.080592468745576 0.0265100888733339 0.342522787723083 0.0852622418865567 0.0173649689476561 0.35166790764876 0.0539928630713975 0.0785325075195756 0.290500369076841
0.187681869211359 0.076984768639174 0.0366894080050003 0.338674330417718 0.0817045769011492 0.0274559464276527 0.347907791995065 0.0580493290201895 0.0736618066265239 0.301701931796194
0.254864323233544 0.0829597075709565 0.0921383415633211 0.417590304903767 0.0910643079806582 0.0762848500796978 0.43344379638739 0.0619805373482707 0.133077380528107 0.376651265938981
0.205814914496004 0.0689546251772083 0.0706317728648588 0.340998056127149 0.0748441566018467 0.0590960386963667 0.352533790295641 0.0470680405532211 0.113454488547148 0.29817534044486
0.22003340538563 0.0635973404719973 0.0953706253225949 0.344696185448665 0.0701552796403991 0.0825209438533099 0.35754586691795 0.0419840691488033 0.137696471463735 0.302370339307525
0.283026971149957 0.0753795232401619 0.135258325447678 0.430795616852236 0.0856173654136082 0.115201255747442 0.450852686552472 0.0487121193202384 0.187451000206064 0.37860294209385
0.286204282071437 0.0694444613763289 0.150078158261505 0.42233040588137 0.0793915551315401 0.1305879950254 0.441820569117474 0.0435400059877397 0.200796463773703 0.371612100369172
0.252140980794969 0.0742657800601949 0.106540982327634 0.397740979262303 0.0823542161676772 0.0906990730774831 0.413582888512455 0.0508317547399615 0.152382257588617 0.351899704001321
0.253686652696459 0.0696419383778611 0.117163901765476 0.390209403627443 0.0777248296369745 0.101329322030122 0.406043983362797 0.046633931195008 0.162195634903578 0.345177670489341
0.308073035504276 0.0743687417795905 0.162284953982151 0.453861117026401 0.0860031472142042 0.139491844577754 0.476654226430798 0.0486823207639967 0.212557443692024 0.403588627316528
0.249420708710258 0.0660615286045589 0.119920367370386 0.378921050050131 0.0741449437437499 0.104083641729138 0.394757775691379 0.0445266220127926 0.162077832791398 0.336763584629118
0.158727647272804 0.066773616024707 0.0277982101001285 0.289657084445479 0.0704244217946922 0.0206509657809975 0.29680432876461 0.04995590670606 0.0606830773480762 0.256772217197531
0.222009723590193 0.0656791810277582 0.0932599486430675 0.350759498537318 0.0719965437977011 0.0808831899100856 0.3631362572703 0.0430365165067022 0.137585198518088 0.306434248662298
0.316623572650631 0.0784416577835291 0.16282321743999 0.470423927861272 0.090345926056401 0.139511162898317 0.493735982402946 0.0538388050027047 0.210923291214529 0.422323854086734
0.241134280819872 0.0771458519711768 0.0898888281439406 0.392379733495803 0.0852370925616909 0.0740412455143635 0.408227316125381 0.0516241023452566 0.139811376835869 0.342457184803875
0.183999279235814 0.0678443476218479 0.0510000926141093 0.31699846585752 0.0728570016162346 0.0411806145694132 0.326817943902216 0.0467386225635282 0.09231151727362 0.275687041198009
0.301139258275824 0.0732374521936941 0.15758423684257 0.444694279709078 0.0848411362542902 0.134845805473031 0.467432711078617 0.0455106928853159 0.211888853162538 0.390389663389109
0.275384445199135 0.0743489986688142 0.129634881524862 0.421134008873409 0.0833752110512548 0.111952035955368 0.438816854442902 0.048091066594701 0.181023375179616 0.369745515218654
0.291998338054343 0.0678134674429608 0.1590717816995 0.424924894409186 0.0783495661241255 0.138426542542152 0.445570133566533 0.043324203493435 0.207028429891452 0.376968246217234
0.183576471783444 0.0688911085013582 0.0485003160853826 0.318652627481505 0.0734129575187738 0.0396466987476443 0.327506244819243 0.0491183884285565 0.0871623962469131 0.279990547319974
0.235324333105497 0.0715782294536703 0.0950085201295704 0.375640146081423 0.0791371432919125 0.0801998395051109 0.390448826705883 0.0474858035654137 0.142167972862793 0.3284806933482
0.238071218940492 0.0692878784089768 0.102249501942613 0.373892935938371 0.0770377621331813 0.0870654507837594 0.389076987097225 0.0450286526777349 0.149743871836275 0.326398566044709
0.241827122474729 0.0817720239830821 0.0814497705017613 0.402204474447697 0.0888188426711922 0.0676618044114449 0.415992440538014 0.0599359910219295 0.12408223914859 0.359572005800868
0.183803554413989 0.0624363437644585 0.0614032679051554 0.306203840922823 0.0669934956082722 0.052476616647906 0.315130492180073 0.0439435621135306 0.0975973934961581 0.270009715331821
0.259702751204477 0.0622486511091638 0.137689174977284 0.38171632743167 0.0710749125043478 0.120392797890776 0.399012704518179 0.0391723660733725 0.182892355652085 0.336513146756869
0.233545723660506 0.0615884627339089 0.11281339749604 0.354278049824973 0.0683524785078937 0.0995618510965552 0.367529596224458 0.0414586611570989 0.15221883398828 0.314872613332733
0.199218469061145 0.068923904941646 0.0640912974595355 0.334345640662754 0.0741700043593237 0.0538167982820048 0.344620139840285 0.0474297984489108 0.106138589268228 0.292298348854062
0.274118101725484 0.0670036373746274 0.142777692973886 0.405458510477082 0.0764531062460645 0.124262204020366 0.423973999430601 0.0424775110842933 0.190802081649194 0.357434121801774
0.192986747464954 0.0681056828708619 0.059454504274151 0.326518990655756 0.0731755873168143 0.0495268934132519 0.336446601516655 0.0473275365071213 0.100084597981901 0.285888896948006
0.184975489797423 0.0626948114505001 0.0620735977901606 0.307877381804686 0.0674377932749855 0.0527819108825616 0.317169068712285 0.0436846046896132 0.0992892223556335 0.270661757239213
0.240354925580728 0.0681068909074319 0.106844000001594 0.373865851159863 0.0756078112627693 0.0921488907273452 0.388560960434112 0.0456008983946758 0.150899218469464 0.329810632691993
0.28149540982001 0.0721288068409633 0.14010053099897 0.422890288641051 0.0820969864314512 0.120571309597883 0.442419510042138 0.0456106130379634 0.192001229599839 0.370989590040181
0.242353239257288 0.0729299088085006 0.0993578183378301 0.385348660176746 0.0806138595115557 0.0843119434928637 0.400394535021713 0.0519237160669152 0.140430876203852 0.344275602310725
0.186379771925155 0.0745064785350116 0.0403174865753059 0.332442057275005 0.0796816120510186 0.0301803008248371 0.342579243025474 0.0492682917412732 0.0897039854352641 0.283055558415047
0.249562981132401 0.0716569324107774 0.109068240099335 0.390057722165466 0.0789792282476325 0.0947293981496824 0.404396564115119 0.0482277178368429 0.154875038567789 0.344250923697013
0.264965897682968 0.0688776416650125 0.129949038183895 0.39998275718204 0.0773770215234717 0.113296206884776 0.416635588481159 0.0449630422021181 0.176771026766533 0.353160768599402
0.249359955948845 0.0732849158074184 0.105686361918597 0.393033549979092 0.0810885956746918 0.09040132908156 0.408318582816129 0.0490973597830169 0.153005067762222 0.345714844135467
0.219851408206703 0.0708891529390226 0.0808752770954304 0.358827539317976 0.0777749230073891 0.0673881445878478 0.372314671825558 0.0489954587067675 0.123713111154729 0.315989705258677
0.287087113021936 0.0695327493773498 0.150786781052805 0.423387444991068 0.0798323248701111 0.130606311029834 0.443567915014038 0.0456089302222291 0.197629138172394 0.376545087871478
0.241013543500754 0.0790405363043105 0.0860404619914475 0.39598662501006 0.086481588073634 0.0714696330197356 0.410557453981772 0.0531865655709746 0.13658417287425 0.345442914127257
0.223581253479798 0.0610416698016117 0.103928335739897 0.343234171219698 0.0679420308043292 0.0904075711769245 0.356754935782671 0.0397527932812434 0.145618513248332 0.301543993711263
0.234161075764792 0.0622579693367728 0.112123921048938 0.356198230480646 0.0690674275501377 0.0987813149322074 0.369540836597376 0.0411578305353358 0.153445502551608 0.314876648977975
0.225644528605243 0.0737486181464225 0.0810799817428615 0.370209075467625 0.080620087809756 0.0676168189884309 0.383672238222055 0.0479996374675673 0.131494704527446 0.319794352683041
0.288905650874776 0.0705885208164737 0.15054096458952 0.427270337160032 0.0809273699046719 0.130281810927619 0.447529490821933 0.0442393247627613 0.202142370904866 0.375668930844687
0.238212288188933 0.0730546418748165 0.095012389319578 0.381412187058288 0.0814670955531117 0.0785285874274246 0.397895988950442 0.0464603286966947 0.14709168962406 0.329332886753806
0.199254637767593 0.0709442617064752 0.0601637985339374 0.338345477001249 0.0761625709881203 0.0499442808158539 0.348564994719332 0.0488006167827143 0.103476038646765 0.295033236888421
0.303743173402537 0.0688845266170728 0.168719079168266 0.438767267636807 0.0805979144722364 0.145766108829671 0.461720237975402 0.0438931388296754 0.217664305453175 0.389822041351898
0.209861126105598 0.0715123394696966 0.0696691291148921 0.350053123096304 0.0774624598675996 0.0580135871103963 0.3617086651008 0.0483370689381813 0.115023732941629 0.304698519269567
0.18118575313202 0.0722826401852011 0.0394470972764156 0.322924408987624 0.0765784202921808 0.0310382283618293 0.331333277902211 0.053431086800323 0.0762959801415535 0.286075526122486
0.190849666297945 0.0710084960930855 0.0516481083618787 0.330051224234011 0.0761506345804907 0.0415748993487838 0.340124433247106 0.0474654464404322 0.0977270804083188 0.283972252187571
0.242120897399077 0.0592466148461435 0.125986797587694 0.358254997210461 0.0665277242772954 0.111719865320789 0.372521929477366 0.0388478043728841 0.165934930266343 0.318306864531812
0.255616242152032 0.0798746074190815 0.0990302483059621 0.412202235998102 0.0884213839433212 0.0822879812136868 0.428944503090377 0.052575540799288 0.152448495761567 0.358783988542497
0.260592408776622 0.0701187840918022 0.123138329516086 0.398046488037158 0.0791372644147238 0.105469674957157 0.415715142596088 0.0462777766743103 0.169806828401207 0.351377989152038
0.298758761568512 0.0691896885078259 0.163126446083731 0.434391077053293 0.0804336046374461 0.141097143097261 0.456420380039763 0.0453423944209551 0.209807455602499 0.387710067534524
0.298058625484971 0.0753791837185762 0.150290286533731 0.44582696443621 0.0864934045954552 0.128516232124197 0.467601018845745 0.047954706683218 0.203960846043022 0.39215640492692
0.261902472752928 0.0710590453504405 0.122599675811997 0.401205269693859 0.0800633625001493 0.104960454158345 0.418844491347511 0.0469688549990813 0.169742524046059 0.354062421459797
0.28720018297298 0.0713788605638454 0.147284350321534 0.427116015624427 0.0817672961515266 0.126928692899955 0.447471673046006 0.0442223631007744 0.200459305194831 0.373941060751129
0.244678874483468 0.0667324832653065 0.113863827922781 0.375493921044154 0.0748499688875434 0.0979601956115441 0.391397553355391 0.0458031427930288 0.154838959831448 0.334518789135487
0.246614842222359 0.0712607801772639 0.106905163636236 0.386324520808483 0.0789678642350331 0.0918104611620917 0.401419223282627 0.04910819856144 0.150238784913427 0.342990899531292
0.207375251944139 0.0650148055947062 0.0799273167044091 0.334823187183869 0.071111923588235 0.0679821983291432 0.346768305559135 0.0446141430104879 0.119867313924154 0.294883189964124
0.235782912538421 0.0760468604869989 0.0866863520867086 0.384879472990133 0.0833155315640144 0.0724513897136207 0.399114435363221 0.0523856821722627 0.132963538868298 0.338602286208544
0.219100449199737 0.0715564586060896 0.0788308451504253 0.35937005324905 0.0786607075128538 0.0649120944914532 0.373288803908022 0.0458973529805126 0.129061670808734 0.30913922759074
0.175365444802883 0.0691840678085348 0.0397376267064957 0.31099326289927 0.0733843130900991 0.0315100853367499 0.319220804269015 0.0465091279015907 0.0841119251403985 0.266618964465367
0.217644558342229 0.0749452384644539 0.0707178224341173 0.36457129425034 0.0814048259995019 0.0580653420366493 0.377223774647808 0.0505364734363661 0.118474859366826 0.316814257317631
0.255261913690805 0.0847201030610166 0.089076452967269 0.42144737441434 0.0925606740197804 0.0737412162745606 0.436782611107049 0.063755606802976 0.129980950511226 0.380542876870383
0.190501189808524 0.0675929168081324 0.0579876435611408 0.323014736055908 0.0724329127547518 0.0485077723500556 0.332494607266993 0.0469754048097503 0.0983301199355983 0.28267225968145
0.285915772450872 0.075105409302482 0.138687535968227 0.433144008933517 0.0857304630160397 0.11787078870967 0.453960756192074 0.0476145818594116 0.192497304959368 0.379334239942376
0.222014336075099 0.0704977256870317 0.0837970430886671 0.36023162906153 0.0773853134837632 0.0703084268739453 0.373720245276252 0.0500335468733912 0.12382637917886 0.320202292971337
0.250072752255592 0.0677435287213424 0.117282621253159 0.382862883258025 0.0761639262961414 0.100783466432567 0.399362038078616 0.0445017393636927 0.162797108281219 0.337348396229965
0.264821625196262 0.0711476869257045 0.125345754727516 0.404297495665008 0.0801626521522908 0.107685463902987 0.421957786489538 0.0472912906772886 0.172033679695132 0.357609570697393
0.245709877816374 0.0673328728502624 0.113723601036931 0.377696154595816 0.0755726818619378 0.0975786356203672 0.39384112001238 0.0447863465573958 0.15787493241201 0.333544823220737
0.271280948413557 0.0722186308255058 0.129708099206966 0.412853797620148 0.0816776654107013 0.111177049134514 0.431384847692599 0.0475296746347702 0.178029939064521 0.364531957762592
0.245920637873588 0.0686650249226921 0.111316832751611 0.380524442995564 0.0761999841375416 0.0965547097609617 0.395286565986214 0.045668244727083 0.156334870792421 0.335506404954755
0.237827286311755 0.0683756874281611 0.103795807662763 0.371858764960746 0.0757280735912629 0.0893900392382502 0.386264533385259 0.044987852516139 0.149590910612407 0.326063662011103
0.275116762644051 0.0733405718696936 0.131354324724316 0.418879200563786 0.0838544670332293 0.110753280537065 0.439480244751037 0.0462012794187421 0.184493638249476 0.365739887038626
0.22255325567929 0.0665908857102679 0.0920028130601876 0.353103698298392 0.0731767470205906 0.079103316479242 0.366003194879337 0.0470123834630638 0.13031197157541 0.314794539783169
0.193687498066857 0.0727184867463189 0.0511272122614529 0.33624778387226 0.0776584535114723 0.0414512613115943 0.345923734822119 0.0488030086134678 0.0979205523814728 0.28945444375224
0.206711861689273 0.077652403502237 0.0544679899593113 0.358955733419234 0.0836282277155212 0.0427651563555115 0.370658567023034 0.0531778876126541 0.102335629430538 0.311088093948008
0.247806010098212 0.0780163531228511 0.0948502656188149 0.400761754577609 0.0861287926574901 0.0789621209428391 0.416649899253584 0.051619483576821 0.146472936659601 0.349139083536823
0.171318376716849 0.0642098740129082 0.045439796188199 0.297196957245499 0.0686240122741264 0.0367935870249082 0.30584316640879 0.0447938161406459 0.0834370370850743 0.259199716348623
0.309191882720951 0.075069868866447 0.162022219523163 0.456361545918739 0.0870356819377134 0.138582353058419 0.479801412383483 0.0498787342647061 0.2113104751749 0.407073290267002
0.223169448441164 0.0618787392240951 0.101871848751913 0.344467048130415 0.0681234160727006 0.0896368923302842 0.356702004552044 0.0413913316778795 0.141985427787638 0.30435346909469
0.248005301320738 0.0734555103258844 0.103990100996638 0.392020501644839 0.0816078533006195 0.0880240018850126 0.407986600756464 0.0506080941872995 0.148677371830023 0.347333230811453
0.203163119402128 0.0670085874469751 0.0718051490274967 0.334521089776759 0.0731948314374034 0.0596858158066452 0.34664042299761 0.0458800307825287 0.1131664895173 0.293159749286955
0.28493864889655 0.074667522609835 0.13854174399686 0.43133555379624 0.0843047600970109 0.119668753466253 0.450208544326846 0.0507959994622921 0.185217334553315 0.384659963239785
0.247126537167962 0.0775970443333903 0.0950052052562332 0.39924786907969 0.0857921937373751 0.0789518308040275 0.415301243531896 0.051263005052691 0.146535138290763 0.347717936045161
0.233838128629559 0.062361426841823 0.111585930053947 0.356090327205171 0.0694265920719947 0.0977456325004868 0.369930624758631 0.0441448801194358 0.14724227641841 0.320433980840708
0.134573311873634 0.0682263274558335 0.000818605536720751 0.268328018210547 0.0706934400732407 -0.00401345276694517 0.273160076514213 0.046734823028804 0.042870231871932 0.226276391875336
0.296172122975591 0.0782544508641619 0.142779785096573 0.44956446085461 0.090283267959751 0.119209469201944 0.473134776749239 0.0495471722083647 0.198996673852903 0.39334757209828
0.233904254433913 0.0722670227404222 0.0922232102606396 0.375585298607186 0.0795237746397057 0.0780102924956012 0.389798216372224 0.0489460379634595 0.137841993778969 0.329966515088856
0.301606116431414 0.0692415046890992 0.165877711534322 0.437334521328505 0.0801352074946888 0.144532675259949 0.458679557602878 0.0446930585800577 0.213944032311199 0.389268200551629
0.185023588079377 0.0633750680492237 0.060765506728053 0.3092816694307 0.067874292766924 0.0519556030812005 0.318091573077553 0.0460540317002817 0.0946413708636 0.275405805295153
0.23880866490215 0.0718430632662262 0.0979835724944541 0.379633757309846 0.079613328175395 0.0827581839605809 0.394859145843719 0.0461321488004648 0.148333588192815 0.329283741611485
0.272618721799628 0.0641937247144713 0.14679216333121 0.398445280268045 0.0739563058673188 0.127661029233565 0.41757641436569 0.0413913353471589 0.191458976240649 0.353778467358607
0.232200817221048 0.06355118055414 0.107614007403863 0.356787627038233 0.0700598127669702 0.0948646244481051 0.369537009993991 0.0439053548990493 0.146060542335604 0.318341092106493
0.245800863676386 0.0779430236263936 0.0929582607207361 0.398643466632037 0.0854139701704361 0.0783339928297889 0.413267734522984 0.0551763631607103 0.137439569452558 0.354162157900215
0.222656289073042 0.0733993745831103 0.078759911206988 0.366552666939097 0.0801104923246661 0.0656147319804202 0.379697846165664 0.0493252625564934 0.125860997188096 0.319451580957988
0.307479934098401 0.0705510584803133 0.169169867591126 0.445790000605676 0.0816308171096325 0.147465472238927 0.467494395957875 0.0467708638377861 0.215698955333268 0.399260912863534
0.171815028880929 0.0663433132720731 0.0417576962935252 0.301872361468333 0.0702450662529457 0.0341146286633985 0.30951542909846 0.045388813487384 0.0827707500445373 0.260859307717321
0.260238979005889 0.0742019445537803 0.114771530969359 0.405706427042418 0.0833666769874262 0.0968191043377457 0.423658853674032 0.048677321150241 0.164711530845465 0.355766427166312
0.232611606069277 0.0720651059279554 0.0913368563545108 0.373886355784043 0.0791030815291144 0.0775499312793738 0.38767328085918 0.0478306539853107 0.138763449963478 0.326459762175076
0.150102000707092 0.0781583163886363 -0.00315179410761357 0.303355795521798 0.0814346077617118 -0.00956551775936468 0.309769519173549 0.0547878309131566 0.0425270593822333 0.257676942031951
0.295475274326627 0.0772410472488205 0.144012229182147 0.446938319471107 0.0874483721698819 0.124029060668039 0.466921487985215 0.0541869265397413 0.189058010003094 0.401892538650161
0.16863926013488 0.0716056977606191 0.028200853650235 0.309077666619525 0.0754524559146256 0.0206749862398445 0.316603534029915 0.0531248924448562 0.0642862981800256 0.272992222089734
0.322896974221958 0.0819658507532248 0.162203986326337 0.483589962117579 0.0954519033166791 0.135787537613602 0.510006410830314 0.0544456343244572 0.21603905193847 0.429754896505446
0.284568964398129 0.0783649121194781 0.130936943187435 0.438200985608822 0.0893665996589733 0.109386938331589 0.459750990464668 0.0529535155323515 0.180653462164791 0.388484466631467
0.20563941780294 0.0714451632512685 0.0655841531281872 0.345694682477694 0.0771125603146659 0.0544814419365425 0.356797393669338 0.0474782458427863 0.112497432340199 0.298781403265682
0.239710604016065 0.0685239829550731 0.105387386231792 0.374033821800339 0.0759016083333661 0.0909324413747445 0.388488766657386 0.0439484948763516 0.153502286265613 0.325918921766517
0.253356153204218 0.070328868144963 0.115487835533901 0.391224470874535 0.0782852761495044 0.0999007866347802 0.406811519773657 0.0463733610517191 0.162374331693052 0.344337974715384
0.296374222674278 0.0734365111768415 0.152429112612898 0.440319332735657 0.0853660663861538 0.129052045037038 0.463696400311517 0.0461671140666034 0.205839246067669 0.386909199280886
0.237912985308127 0.0629642705256005 0.114490565506162 0.361335405110093 0.0705295567890899 0.0996671234148009 0.376158847201453 0.042746794072398 0.154083755444903 0.321742215171351
0.242601413196486 0.0716470070007828 0.10215960602748 0.383043220365492 0.0791385578234544 0.0874806294515689 0.397722196941403 0.0451171101660323 0.154108370640185 0.331094455752787
0.197856252781251 0.066989595644348 0.0665199908392399 0.329192514723263 0.0722284343490554 0.0562599571568114 0.339452548405691 0.0469161674515893 0.105788421561728 0.289924084000775
0.321521463911065 0.0724641037886042 0.179472220389983 0.463570707432146 0.0847112237230994 0.155476614817952 0.487566313004178 0.0466317138669898 0.230041578773115 0.413001349049015
0.230138101435338 0.0775227524732944 0.0781433952953466 0.38213280757533 0.0846363435020634 0.0642132668411892 0.396062936029487 0.0519835018583639 0.12807661457683 0.332199588293847
0.334497155165813 0.0797144218708461 0.178205342546299 0.490788967785328 0.0934402867922709 0.151323777501189 0.517670532830438 0.0542217246182549 0.228051399076776 0.440942911254851
0.223527631286591 0.0655646295172777 0.0949964972344048 0.352058765338777 0.0718692074081205 0.0826462104125706 0.364409052160611 0.0443038439139197 0.136606695371375 0.310448567201807
0.226207420337788 0.0670238327901545 0.0948247111452944 0.357590129530282 0.0739215353459284 0.0813101510266035 0.371104689648973 0.0448317805681955 0.13827719308927 0.314137647586307
0.238361665387689 0.0708827793822488 0.099416618577458 0.377306712197919 0.0782680992769862 0.0849461211666367 0.39177720960874 0.0446972629389006 0.150687390527242 0.326035940248135
0.16309752933872 0.0655154073511672 0.0346724399094731 0.291522618767968 0.0691754139856936 0.0275015549211475 0.298693503756293 0.0425075079396538 0.0797211466612908 0.24647391201615
0.223737191473973 0.073291764893319 0.0800491219296134 0.367425261018332 0.0795991986833628 0.0676953040596365 0.379779078888309 0.050054121132708 0.125510834597982 0.321963548349964
0.212249205336985 0.0798239580489904 0.055711589948193 0.368786820725778 0.0862229904253556 0.0431873916574875 0.381311019016483 0.0576281178506024 0.0990725272514067 0.325425883422564
0.280331764681482 0.0762448166208824 0.130874559111036 0.429788970251929 0.087314159857659 0.10918576584536 0.451477763517604 0.0484382518411139 0.185316049232589 0.375347480130376
0.167456586614806 0.0671578503025906 0.0357982441430376 0.299114929086574 0.0710794417801753 0.0281169790990125 0.306796194130599 0.0469581928220515 0.075328374294648 0.259584798934963
0.287199410093497 0.077329622270909 0.135611783671523 0.438787036515471 0.0882918212119288 0.114134260525434 0.46026455966156 0.0492762481497293 0.19052554862369 0.383873271563304
0.271432402861521 0.0677688873116195 0.138579677605757 0.404285128117286 0.0764065254332907 0.121658726926941 0.421206078796102 0.0446466871599336 0.183827979778612 0.359036825944431
0.222190876086329 0.0726552968738154 0.0797655394887936 0.364616212683864 0.0791235196882006 0.0670933776779002 0.377288374494757 0.0468230356565754 0.130331277576907 0.314050474595751
0.267004495664296 0.080362654272148 0.109445905555544 0.424563085773049 0.0890687502751662 0.0923957314278212 0.441613259900772 0.0537009070473757 0.16158258350447 0.372426407824123
0.226762422129365 0.0741770767774828 0.0813425220270528 0.372182322231678 0.0808407245176266 0.0682900896094058 0.385234754649325 0.0491142446764835 0.130377847245025 0.323146997013706
0.228226873364435 0.067304360799232 0.0962940328824288 0.36015971384644 0.0743443141097056 0.0825008082055272 0.373952938523342 0.0450224810073727 0.139921867764638 0.316531878964231
0.184882791974332 0.0679955073235183 0.0515492801184216 0.318216303830242 0.0723190121314896 0.0430863073612089 0.326679276587454 0.0494422898832255 0.0878090177922854 0.281956566156378
0.276786333196296 0.0811093650729261 0.117753948104895 0.435818718287697 0.0911401787865382 0.0981119114531119 0.45546075493948 0.0560891035095152 0.166669162686187 0.386903503706404
0.261222665370166 0.0745221391272921 0.115105344469719 0.407339986270614 0.0827312962398633 0.0990309329989813 0.423414397741351 0.0519892907494977 0.159158589174239 0.363286741566093
0.252637006393422 0.0659048912479752 0.123445365635764 0.38182864715108 0.0738689694948457 0.107841980281959 0.397432032504885 0.0442660937956561 0.165809601074209 0.339464411712635
0.262292086409017 0.0704326515006192 0.12422330437928 0.400360868438754 0.0792279647320958 0.106991744935876 0.417592427882158 0.0454988675511076 0.173029363467085 0.351554809350949
0.183891887860399 0.0770323838055359 0.0328396945653384 0.33494408115546 0.0815336731193998 0.0240285349229981 0.343755240797801 0.053934373514253 0.0779738457340318 0.289809929986767
0.20403432576353 0.070175701018463 0.0664407095543472 0.341627941972713 0.0757625784063675 0.0555012640874123 0.352567387439648 0.0501444954218414 0.105610877267681 0.302457774259379
0.273381249946557 0.067930116312175 0.140225541323723 0.406536958569391 0.0777505666810467 0.120982851260424 0.425779648632691 0.0447921165527531 0.185537525091015 0.361224974802099
0.206528731316859 0.0665007018623673 0.0761725839350143 0.336884878698704 0.0721978101046205 0.0650102090843319 0.348047253549386 0.0440388320321948 0.120155064555599 0.29290239807812
0.292822611173231 0.0791857477744226 0.137583380486026 0.448061841860435 0.0901806497096782 0.116046049940311 0.469599172406151 0.051730917051972 0.19129537532226 0.394349847024201
0.160391678685368 0.0751325832153043 0.0130914914593304 0.307691865911405 0.0789311018175188 0.00565245193828687 0.315130905432448 0.0520040016078777 0.058335821564224 0.262447535806511
0.217732098086843 0.0696725702843093 0.0811544309000445 0.354309765273642 0.0758871372086907 0.0689790648201137 0.366485131353573 0.0450812279059758 0.129293468878433 0.306170727295254
0.213399346587529 0.0744032651011128 0.0675295957706711 0.359269097404386 0.0805884672145028 0.0554157788600853 0.371382914314972 0.0497574952534344 0.115735758583279 0.311062934591778
0.229170265912245 0.0718850501388112 0.0882513357193995 0.370089196105091 0.0791070056572248 0.074103259714413 0.384237272110078 0.0472972073189186 0.136375203076607 0.321965328747884
0.254803094217948 0.0798273088029604 0.0982923048158731 0.411313883620023 0.0889496146207647 0.0804273709133138 0.429178817522582 0.0544869792353516 0.147846422483296 0.361759765952601
0.217814696582284 0.0681575770821072 0.0842125852974101 0.351416807867157 0.0746533845195534 0.0714847927047212 0.364144600459846 0.0445121000724285 0.130516135829917 0.305113257334651
0.255752500868776 0.0684985449005663 0.121476719505929 0.390028282231622 0.0770077891753075 0.104805158291879 0.406699843445672 0.0437376058240134 0.169947252862577 0.341557748874974
0.276517679725114 0.069174941554056 0.14092017142445 0.412115188025777 0.0792373710445096 0.121203899733669 0.431831459716558 0.0438079088210183 0.190588330233186 0.362447029217042
0.200910860568422 0.06907000325668 0.0655169218766955 0.336304799260148 0.0750292773617233 0.0538411854089138 0.347980535727929 0.0460163007713017 0.110655535708173 0.29116618542867
0.213883858991651 0.0621163188844459 0.0921048530236152 0.335662864959686 0.0678162519719918 0.0809408923935405 0.346826825589761 0.0435577647084945 0.128415674186867 0.299352043796435
0.187392401236429 0.0765444768863925 0.037331481743667 0.337453320729191 0.0813792458154657 0.0278616372090468 0.346923165263811 0.0503378315012483 0.0886035886484682 0.286181213824389
0.286567543477304 0.0684390849458857 0.152411932273959 0.420723154680649 0.0787628497620331 0.132183734040066 0.440951352914542 0.0441637868387856 0.199943059790946 0.373192027163663
0.26293099636876 0.068330170939367 0.128978213616207 0.396883779121313 0.0773238936515283 0.111359554145554 0.414502438591966 0.0464884409179305 0.171726001835376 0.354135990902144
0.214442028058898 0.0647884498350652 0.0874359507465681 0.341448105371228 0.071017450974985 0.0752328823512975 0.353651173766499 0.0437799936220574 0.128560067115831 0.300323989001965
0.294118323939715 0.0722554433462532 0.152485227586138 0.435751420293293 0.0839152380210526 0.12963788523037 0.458598762649061 0.0447845574943063 0.206279044625182 0.381957603254249
0.18482531373725 0.0651087883561162 0.0571963343398498 0.312454293134651 0.0698565792471699 0.0478942808746407 0.32175634659986 0.0437079897011094 0.0990993687427019 0.270551258731799
0.206747994686355 0.0677742752226468 0.073881251668745 0.339614737703965 0.0730189007689897 0.0636083086210816 0.349887680751628 0.0458833366811705 0.116716363546469 0.296779625826241
0.203477001875621 0.068166501261422 0.0698571874059372 0.337096816345305 0.0737884271253852 0.0588417857039698 0.348112218047273 0.0448020838458345 0.115610403638538 0.291343600112705
0.227279382452438 0.0708988557898662 0.0882739198458342 0.366284845059042 0.0776092758599375 0.0751327332553222 0.379426031649554 0.0500473891753392 0.129056659308323 0.325502105596553
0.275539577925287 0.0706650777961998 0.137018097971849 0.414061057878725 0.0804831125073935 0.117781719797844 0.43329743605273 0.0466820931125844 0.183973300354738 0.367105855495836
0.229349642397414 0.0696649416299084 0.0927759380494685 0.36592334674536 0.0767594789594566 0.0788792145173247 0.379820070277504 0.0476441361993756 0.135865825939069 0.322833458855759
0.210511608883729 0.0701754724599678 0.072936582346902 0.348086635420556 0.0763242342530871 0.0608927226159647 0.360130495151493 0.048138743735937 0.116057139843359 0.304966077924099
0.20512364650787 0.067454408532259 0.0728933896077147 0.337353903408025 0.0740337321280839 0.0600035238319057 0.350243769183834 0.0463277130501594 0.114254908168899 0.295992384846841
0.236056680917386 0.0674618235393315 0.1038078378847 0.368305523950072 0.0747495548937683 0.0895310615761561 0.382582300258616 0.0444057210228702 0.148931478974365 0.323181882860408
0.189147535671765 0.0681430581182588 0.0555597436274419 0.322735327716088 0.0730519092538257 0.0459441961011016 0.332350875242429 0.046949488718805 0.097036884980393 0.281258186363137
0.265274711754745 0.0736761438712614 0.120848943771339 0.40970047973815 0.0827877129080268 0.102997439515015 0.427551983994475 0.0473476872772207 0.172387547964783 0.358161875544707
0.210038655378738 0.0670586825918715 0.0785753281853112 0.341501982572165 0.0725033194083429 0.0679104525963342 0.352166858161142 0.0452401363865032 0.121269465399304 0.298807845358172
0.205755382247042 0.0777770498368103 0.0532183281275278 0.358292436366556 0.0829494713080474 0.0430975888246965 0.368413175669388 0.0569513139611127 0.0938858224555202 0.317624942038564
0.240902482337615 0.0711215455720891 0.101483594393194 0.380321370282037 0.0792318185574554 0.0855941779356503 0.396210786739581 0.0474753492264634 0.147774389867362 0.334030574807869
0.2067030091369 0.0633147808383993 0.0825755129414663 0.330830505332333 0.0690407854306185 0.0713602563032015 0.342045761970598 0.0457312371433123 0.116984308447898 0.296421709825901
0.279080738784023 0.074327856519384 0.13337709471529 0.424784382852755 0.0834726913800659 0.115460522427712 0.442700955140334 0.0468803232826733 0.18710236797876 0.371059109589286
0.258791012756644 0.0694389643681942 0.122674711426284 0.394907314087005 0.0778244362846809 0.10624482827715 0.411337197236138 0.0446489040980188 0.171211389258668 0.346370636254621
0.291778217263323 0.0704231160491677 0.15373375277321 0.429822681753436 0.0806695485076258 0.133657036790844 0.449899397735802 0.0444977045094134 0.204494136067544 0.379062298459103
0.251623414189032 0.0741580974430975 0.106197047799648 0.397049780578416 0.0817379502186845 0.0913608644187415 0.411885963959323 0.0534172013806727 0.146715492569355 0.35653133580871
0.168391527578553 0.0717393909645876 0.0277432013138669 0.30903985384324 0.0757108775404517 0.0199654572483612 0.316817597908746 0.0495401121249175 0.0711679248101207 0.265615130346986
0.251244308594324 0.0750096131906173 0.104186269820027 0.398302347368622 0.0833613385995241 0.0878285652670018 0.414660051921647 0.0508795715725645 0.151387789424723 0.351100827763925
0.228496226447435 0.0772391699361903 0.0770744389578099 0.379918013937061 0.0850059383670908 0.0618607971852121 0.395131655709659 0.051502167124725 0.127432973583641 0.32955947931123
0.263587881277941 0.0756762453096102 0.115227512818765 0.411948249737116 0.084335866908545 0.0982654172593945 0.428910345296487 0.0506820521205779 0.16412741210125 0.363048350454632
0.227258220848688 0.0664489649884309 0.0969991624125886 0.357517279284788 0.0731728953732123 0.08382589591489 0.370690545782487 0.0439003010657745 0.141140669910175 0.313375771787202
0.274488775432739 0.075198652811729 0.127071254351076 0.421906296514401 0.084488206965768 0.108873168416258 0.440104382449219 0.0495749554350176 0.177215812634473 0.371761738231005
0.193533739658756 0.0739647577974401 0.0485049095472321 0.338562569770281 0.079165720964761 0.0383223843672566 0.348745094950256 0.0522828446343716 0.0908895428054609 0.296177936512052
0.244933343342962 0.0691074391440984 0.109459040216166 0.380407646469758 0.0767814712328971 0.0944253148149115 0.395441371871013 0.0446928025892658 0.15724006685549 0.332626619830434
0.201856545523497 0.0681306613621761 0.068279998250277 0.335433092796717 0.0734720331260092 0.0578197984341696 0.345893292612825 0.0483845388148894 0.106904693025701 0.296808398021293
0.194787331732453 0.0695325449984718 0.0584795459692354 0.331095117495671 0.0741799184685344 0.0493755377698768 0.34019912569503 0.0447371040300044 0.107004623987306 0.2825700394776
0.253657213478712 0.0725874401594248 0.111356522433696 0.395957904523728 0.0812045085987929 0.0944765026691399 0.412837924288284 0.0488799560280419 0.157749629087356 0.349564797870068
0.192490037261898 0.0709452371903963 0.0533950841801687 0.331584990343627 0.0760822130570101 0.0433352831069631 0.341644791416832 0.0491033562568397 0.0961138344731998 0.288866240050596
0.2228554478105 0.0699808567582894 0.0856678627130001 0.360043032908 0.0765790352970504 0.0727422150405017 0.372968680580498 0.0470548685530742 0.130538654773118 0.315172240847882
0.276975815015213 0.0733815463296568 0.133128520244734 0.420823109785692 0.0835994868195821 0.113108881431969 0.440842748598456 0.0476286946490549 0.183544382028621 0.370407248001805
0.209128741831332 0.0688300426619221 0.0741881652476621 0.344069318415002 0.0743041423300885 0.0634665490631377 0.354790934599526 0.0471300279449057 0.116642807922889 0.301614675739775
0.278075725800704 0.0697012285178704 0.141443723929121 0.414707727672288 0.0794723136124916 0.122299290938063 0.433852160663345 0.0446524865562173 0.190481938827343 0.365669512774066
0.285770210054555 0.0660555960121212 0.15628493315617 0.415255486952939 0.0756584900393974 0.137469858279985 0.434070561829124 0.0427459821551859 0.201920618131099 0.36961980197801
0.189243991688133 0.0709192980772286 0.0501914358830777 0.328296547493189 0.0760993556979882 0.0400488710442792 0.338439112331988 0.051684030993068 0.0878073515104077 0.290680631865859
0.161906031244609 0.0679685572252057 0.0286520229793228 0.295160039509896 0.0717472338702513 0.0212516605297008 0.302560401959518 0.0483066878547372 0.067120492915012 0.256691569574207
0.208268672196319 0.0763327763152982 0.0585679528705013 0.357969391522136 0.0818637044790009 0.0477448131383463 0.368792531254291 0.0566179068595794 0.0970757445968076 0.31946159979583
0.305960811794244 0.08105802132212 0.147068596405441 0.464853027183048 0.094236945728994 0.121246165956256 0.490675457632232 0.0513618559726863 0.205209198798625 0.406712424789863
0.310001674378376 0.073669308693602 0.165593340308598 0.454410008448154 0.0860246535002975 0.141384430249611 0.478618918507141 0.0472475201179542 0.217325626997053 0.402677721759699
0.284347095208719 0.0680538653045851 0.15095027266769 0.417743917749748 0.0781865405013004 0.131095259704178 0.43759893071326 0.0414566341028854 0.203032954653256 0.365661235764182
0.253139302954355 0.0717259253635335 0.11253052826804 0.393748077640671 0.0801771368664045 0.0959745678224693 0.410304038086241 0.0481311939823493 0.158709357969903 0.347569247938808
0.252761174758336 0.0784681830098768 0.0989261160398832 0.406596233476789 0.0875564039853541 0.0811248094955141 0.424397540021158 0.0529517780379145 0.148846500755225 0.356675848761447
0.252666766071843 0.0705267225302162 0.114403989183336 0.390929542960349 0.0787669652357674 0.098262706745547 0.407070825398138 0.0468465032611 0.160736798620693 0.344596733522992
0.182615425857785 0.075776384485449 0.0340540800618637 0.331176771653707 0.08060018511475 0.0246067663905215 0.340624085325049 0.0518250011345365 0.0809077375931943 0.284323114122376
0.1469531509968 0.0647759297161597 0.0199749139485427 0.273931388045058 0.0675947451072391 0.0144525066680882 0.279453795325512 0.0427667633294771 0.0630631722094028 0.230843129784198
0.219136095187977 0.0770095263055095 0.0681383489465488 0.370133841429406 0.0831308057228991 0.0561535480870269 0.382118642288928 0.0534173502164661 0.114254448360745 0.32401774201521
0.219679049480958 0.0656267276497039 0.091018521139159 0.348339577822756 0.0716524264318635 0.079216364449826 0.360141734512089 0.0455690550269228 0.130262185152607 0.309095913809308
0.238283994084215 0.0696428282604827 0.101761347902253 0.374806640266178 0.0772111664386443 0.0869343894815542 0.389633598686876 0.0459069305714091 0.148219974154644 0.328348014013786
0.262091802902401 0.0671290484696765 0.13049349519232 0.393690110612481 0.0755069487455686 0.11408137595661 0.410102229848191 0.0455933448651681 0.172641721241244 0.351541884563557
0.282211507273501 0.0680207630425518 0.148876637627554 0.415546376919448 0.0776098846783436 0.130087737070404 0.434335277476598 0.0444414037106756 0.195048317274787 0.369374697272215
0.217906646934597 0.0672975929493794 0.0859715222301908 0.349841771639003 0.0733253807239492 0.0741650522721953 0.361648241596998 0.0458614644728021 0.127911454279985 0.307901839589209
0.22529362547393 0.078659237918563 0.0710559661095227 0.379531284838337 0.084995287125218 0.0586517260882524 0.391935524859607 0.0550509764590084 0.117195928422543 0.333391322525316
0.220986134251207 0.0785717119510133 0.0669090523678439 0.375063216134569 0.085196149709831 0.053942510703576 0.388029757798837 0.0565640497659871 0.10990964475389 0.332062623748524
0.212073406148029 0.072728287010512 0.0694937487692805 0.354653063526778 0.0788417029995949 0.0575191665049452 0.366627645791113 0.0482295377257276 0.117425682149207 0.306721130146851
0.228894318539797 0.0722526884990614 0.0872515239531069 0.370537113126488 0.0795131884671976 0.0730287293084596 0.384759907771135 0.0479316503392547 0.134846725957452 0.322941911122142
0.216915407501645 0.0610713614283036 0.0971949981092414 0.336635816894048 0.0670667358962131 0.0854498507508929 0.348380964252396 0.0427983117262128 0.132966144715222 0.300864670288067
0.223851275560489 0.0675248068300092 0.0914582832582939 0.356244267862684 0.07399798402051 0.0787823323877546 0.368920218733224 0.0470380127340856 0.131519851139287 0.316182699981691
0.269139500303069 0.0737810472091995 0.124511967648086 0.413767032958053 0.0829817764172305 0.106484615803307 0.431794384802832 0.0471108165260281 0.176729667913748 0.361549332692391
0.25079095877039 0.0752540216849673 0.103252366164313 0.398329551376467 0.0836990725311127 0.0867122353857527 0.414869682155028 0.0514839814509197 0.14974846717647 0.351833450364311
0.172446429832494 0.0658954459185625 0.043255513108049 0.301637346556938 0.069939590513432 0.0353353907152656 0.309557468949722 0.0476634574107184 0.0789267074955686 0.265966152169419
0.238402648875144 0.0721909068759887 0.0968830709156035 0.379922226834684 0.0802629265646127 0.0810698312800459 0.395735466470241 0.0474439589280542 0.145315470508155 0.331489827242132
0.237417488161646 0.0680768245700427 0.103962049393849 0.370872926929443 0.0756568089407232 0.0891129691591101 0.385722007164182 0.045362871494487 0.148415499683392 0.3264194766399
0.191336850450976 0.0720994598030692 0.0499871341068032 0.332686566795149 0.0770758346076014 0.0402404019709736 0.342433298930979 0.0493348263729979 0.0945256109102264 0.288148089991726
0.187825152918631 0.0713890773632674 0.0478592793804771 0.327791026456785 0.0757940948199815 0.0392331454929352 0.336417160344326 0.0492043881016949 0.0912461295925757 0.284404176244686
0.260243245957918 0.0726175437895341 0.1178859050281 0.402600586887737 0.0817133878011187 0.100067196348638 0.420419295567199 0.0485609859282315 0.164966498976506 0.355519992939331
0.207781883771146 0.0721972703835529 0.0662355703166735 0.349328197225618 0.0783804613714267 0.0541259752565492 0.361437792285743 0.0502583396400691 0.109151941329018 0.306411826213274
0.246602998182555 0.0793097161543335 0.0910903483654387 0.40211564799967 0.0875659055318054 0.0749261183354057 0.418279878029703 0.0558620806290248 0.136919151114877 0.356286845250232
0.269216715153689 0.0675147616825513 0.136862490540348 0.40157093976703 0.0760883233350573 0.120066975191713 0.418366455115665 0.0452220481941404 0.180490798869469 0.357942631437909
0.236738861779849 0.0736828897353851 0.0923020649541457 0.381175658605553 0.0815707504790239 0.0768476611775516 0.396630062382147 0.0485456932278244 0.141517623981393 0.331960099578306
0.224629782298583 0.0717691991103253 0.0839326301407207 0.365326934456446 0.0780524361205728 0.0716248598466878 0.377634704750479 0.0470001003062293 0.132396846804641 0.316862717792525
0.191939906776075 0.0665291965337285 0.0615054819997866 0.322374331552364 0.0717980886160842 0.05118673885372 0.33269307469843 0.0486280333793996 0.0965292401219743 0.287350573430176
0.170081023415719 0.0672128610688672 0.0383028065971001 0.301859240234337 0.071193617606741 0.0305075549095468 0.309654491921891 0.0483707484065669 0.075159476551479 0.265002570279958
0.188112054092998 0.0673159606884394 0.0561338709102641 0.320090237275731 0.0725874586013973 0.0458102928038456 0.33041381538215 0.0488803974013125 0.0922002150820516 0.284023893103944
0.234349198948446 0.0664686448722146 0.10404946490528 0.364648932991613 0.0738832950723316 0.0895234302790944 0.379174967617798 0.0441136026060909 0.147807389850883 0.320891008046009
0.233659371983675 0.0724692981923151 0.0915983543141315 0.375720389653219 0.079732966237292 0.0773677582561464 0.389950985711204 0.0474405098323206 0.140592769505335 0.326725974462016
0.251876639521983 0.0723410268805493 0.110037245860691 0.393716033183275 0.0800932445798173 0.0948572856869619 0.408895993357005 0.0510815714506534 0.151606227857297 0.35214705118667
0.152242815941873 0.0656270886457279 0.0235834226797198 0.280902209204027 0.0687296267492516 0.01750678761823 0.286978844265517 0.0445546870882624 0.0648127549940001 0.239672876889747
0.171594002512936 0.0710840776517871 0.0322302188247022 0.310957786201169 0.0753622953714926 0.02385175067617 0.319336254349701 0.049252979128104 0.0749349020170825 0.268253103008789
0.168465188074115 0.0762154870835117 0.0190400240842481 0.317890352063981 0.0798862586623251 0.0118514415465955 0.325078934601634 0.0528576710973785 0.0647293568769625 0.272201019271267
0.182369069724944 0.065416063367564 0.0541271701515284 0.310610969298359 0.0697879430742151 0.0455635200772058 0.319174619372681 0.0437758776786244 0.0964738332459304 0.268264306203957
0.214571786447623 0.0702871853447945 0.0767813710945219 0.352362201800724 0.0768191859973378 0.0639859219049821 0.365157650990264 0.0476919822311595 0.121000907388609 0.308142665506637
0.265146837130959 0.0714966328048688 0.124995121469171 0.405298552792746 0.0808499700189986 0.106669362057653 0.423624312204265 0.0462698267213867 0.174382515900568 0.355911158361349
0.229581206334353 0.0694596708684439 0.0934222950927163 0.365740117575989 0.0762182442408713 0.0801807093477729 0.378981703320932 0.0457298506479976 0.139880609821895 0.31928180284681
0.279019606494707 0.07443306507241 0.13310967291047 0.424929540078943 0.0846033836792829 0.113183810606401 0.444855402383012 0.047286820579735 0.186246215447249 0.371792997542164
0.220531712823407 0.0761303272813132 0.0712177664292005 0.369845659217613 0.0820796186942199 0.0595778420353498 0.381485583611464 0.0557764309451998 0.110954036780707 0.330109388866106
0.298588804074341 0.0744765695439607 0.152556838589633 0.44462076955905 0.0847510313967103 0.132438736877448 0.464738871271235 0.0512244963407788 0.19800420917108 0.399173398977603
0.352186903278109 0.0750259642693731 0.205120623659477 0.499253182896741 0.0901952414608799 0.175397066370523 0.528976740185696 0.0472447476148821 0.259516399801972 0.444857406754246
0.213532453438734 0.0674154796273974 0.0813784962024621 0.345686410675006 0.0735304606951775 0.0693984096435515 0.357666497233916 0.0455608382978019 0.124163387260153 0.302901519617315
0.263368640211368 0.0888308259566594 0.0891763006809293 0.437560979741806 0.0978137870315498 0.0715918965027512 0.455145383919984 0.0615693464769131 0.142432862607771 0.384304417814965
0.247871343317697 0.0714392194182672 0.107826967975187 0.387915718660206 0.0796441564573356 0.0917528460230061 0.403989840612387 0.0474608883691251 0.15476070758933 0.340981979046063
0.265143774018456 0.0740025027276247 0.120079998773695 0.410207549263218 0.0833702728752424 0.101725981659484 0.428561566377429 0.0471249753335029 0.172697063993839 0.357590484043073
0.131038537641799 0.0741552883462938 -0.0143430389271261 0.276420114210724 0.0766589276946626 -0.0192462993112422 0.28132337459484 0.0506894053395105 0.031564139488975 0.230512935794623
0.264113031056976 0.0644692205115061 0.137743891576667 0.390482170537285 0.0736526475774622 0.11974858840258 0.408477473711372 0.0411271343176958 0.183459897651806 0.344766164462145
0.256690276797235 0.0730165662832743 0.113541444256207 0.399839109338263 0.0817763390214554 0.0963838439953527 0.416996709599117 0.0491800621878817 0.160171386616685 0.353209166977785
0.220865378664575 0.0754336024158859 0.0729825319308227 0.368748225398328 0.0817730717822271 0.0605650786135245 0.381165678715626 0.0503333222415003 0.122093585075577 0.319637172253574
0.215467121100167 0.0735211156564545 0.0713335639998043 0.359600678200531 0.0804993764176755 0.057664718786899 0.373269523413436 0.0515322260962714 0.11436462532737 0.316569616872965
0.265256010681333 0.0773863198570423 0.113550641880934 0.416961379481733 0.0867895244041307 0.0951297160344785 0.435382305328188 0.0509428795503958 0.165301147391668 0.365210873970999
0.247034054701264 0.0736947111340113 0.102565420744798 0.391502688657731 0.0815220153663664 0.0872319356717478 0.406836173730781 0.0484959160202624 0.151879655571387 0.342188453831141
0.205988486807207 0.0697466175237263 0.0692587227037628 0.342718250910651 0.075060115514925 0.0588501736295831 0.353126799984831 0.0463521728447358 0.115041334090243 0.296935639524171
0.175556795917467 0.0697599485833048 0.038799991720737 0.312313600114196 0.0740024971679294 0.0304895903122422 0.320624001522691 0.0476860839972277 0.0820003672438403 0.269113224591093
0.259285270363458 0.0695386429154364 0.12296435964152 0.395606181085395 0.0782308467001531 0.105936192625195 0.41263434810172 0.0460439996071971 0.168945275310464 0.349625265416451
0.218129644126023 0.0686240815333457 0.0835972297858958 0.35266205846615 0.0752812689571825 0.0705570685494868 0.365702219702558 0.047865622626972 0.124221303741403 0.312037984510642
0.249734653346959 0.0622978035977701 0.127605298167052 0.371864008526866 0.0697824819101711 0.112943649929626 0.386525656764292 0.0426773600855215 0.16600170167784 0.333467605016078
0.275974707174045 0.0699350937438964 0.138892020130365 0.413057394217724 0.0801925450827802 0.118791968249518 0.433157446098571 0.0454173846148724 0.186912896711158 0.365036517636931
0.274751436154441 0.0695970168468002 0.138328198221741 0.411174674087141 0.0796626934748912 0.118605029848798 0.430897842460084 0.0445610408336377 0.187353967020592 0.36214890528829
0.238444307167852 0.0654730890840917 0.110100613200127 0.366788001135576 0.0725986351278911 0.0961398096692899 0.380748804666414 0.043945237594977 0.152251023301715 0.324637591033989
0.208943874677219 0.0632603502407172 0.0849269542492383 0.332960795105199 0.0691789840716205 0.0733334506524526 0.344554298701985 0.0444939053043375 0.121654268738827 0.29623348061561
0.284423004944688 0.0677626998738607 0.151595311756528 0.417250698132849 0.0777045928260005 0.13211469388893 0.436731316000447 0.0438068239676563 0.198506763587212 0.370339246302164
0.183719948648604 0.0679902947570123 0.0504417736528516 0.316998123644356 0.0723222370010697 0.0419546464081076 0.3254852508891 0.0438806520421302 0.0976423211307848 0.269797576166422
0.241451867875121 0.0730024215410428 0.0983109469222484 0.384592788827994 0.0805780560078234 0.0834780570807656 0.399425678669476 0.0510193925558323 0.141283202531663 0.341620533218579
0.264552482533288 0.0672060958755347 0.132818546348203 0.396286418718373 0.0768301296198754 0.113959890507872 0.415145074558704 0.0425245972591419 0.181156798119137 0.347948166947439
0.244816805477289 0.0777030200380925 0.0924811885315074 0.39715242242307 0.0858233185558952 0.0765761399882187 0.413057470966358 0.0528166693070885 0.141168963551594 0.348464647402983
0.31028321455683 0.0732998511549936 0.166587877388245 0.453978551725415 0.0848919986446737 0.143878471238441 0.476687957875218 0.0487148297494885 0.214700699684241 0.405865729429418
0.24788498896348 0.0776212918936045 0.0956988444355611 0.400071133491399 0.0852377345899053 0.0807834321123505 0.41498654581461 0.0528940426678735 0.144052545056899 0.351717432870061
0.241685966041556 0.0683789262820668 0.107637677090633 0.37573425499248 0.075634985866736 0.0934233878889443 0.389948544194169 0.0455234493070143 0.152366484863728 0.331005447219385
0.19398158023067 0.0736470405228287 0.0495997115034788 0.338363448957861 0.0793878899893374 0.0383551787924898 0.34960798166885 0.0523317210471884 0.0913119819447213 0.296651178516618
0.164350331922843 0.0612218423436984 0.0443323926890517 0.284368271156635 0.0648770293486481 0.0371724038389035 0.291528260006783 0.042661235925692 0.0806609254790444 0.248039738366642
0.192078529459452 0.0640207911650745 0.0665782352758987 0.317578823643004 0.0689024118748215 0.0570147579628198 0.327142300956083 0.04333729090409 0.107068515562857 0.277088543356046
0.266698890971887 0.0743254964449468 0.120989410129534 0.41240837181424 0.0839754260534793 0.102086380252501 0.431311401691273 0.0498125612881547 0.1689544003923 0.364443381551474
0.263381694822365 0.078077948210853 0.110320200898317 0.416443188746414 0.0877188462075 0.0914336843128228 0.435329705331908 0.0523855176106442 0.160603498259211 0.36615989138552
0.249867515999401 0.0728940620530717 0.106967564130799 0.392767467868003 0.0807531332157519 0.0915720604674765 0.408162971531326 0.048624412988354 0.154463532895023 0.34527149910378
0.261019936477234 0.072457403030664 0.118978805632431 0.403061067322036 0.0817017603696353 0.10086843634644 0.421171436608028 0.0481766762118825 0.166502675415998 0.35553719753847
0.259366830708746 0.0803997535465993 0.101743977415457 0.416989684002034 0.089470957164732 0.0839763348346247 0.434757326582867 0.0528448332825637 0.155643960030849 0.363089701386642
0.26238347818453 0.0776824867581389 0.110091193685966 0.414675762683094 0.0864287511573107 0.0929590789670938 0.431807877401965 0.0511216516116064 0.162055487981422 0.362711468387637
0.181253245462834 0.0813249593506845 0.0217227864631859 0.340783704462482 0.085547751112757 0.0134655125068205 0.349040978418847 0.0614804528832915 0.0604373668697714 0.302069124055896
0.217631920526463 0.0625476250741105 0.0950309338889061 0.34023290716402 0.0687674597632454 0.0828427312967291 0.352421109756197 0.0398405885078186 0.139507500969782 0.295756340083144
0.31109423842731 0.0752497806420532 0.163595481585393 0.458592995269226 0.0876073807336737 0.139379388419399 0.48280908843522 0.0463060022793473 0.220285062405833 0.401903414448786
0.251501260170767 0.0657390265862342 0.122632669190335 0.380369851151199 0.0740066111665349 0.106435221840716 0.396567298500818 0.0443367736133564 0.164529498549248 0.338473021792286
0.295135051623172 0.0754421227395959 0.147233283281921 0.443036819964423 0.0863632323128265 0.125840949253562 0.464429153992783 0.0500876678610053 0.19683530046133 0.393434802785015
0.199901090264752 0.0702183188253254 0.0622629991762199 0.337539181353284 0.0760169566165639 0.0509005716419856 0.348901608887518 0.0444627818094333 0.11270553342945 0.287096647100054
0.25785315427738 0.0760405141494152 0.108793522880987 0.406912785673772 0.0851536016027617 0.0909388119931475 0.424767496561612 0.049353448496628 0.161038129453355 0.354668179101404
0.297230625806663 0.078300435924788 0.143743752183277 0.45071749943005 0.0902877715416533 0.120256253997607 0.47420499761572 0.0491775424910543 0.200760237631107 0.39370101398222
0.256108372659003 0.0662154585317842 0.12629623333944 0.385920511978566 0.0742466099940453 0.110564834721236 0.40165191059677 0.0448061580452897 0.168185813730717 0.34403093158729
0.243128307267996 0.0657627444772143 0.114211129549133 0.372045484986859 0.0726755662467008 0.100668613662422 0.385588000873571 0.0428474151655843 0.159060019412317 0.327196595123675
0.206039963008609 0.0724174261667961 0.0640702029128433 0.348009723104376 0.0780985855874161 0.0529422730917078 0.359137652925511 0.0489307340567924 0.110026475646059 0.30205345037116
0.25432233235164 0.0666860109511389 0.123599858569898 0.385044806133383 0.0745924823157049 0.108109253638614 0.400535411064667 0.0448363748887097 0.166377842681331 0.34226682202195
0.205315900695534 0.0820935208480156 0.0442406632019992 0.366391138189069 0.0869860192959321 0.0346794566435457 0.375952344747523 0.0634744865221398 0.0805291083026494 0.330102693088419
0.23562883652616 0.0712959305955253 0.0958256235263677 0.375432049525953 0.0780489659884884 0.0826055586243465 0.388652114427974 0.0508667907243234 0.135750455145009 0.335507217907311
0.194666476905047 0.0670549934675755 0.0632182052010764 0.326114748609018 0.0725601669187544 0.0524330910878534 0.336899862722241 0.0463143560637976 0.103822468536791 0.285510485273303
0.223714640831066 0.0707596423356325 0.0850072041452311 0.3624220775169 0.0768992923039435 0.072978370081615 0.374450911580517 0.0451168232785878 0.135205884221796 0.312223397440335
0.27987637630011 0.0770527223961072 0.128830558638311 0.43092219396191 0.0873217998369116 0.108711441652662 0.451041310947558 0.0496186389644824 0.182530974013009 0.377221778587211
0.237206848361483 0.0689892364986962 0.101971544581087 0.37244215214188 0.077022748562579 0.0862314651547407 0.388182231568226 0.044651951686098 0.14962093358105 0.324792763141917
0.205790847129837 0.0709040333672797 0.0667434293181019 0.344838264941571 0.076398353100171 0.0559904299390427 0.355591264320631 0.0523134299964896 0.103063780577535 0.308517913682138
0.235598880909861 0.0747804558519518 0.0890118283763554 0.382185933443367 0.0826030436743497 0.0736850130829994 0.397512748736724 0.0487894696456404 0.139901031458521 0.331296730361202
0.235527101423215 0.0649576613582474 0.108190790821377 0.362863412025053 0.0718640897981201 0.0946600977698228 0.376394105076607 0.0437078627698801 0.149790204256616 0.321263998589814
0.270638392883117 0.0668294927002479 0.139637447019166 0.401639338747068 0.0763072886773563 0.121067068748635 0.420209717017599 0.0433048104709419 0.185697993091036 0.355578792675198
0.216578852197905 0.0706194736492707 0.0781169961170103 0.355040708278801 0.0774157623991449 0.0648086210053291 0.368349083390482 0.0515178159161709 0.115476289536955 0.317681414858856
0.253725786499141 0.0746372282401252 0.107417549677144 0.400034023321138 0.0830554502265016 0.0909241613653927 0.41652741163289 0.0478148539118969 0.159926819480383 0.3475247535179
0.241248588314987 0.0688656301441636 0.10624680697186 0.376250369658114 0.0764202462264093 0.0914474428140963 0.391049733815878 0.0464875564392866 0.150044773311995 0.33245240331798
0.199772839295808 0.0695117631293684 0.0635058319901913 0.336039846601424 0.0749460964965398 0.0528600829290983 0.346685595662517 0.0464393177581638 0.108664659932551 0.290881018659064
0.203643975182841 0.0685324022647567 0.0692850240144086 0.338002926351273 0.0741273002870701 0.0583271802271114 0.34896077013857 0.0472205182752514 0.110977455624018 0.296310494741663
0.239121926667124 0.0685004393202091 0.104834407388359 0.37340944594589 0.0762725777870434 0.0896093245882232 0.388634528746025 0.0465804743227794 0.14773317474533 0.330510678588918
0.171496498985398 0.0690030632046716 0.0362375764716019 0.306755421499194 0.0736494394533683 0.0271335820087458 0.31585941596205 0.045595709169326 0.0820771356055224 0.260915862365273
0.197108096385305 0.0714031845638407 0.0571283693358545 0.337087823434755 0.0768876609831084 0.0463853768281789 0.34783081594243 0.0481033870942795 0.102722254121863 0.291493938648747
0.303390597352783 0.0804720497898819 0.145649874592193 0.461131320113373 0.0926970470799169 0.121695683941295 0.485085510764271 0.0477597145858606 0.209695171952023 0.397086022753543
0.234231596990406 0.065322373020466 0.106176075563436 0.362287118417376 0.0723015363207595 0.0925039999773221 0.37595919400349 0.0444787497569857 0.146972359422094 0.321490834558718
0.10947346641381 0.0765339528668443 -0.040584229033578 0.259531161861198 0.0783114846371395 -0.0440645378195085 0.263011470647129 0.0520433749442945 0.0072986722067102 0.21164826062091
0.170073393481838 0.0734651097863967 0.0260432288002967 0.314103558163379 0.0773977717437032 0.0183413207410357 0.32180546622264 0.0506452935903858 0.0706845804363747 0.269462206527301
0.210439746537501 0.069395214469915 0.0744118827437963 0.346467610331206 0.0756515497023579 0.062153283060454 0.358726210014549 0.0452971915600855 0.121602248422478 0.299277244652525
0.21328622763232 0.0684217856104371 0.0791566954631123 0.347415759801529 0.0740575862473358 0.0681160770821857 0.358456378182455 0.044936760304694 0.12512242566001 0.301450029604631
0.1536389773039 0.065093749674807 0.0260373094555033 0.281240645152297 0.0686120216331913 0.0191445836403263 0.288133370967474 0.0433614080388811 0.0685835853749385 0.238694369232862
0.277486402047304 0.0737005054603087 0.133010924260293 0.421961879834315 0.0837846910294702 0.113254314080459 0.441718490014149 0.0477722491832045 0.183762124995101 0.371210679099507
0.192517081029717 0.0752814151223521 0.044935825332363 0.340098336727072 0.0805973817945183 0.0345227197127171 0.350511442346718 0.0495104677274504 0.095364365644203 0.289669796415232
0.252952529532616 0.0731753303231088 0.109509238927291 0.396395820137941 0.0817382663230999 0.0927324874978825 0.413172571567349 0.0469398492050315 0.160867649524651 0.345037409540581
0.202886160642258 0.0684757873736899 0.0686353751654479 0.337136946119067 0.0742913615743542 0.0572458930279676 0.348526428256548 0.0484538788181989 0.107803303560675 0.29796901772384
0.190970961906159 0.0654526108278441 0.0626680017778398 0.319273922034479 0.0701065168472686 0.053549903374863 0.328392020437456 0.042186901724176 0.108218137314293 0.273723786498026
0.248527854680726 0.078248885052212 0.095133862438704 0.401921846922748 0.0868568289708864 0.0782703984331513 0.418785310928301 0.0501059319823401 0.150211497488095 0.346844211873358
0.280236526531719 0.0716749971222898 0.139741700653089 0.420731352410349 0.0819466621500504 0.119614376373781 0.440858676689656 0.0436922187912779 0.194537684005902 0.365935369057535
0.275426087769746 0.0727769767959209 0.132765437628565 0.418086737910928 0.082575795578291 0.113566540050404 0.437285635489089 0.046383474534233 0.184437305511907 0.366414870027585
0.205455504396831 0.0710568331248914 0.0661636320955702 0.344747376698092 0.0767507239201367 0.055008568472893 0.35590244032077 0.0471164680447105 0.113029847224071 0.297881161569592
0.295395273823593 0.074825001951916 0.148699295361669 0.442091252285517 0.0858292394313746 0.127145449849493 0.463645097797693 0.0500566570569701 0.197146694744275 0.393643852902911
0.219429243480683 0.0685540462563588 0.0850344096390396 0.353824077322326 0.0747383934325042 0.0729204747113532 0.365938012250012 0.0466842692663767 0.127830331934437 0.311028155026929
0.281367766709209 0.0727066247372919 0.138845298489759 0.423890234928658 0.0825380231955789 0.119582474056772 0.443153059361645 0.0462471581507662 0.190646835933129 0.372088697485289
0.22788680526207 0.0823641630047279 0.0663239277768732 0.389449682747267 0.0890569089629974 0.0532340063701743 0.402539604153966 0.0628458799268496 0.104413349230055 0.351360261294085
0.247358523193083 0.0746151292869557 0.101082051955236 0.393634994430929 0.0820783276943165 0.0864627874458818 0.408254258940284 0.0485195340571302 0.152140003094625 0.342577043291541
0.242227491329168 0.0723238180387312 0.100444186464111 0.384010796194224 0.0799391236003513 0.0855265645314219 0.398928418126913 0.0477392401143891 0.148551622652824 0.335903360005511
0.288910904052666 0.070519703318534 0.15067266999084 0.427149138114492 0.0812103803194966 0.129726977510528 0.448094830594803 0.0457779863529167 0.19910664875513 0.378715159350202
0.242704761785563 0.0680091230829489 0.109382539701273 0.376026983869853 0.0755759803925795 0.0945590413506023 0.390850482220524 0.0450210357495545 0.154372727540083 0.331036796031043
0.220670545171049 0.0682456513379566 0.0868797743163551 0.354461316025742 0.0746992303647439 0.0742385326498977 0.367102557692199 0.0463711667122543 0.129683424190304 0.311657666151793
0.310270752323611 0.0783268979962094 0.156721060150546 0.463820444496677 0.0908214454014073 0.132243598273801 0.488297906373421 0.0515979206805891 0.209029372082101 0.411512132565121
0.228837954288042 0.0733984706490436 0.0849246806159487 0.372751227960136 0.0799936706488425 0.0720108242923449 0.385665084283739 0.0505504110937643 0.129592648694718 0.328083259881366
0.289975565967881 0.0730857426981353 0.14670497421984 0.433246157715923 0.083478016404795 0.126344771304506 0.453606360631257 0.0465680823282677 0.19860642250148 0.381344709434282
0.248927012542359 0.0721760393936449 0.107422655783851 0.390431369300867 0.0801486325534634 0.0918079696747411 0.406046055409977 0.0484445513661068 0.153838648553095 0.344015376531623
0.210236394154019 0.0787335001145089 0.055888487134866 0.364584301173172 0.0848776791285094 0.0438527958521738 0.376619992455864 0.0516354733329998 0.108915335123809 0.311557453184229
0.259766225869356 0.0702184024767093 0.122121853284552 0.39741059845416 0.0786789741744175 0.105544883632693 0.413987568106019 0.0457514310481267 0.170026942187597 0.349505509551114
0.196589650072304 0.0676328955264815 0.064003327289607 0.329175972855002 0.0727623342152791 0.0539553832173274 0.339223916927281 0.0464331244444496 0.105494932227495 0.287684367917114
0.26268487214534 0.0842069077690845 0.0974963263965297 0.427873417894151 0.0918242683406986 0.0826000155061551 0.442769728784525 0.062863424697822 0.139123136045176 0.386246608245505
0.281688842063239 0.0741037884394004 0.136424030637567 0.426953653488911 0.0842676103832005 0.116511003201439 0.446866680925039 0.0474305885164446 0.188634784460376 0.374742899666102
0.246032296441884 0.0726218541229847 0.103662720758056 0.388401872125712 0.0805882474959031 0.0880578252641638 0.404006767619605 0.049274181721356 0.149349792981671 0.342714799902097
0.293894383142853 0.0738706820757679 0.149081938479318 0.438706827806389 0.0847312899422389 0.127805177241735 0.459983589043972 0.0475317169914584 0.200626590804913 0.387162175480794
0.207312127822704 0.0681487000733635 0.0737155564803326 0.340908699165076 0.0741894844676433 0.0618820397758913 0.352742215869517 0.0461474601168689 0.116775898272876 0.297848357372533
0.239169258274011 0.0759470503587561 0.090287817229136 0.388050699318885 0.0836051831011018 0.0752851545138556 0.403053362034166 0.050473216929109 0.140148251640055 0.338190264907966
0.24566613572376 0.0755659327550097 0.0975178817737855 0.393814389673734 0.0832592680395243 0.0824497606945339 0.408882510752985 0.051049034741977 0.145476315617865 0.345855955829654
0.190004084638115 0.0727078838050297 0.0474615905965639 0.332546578679666 0.0772297817937749 0.0386050705650454 0.341403098711185 0.0494334678672177 0.0929963232105857 0.287011846065644
0.220156001680279 0.0649166414685219 0.0928997128798555 0.347412290480703 0.0714525696887125 0.0800950340128278 0.360216969347731 0.0443552159359112 0.133152334500281 0.307159668860277
0.248622050529616 0.0657192634559486 0.119793639993063 0.377450461066169 0.0737702560251034 0.104020144068664 0.393223956990569 0.0425528345718268 0.165142532238169 0.332101568821064
0.246873465253352 0.0715319093869582 0.10664786029839 0.387099070208314 0.0799293396623822 0.090196462220082 0.403550468286622 0.0471651887000303 0.154341884887992 0.339405045618712
0.311255362338892 0.0729325105751098 0.168296843855587 0.454213880822197 0.0841685111799284 0.146279378185836 0.476231346491948 0.0432585261230347 0.226405832392968 0.396104892284816
0.284182574757451 0.0810949436945326 0.12514840235004 0.443216747164862 0.0902967428644814 0.107138302919747 0.461226846595155 0.056838214213797 0.172516941162417 0.395848208352485
0.296661014852904 0.0674263081613968 0.164492107969966 0.428829921735843 0.0780453963227861 0.14368467961317 0.449637350092639 0.0424518040942162 0.213393775324069 0.37992825438174
0.108336065976334 0.0668324826446364 -0.022682549716344 0.239354681669012 0.068636853910554 -0.0262167968939275 0.242888928846596 0.046327531227786 0.0174475726946461 0.199224559258022
0.194910174502163 0.0629800170067035 0.0714510107982406 0.318369338206085 0.0678471103363114 0.0619158064570884 0.327904542547237 0.0422418210519153 0.112049414212214 0.277770934792112
0.23537457976801 0.0758992910305926 0.0865887824475014 0.384160377088518 0.0839689721267018 0.0707792771486504 0.399969882387369 0.0495643283018948 0.138137131414922 0.332612028121098
0.184357292351545 0.0661469656977494 0.0546804940563229 0.314034090646766 0.0707272954371382 0.0457088785102191 0.32300570619287 0.0465479783294978 0.093035540678723 0.275679044024366
0.253244966205464 0.0634600128323122 0.128856356328908 0.37763357608202 0.071767975915649 0.112575909197452 0.393914023213477 0.040172957019236 0.174470861383617 0.332019071027311
0.245428776170186 0.0667903576147361 0.11450728042327 0.376350271917103 0.0745091541885277 0.099382857225173 0.3914746951152 0.0423023940774126 0.162459320693802 0.328398231646571
0.30553582380024 0.071054068594549 0.166243682036758 0.444827965563722 0.0817255311556334 0.145337848964469 0.46573379863601 0.0465175646465753 0.214260604517302 0.396811043083177
0.219866046297079 0.0756884926499001 0.071492435166521 0.368239657427638 0.082017020147641 0.0590945071965898 0.380637585397569 0.0481697660619266 0.12535062169613 0.314381470898029
0.281232893475697 0.0715937671959798 0.140891968017765 0.421573818933629 0.0815343354574875 0.121415182151049 0.441050604800345 0.045794172342948 0.191402559039811 0.371063227911583
0.237518160143304 0.0681319245706475 0.103957089579629 0.371079230706979 0.07549235507974 0.0895375219872483 0.385498798299359 0.0459366765549289 0.147402460252255 0.327633860034352
0.26180723718141 0.0738010585703589 0.117135150109861 0.406479324252959 0.0829637737020546 0.0991838639488133 0.424430610414006 0.0488791671438357 0.165920854118273 0.357693620244546
0.217480523494339 0.0702308316811795 0.0797917673023669 0.35516927968631 0.0763107918272233 0.0678838337413474 0.36707721324733 0.0482920445573254 0.12271022884969 0.312250818138987
0.197222322854857 0.0699890630225767 0.0600227575799465 0.334421888129768 0.0750115276229529 0.0501833242285664 0.344261321481148 0.0451618294766245 0.108619142766223 0.285825502943492
0.269639926322943 0.077793754326399 0.117119638495342 0.422160214150545 0.087176484216912 0.0987435263679835 0.440536326277904 0.0528888405548334 0.165828912188631 0.373450940457256
0.164211428750258 0.0808642263300624 0.00562381034568399 0.322799047154832 0.084475993611496 -0.00144324132122658 0.329866098821743 0.0571317054806223 0.0519607999420397 0.276462057558476
0.226816107757031 0.0706798879079993 0.088237142062626 0.365395073451437 0.0770589554376663 0.0757455768527442 0.377886638661319 0.049091331069465 0.130452664635024 0.323179550879039
0.19657935559776 0.0659112252176049 0.0673570447463618 0.325801666449157 0.0715947664427562 0.0562260117482623 0.336932699447257 0.0472369096356331 0.103891538752193 0.289267172443326
0.321839576901784 0.0706524929468119 0.183346734666816 0.460332419136752 0.0830023650754678 0.159147754473135 0.484531399330433 0.0440019307906103 0.235529024647131 0.408150129156438
0.290119262527343 0.0696772710176859 0.153533514755156 0.42670501029953 0.0799770655667683 0.133353336950461 0.446885188104224 0.0457219745170424 0.200432155102337 0.379806369952349
0.246169385641234 0.0704616909833976 0.108045010866381 0.384293760416087 0.0781426739869799 0.0929964318204217 0.399342339462046 0.0459370839067951 0.156054911156787 0.336283860125681
0.236495852362565 0.0640247607125168 0.110996219016211 0.36199548570892 0.0711227273000463 0.0970880875692229 0.375903617155908 0.0425350969350391 0.153082847392704 0.319908857332426
0.221933874211179 0.0710481983988051 0.0826499356026035 0.361217812819754 0.0777322543263762 0.0695570005316363 0.374310747890721 0.048818808542275 0.126151962976989 0.317715785445368
0.285450866107139 0.0790807606546932 0.130417235823254 0.440484496391024 0.0889388137207616 0.111107152028936 0.459794580185343 0.0518286031987267 0.183732873347364 0.387168858866915
0.237285003866919 0.0716196778247987 0.0968831776813956 0.377686830052443 0.0785271910083625 0.0833519034890405 0.391218104244798 0.0467699789406546 0.145510288810081 0.329059718923757
0.206693677723189 0.071445326986453 0.066637135144963 0.346750220301416 0.0774511275621706 0.0548716339457751 0.358515721500604 0.0475185569945004 0.11346964555487 0.299917709891509
0.22541862848659 0.0712090245072912 0.0858083626240568 0.365028894349123 0.0780746934696613 0.0723623117513821 0.378474945221798 0.0503165924695494 0.126677521590023 0.324159735383157
0.260664970858095 0.0670701669176615 0.129188311373389 0.3921416303428 0.0757497757483941 0.112183182333407 0.409146759382783 0.0443254967952106 0.173713892108461 0.347616049607728
0.223624488571871 0.0646600002802757 0.0968791353185783 0.350369841825164 0.0717931684873302 0.0829021769869857 0.364346800156757 0.0441801384624137 0.136988846845302 0.31026013029844
0.342051633806416 0.0798524600989094 0.18550477141586 0.498598496196971 0.0948252898419124 0.156174244238453 0.527929023374379 0.0533337580289467 0.237388645539046 0.446714622073785
0.286784200193048 0.0746365120012321 0.140484029975424 0.433084370410671 0.0846328467034535 0.120896379063998 0.452672021322097 0.0463788386849413 0.195819565637868 0.377748834748227
0.197810088218665 0.0657639123212034 0.0688783462754137 0.326741830161915 0.0706375351465417 0.0593333348855649 0.336286841551764 0.0456036088618042 0.108318066766111 0.287302109671218
0.197143200561351 0.0661756589329487 0.067414701970937 0.326871699151765 0.071149666887049 0.0576710225648211 0.336615378557881 0.0452949474409286 0.108283753230121 0.286002647892581
0.249235735429769 0.0703593222500723 0.111307281648207 0.387164189211331 0.0782807836892385 0.0957888212368939 0.402682649622644 0.046559443720058 0.157888631679027 0.340582839180511
0.21783983437468 0.0654124336688965 0.0896110991719241 0.346068569577437 0.0711345632425985 0.0784009860410271 0.357278682708334 0.0431403666957813 0.133207004181022 0.302472664568339
0.30676119067201 0.069799233347147 0.169931537638481 0.44359084370554 0.0808921241685806 0.148199050869397 0.465323330474624 0.0456033910231916 0.217288070088283 0.396234311255738
0.263909366141184 0.0779864994101062 0.111038295851087 0.416780436431282 0.0871662055576756 0.0930521763230612 0.434766555959308 0.0483946809240343 0.168972352804666 0.358846379477702
0.194714096553611 0.0717034543615512 0.0541559393764511 0.335272253730771 0.0771049877590215 0.0435734303268347 0.345854762780387 0.0476982708442444 0.10115252467097 0.288275668436252
0.182013509995766 0.0660147729738749 0.0525955536871249 0.311431466304407 0.0704908688682882 0.0438281743937873 0.320198845597745 0.0460874092320062 0.0915915596780697 0.272435460313463
0.263509333458786 0.0681375295548663 0.129929894062224 0.397088772855348 0.0772586525519739 0.112062977237551 0.414955689680021 0.0457723315810799 0.173690445930131 0.353328220987441
0.291974007194318 0.0714318540796939 0.151943672264514 0.432004342124121 0.0816110406051561 0.13200155645569 0.451946457932945 0.0482734146949219 0.197274016720165 0.38667399766847
0.266652430218682 0.0721203703354453 0.125274384628598 0.408030475808766 0.0812259361611536 0.107435220164603 0.425869640272761 0.0463598664325131 0.175695627552178 0.357609232885186
0.22893741011848 0.070679870943824 0.0903757911527025 0.367499029084258 0.0776104363295546 0.0767998706685927 0.381074949568368 0.04782417435472 0.135101600512307 0.322773219724653
0.247853418328923 0.0702841939996359 0.110078537382176 0.38562829927567 0.0787559108548432 0.0934801764008531 0.402226660256993 0.0470260523471925 0.155615930128855 0.340090906528991
0.1996762414034 0.0695843443622593 0.0632537825466775 0.336098700260122 0.0750591018639112 0.0525315160661898 0.34682096674061 0.048834875657951 0.103846835091771 0.295505647715029
0.265300355634203 0.0666103778300189 0.134727100864699 0.395873610403708 0.0752795834341325 0.117741704307448 0.412859006960958 0.0439281715210549 0.1791353429603 0.351465368308107
0.283902952764037 0.0690256085646088 0.148601948168191 0.419203957359882 0.0793825783918674 0.128307215993367 0.439498689534707 0.0447202821015442 0.196203889718618 0.371602015809456
0.189644097063231 0.067514329961229 0.0572819298723936 0.322006264254069 0.0724136756653561 0.0476863115682838 0.331601882558179 0.0462463572745303 0.0988891897996285 0.280399004326834
0.295401449468459 0.0757634315657102 0.146887088698865 0.443915810238052 0.0863224834360901 0.126198453545128 0.464604445391789 0.0467874049490497 0.203611585091694 0.387191313845224
0.195628123808362 0.0686659683189773 0.0610049064830922 0.330251341133632 0.0739185679214273 0.0507180162692148 0.340538231347509 0.0478678357333763 0.101689543716416 0.289566703900308
0.217428305375078 0.0684014284179556 0.0833254737234399 0.351531137026715 0.0745668025125197 0.0712503459525244 0.363606264797631 0.0473740109406022 0.124460967005271 0.310395643744884
0.20770295084149 0.0740019973935546 0.0625710185066203 0.352834883176359 0.0793983709121308 0.0520115935744837 0.363394308108496 0.055262357638216 0.0991726693396317 0.316233232343348
0.208160023582152 0.0825040718219684 0.0464170089801731 0.369903038184132 0.0887519903145462 0.0341787901858571 0.382141256978448 0.0540941619663034 0.102002436890003 0.314317610274302
0.15700542716567 0.0727558169147985 0.0143074606534181 0.299703393677923 0.0758407819006375 0.00827266757093839 0.305738186760402 0.0545463549877927 0.0498608150590903 0.264150039272251
0.197069945454999 0.0651397392080403 0.0693780155505304 0.324761875359467 0.0703932303662438 0.0590855950912458 0.335054295818752 0.0435816174870094 0.111583427805915 0.282556463104082
0.222923792311493 0.0751737977349289 0.0755311799182221 0.370316404704765 0.0816633183506431 0.0628239840579842 0.383023600565003 0.0529542867052887 0.118978701826575 0.326868882796411
0.243727002743487 0.0702404523308833 0.106019244732397 0.381434760754578 0.0775708109292686 0.0916620533034964 0.395791952183478 0.0484396741457874 0.148667957790427 0.338786047696548
0.281394422723368 0.0743170920526289 0.135714883783219 0.427073961663516 0.0854427107617556 0.113916156703969 0.448872688742766 0.0470960123984844 0.189006479910979 0.373782365535756
0.200859533665646 0.0660816203810663 0.071304341493914 0.330414725837377 0.0712395631094671 0.0612025509535948 0.340516516377697 0.0452305231470429 0.112091974150856 0.289627093180435
