estimate std lowerCI upperCI
NA NA NA NA
NA NA NA NA
NA NA NA NA
NA NA NA NA
NA NA NA NA
NA NA NA NA
NA NA NA NA
NA NA NA NA
NA NA NA NA
NA NA NA NA
NA NA NA NA
NA NA NA NA
NA NA NA NA
NA NA NA NA
NA NA NA NA
NA NA NA NA
NA NA NA NA
NA NA NA NA
NA NA NA NA
NA NA NA NA
NA NA NA NA
NA NA NA NA
NA NA NA NA
NA NA NA NA
NA NA NA NA
NA NA NA NA
NA NA NA NA
NA NA NA NA
NA NA NA NA
NA NA NA NA
NA NA NA NA
NA NA NA NA
NA NA NA NA
NA NA NA NA
NA NA NA NA
NA NA NA NA
NA NA NA NA
NA NA NA NA
NA NA NA NA
NA NA NA NA
NA NA NA NA
NA NA NA NA
NA NA NA NA
NA NA NA NA
NA NA NA NA
NA NA NA NA
NA NA NA NA
NA NA NA NA
NA NA NA NA
NA NA NA NA
NA NA NA NA
NA NA NA NA
NA NA NA NA
NA NA NA NA
NA NA NA NA
NA NA NA NA
NA NA NA NA
NA NA NA NA
NA NA NA NA
NA NA NA NA
NA NA NA NA
NA NA NA NA
0.30130428845976 0.125878679991628 0.0545820756761684 0.548026501243351
NA NA NA NA
NA NA NA NA
NA NA NA NA
NA NA NA NA
NA NA NA NA
NA NA NA NA
0.292576686069313 0.0763745120275073 0.142882642495399 0.442270729643227
NA NA NA NA
NA NA NA NA
NA NA NA NA
NA NA NA NA
NA NA NA NA
NA NA NA NA
NA NA NA NA
NA NA NA NA
NA NA NA NA
NA NA NA NA
NA NA NA NA
0.184827597474701 0.0873809502540807 0.0135609349767028 0.356094259972699
NA NA NA NA
NA NA NA NA
NA NA NA NA
NA NA NA NA
NA NA NA NA
NA NA NA NA
NA NA NA NA
NA NA NA NA
NA NA NA NA
NA NA NA NA
NA NA NA NA
NA NA NA NA
NA NA NA NA
NA NA NA NA
NA NA NA NA
NA NA NA NA
NA NA NA NA
NA NA NA NA
NA NA NA NA
NA NA NA NA
NA NA NA NA
NA NA NA NA
NA NA NA NA
NA NA NA NA
NA NA NA NA
NA NA NA NA
NA NA NA NA
NA NA NA NA
NA NA NA NA
NA NA NA NA
NA NA NA NA
NA NA NA NA
NA NA NA NA
NA NA NA NA
NA NA NA NA
NA NA NA NA
NA NA NA NA
NA NA NA NA
NA NA NA NA
NA NA NA NA
NA NA NA NA
NA NA NA NA
NA NA NA NA
NA NA NA NA
NA NA NA NA
NA NA NA NA
NA NA NA NA
NA NA NA NA
-0.0232495853419012 0.115109176718484 -0.24886357171013 0.202364401026328
NA NA NA NA
NA NA NA NA
NA NA NA NA
NA NA NA NA
NA NA NA NA
NA NA NA NA
NA NA NA NA
NA NA NA NA
NA NA NA NA
0.217096286256149 0.0890648337502098 0.042529212105738 0.391663360406561
0.178110132442277 0.0845244372762979 0.0124422353807331 0.343778029503821
0.222071213318502 0.112581173700499 0.00141211286552315 0.44273031377148
0.245617806095222 0.0945764928892881 0.0602478800322169 0.430987732158226
0.354121340893936 0.0846018598985747 0.18830169549273 0.519940986295142
0.392495718261706 0.14460785999895 0.109064312663764 0.675927123859647
0.22086716095733 0.0914376970824318 0.0416492746757633 0.400085047238896
0.158392688380606 0.0944215301429376 -0.0266735106995521 0.343458887460763
0.268648973402946 0.0834486596353656 0.10508960051763 0.432208346288263
0.119482629279602 0.126723257293337 -0.128894955015339 0.367860213574542
0.263884293701034 0.080916301413093 0.105288342931371 0.422480244470696
0.374200914750685 0.129891246122214 0.119614072351146 0.628787757150225
0.309786182800149 0.0852861277853161 0.142625372340929 0.476946993259368
0.247717838832136 0.0882565554075747 0.074734990233289 0.420700687430982
0.301010970037664 0.0756523216124876 0.152732419677188 0.449289520398139
0.267593010267891 0.0700997845946468 0.130197432462383 0.404988588073399
0.24212692587787 0.109871874517872 0.0267780518228404 0.4574757999329
0.0538617447535549 0.0831264348488892 -0.109066067550268 0.216789557057378
0.302526627214031 0.0597982934722693 0.185321972008383 0.419731282419679
0.190711896999573 0.0985521449164162 -0.00245030703660273 0.383874101035749
0.271005557222702 0.0635111198677337 0.146523762281943 0.39548735216346
0.203300910717813 0.085957352453809 0.0348244999083474 0.371777321527279
0.00147628359049612 0.124097651714861 -0.241755113770631 0.244707680951623
0.327509896270974 0.150815893537112 0.0319107449382338 0.623109047603714
0.224438827878953 0.0810202325865204 0.0656391720093727 0.383238483748533
0.318541048082095 0.0733401324054129 0.174794388567486 0.462287707596704
0.258140227910454 0.0725562250401645 0.115930026831732 0.400350428989177
0.264452667990114 0.0697730929250403 0.127697405857035 0.401207930123193
0.272134795379917 0.113192771028732 0.0502769641636029 0.493992626596231
0.22666169881474 0.0774102778352188 0.0749375542577108 0.378385843371769
0.444737747132192 0.103744138278163 0.241399236106993 0.648076258157391
0.242990338396152 0.108738451919019 0.0298629726348751 0.456117704157429
-0.0372293845918571 0.0841661295696153 -0.202194998548303 0.127736229364589
0.382141836471628 0.0891924664338056 0.207324602261369 0.556959070681887
0.235919743087191 0.0955937479056526 0.048555997192112 0.42328348898227
0.198647759328108 0.0673872890350725 0.0665686728193657 0.33072684583685
0.119607525510392 0.0793408332810534 -0.0359005077204726 0.275115558741257
0.208570663716261 0.0732686550231078 0.0649640998709702 0.352177227561553
0.227306361298034 0.0614029287059222 0.106956621034427 0.347656101561642
0.113341396151675 0.0825270580719839 -0.0484116376694139 0.275094429972763
0.282900707885707 0.0640105106527134 0.157440107006388 0.408361308765025
0.28181365001871 0.103993632287423 0.0779861307353604 0.48564116930206
0.396086651447169 0.0865036836255746 0.226539431541043 0.565633871353296
0.217588705029784 0.0943266933806337 0.0327083860037423 0.402469024055826
0.269202352550003 0.124510619517511 0.0251615382956809 0.513243166804325
0.157130024006817 0.0722056693009068 0.0156069121770394 0.298653135836594
0.00413049611533645 0.117907403348467 -0.22696801444766 0.235229006678333
0.209861561898341 0.0807270431112403 0.0516365574003098 0.368086566396372
0.0929670302312387 0.111958020374209 -0.126470689702211 0.312404750164689
0.317302689915923 0.065711616421336 0.188507921730104 0.446097458101741
0.143783700720791 0.080914483176861 -0.0148086863058562 0.302376087747439
0.286252738007206 0.1420873500895 0.00776153183178663 0.564743944182625
0.334917700401565 0.0642636505671745 0.208960945289903 0.460874455513227
0.29136429887141 0.0720444272221059 0.150157221516082 0.432571376226737
0.237717024629553 0.0747727225106749 0.0911624885086306 0.384271560750476
0.20568478590186 0.0791617494299728 0.0505277570191131 0.360841814784606
0.196675875192612 0.0678197903873791 0.0637490860333485 0.329602664351875
0.266606779696427 0.0878111993522356 0.0944968289660452 0.438716730426809
0.341247040807956 0.0730385393093007 0.198091503761726 0.484402577854185
0.269704612537796 0.114036537622818 0.0461929987970729 0.493216226278518
0.320338333474119 0.0794657743441498 0.164585415759586 0.476091251188653
0.328438358453226 0.0851860367472913 0.161473726428535 0.495402990477917
0.152220061189375 0.0820821699415767 -0.00866099189611583 0.313101114274865
0.210549378686765 0.085772593300951 0.0424350958169006 0.378663661556629
0.104885994540657 0.0923109137835114 -0.0760433964750254 0.285815385556339
0.211529159720018 0.0670327066826009 0.08014505462212 0.342913264817916
-0.11673910762575 0.0952849678982234 -0.303497644706268 0.0700194294547682
0.21850111297244 0.091092262348319 0.0399602787697348 0.397041947175145
-0.00658713925903709 0.11271922107137 -0.227516812558921 0.214342534040847
0.209543092770944 0.0752294212449509 0.0620934271308402 0.356992758411048
0.348768753758417 0.0918857089794059 0.168672764158782 0.528864743358053
0.164243680827112 0.118849465808621 -0.068701272157786 0.39718863381201
0.113724587630383 0.0827035802374066 -0.0483744296349338 0.2758236048957
0.289415119496123 0.0954965762953917 0.102241829957156 0.476588409035091
0.246103942513103 0.0743348544104903 0.100407627868542 0.391800257157664
0.456012964288044 0.156465576407022 0.14934043453028 0.762685494045807
0.196116385310525 0.168520159767474 -0.134183127833725 0.526415898454774
0.29870457840891 0.0616472935933174 0.177875882966008 0.419533273851812
0.316028276701325 0.105448147677929 0.109349907252584 0.522706646150067
0.233471844812334 0.0723149858890478 0.0917344724698008 0.375209217154868
0.162757371181204 0.130609484863176 -0.0932372191506199 0.418751961513028
0.191279870259656 0.0797930085828876 0.0348855734371964 0.347674167082116
0.228018431379043 0.0854279097095034 0.0605797283484168 0.39545713440967
0.172991310549683 0.0650070878926481 0.0455774182800926 0.300405202819273
0.427189443899373 0.0877226558781332 0.255253038378232 0.599125849420514
0.123978937368328 0.0965865388385011 -0.0653306787551341 0.31328855349179
0.138125408043775 0.102493536773422 -0.0627619240321327 0.339012740119682
0.131636175145867 0.13474878617329 -0.132471445753782 0.395743796045516
0.264170606684996 0.0986714548839115 0.0707745551125296 0.457566658257463
0.375089951318578 0.108796912910574 0.161848002013853 0.588331900623304
0.152371760634658 0.0707794882982247 0.0136439635701373 0.291099557699178
0.284970329500407 0.112052503087756 0.0653474234484055 0.504593235552408
0.354169283930198 0.0773138869436628 0.202634065520619 0.505704502339777
0.209739572077403 0.0851659639829193 0.0428142826708812 0.376664861483925
0.113539782797507 0.0779664817442386 -0.0392745214212011 0.266354087016214
0.245727090419555 0.185509122635358 -0.117870789945747 0.609324970784857
0.266079251979107 0.079140112279492 0.110964631911303 0.421193872046911
0.205685796264561 0.0863088549835861 0.0365204404967322 0.37485115203239
0.100188475530073 0.0803633462532421 -0.0573236831262821 0.257700634186427
0.266694916565974 0.0835289736784415 0.102978128156228 0.430411704975719
0.113822372552869 0.117621648744191 -0.116716058985746 0.344360804091484
0.198407993875392 0.0707411133012563 0.0597554118049296 0.337060575945854
0.16329299995627 0.0708026187890154 0.0245198671297996 0.30206613278274
0.284750286621683 0.0588294314139613 0.169444601050319 0.400055972193047
0.254429970181234 0.0681855654698588 0.120786261860311 0.388073678502157
0.244060380954958 0.0850671027284911 0.0773288596071151 0.4107919023028
0.371453889046663 0.139834139133931 0.0973789763441575 0.645528801749168
0.131489166576916 0.088559943189808 -0.042088322075108 0.305066655228939
0.29579124022113 0.0819633046370407 0.13514316313253 0.45643931730973
0.21228483027021 0.0742152665024516 0.0668229079254053 0.357746752615016
0.324046363243897 0.106045459150091 0.116197263309719 0.531895463178075
0.135042617327863 0.0707001478459612 -0.00352967245022076 0.273614907105947
0.0189153525399243 0.100283025569551 -0.177639377576396 0.215470082656245
0.362881872255438 0.0919722473481667 0.182616267453031 0.543147477057845
0.254158946137522 0.0967533254254124 0.0645224283037137 0.44379546397133
0.311946451562576 0.063084405601202 0.18830101658422 0.435591886540932
0.227210826832626 0.0824552172824809 0.0655986009589633 0.388823052706288
0.44157726126099 0.0751417475381541 0.294299436086208 0.588855086435772
0.35438649288025 0.173461469822541 0.0144020120280685 0.694370973732431
0.192440339393547 0.130662147556255 -0.0636574698167134 0.448538148603807
0.284147814741885 0.066663016603784 0.153488302198469 0.414807327285302
0.12597434237266 0.104293997839649 -0.0784418933930512 0.330390578138371
0.318990320306096 0.100478383134272 0.122052689362922 0.51592795124927
0.227377307328924 0.0698073262104438 0.0905549479564539 0.364199666701394
0.273314775305913 0.0802520152404146 0.1160208254347 0.430608725177126
-0.0167998752380348 0.104118822964773 -0.22087276824899 0.187273017772921
0.104624098485149 0.0951690574312329 -0.0819072540800672 0.291155451050366
0.115618224321983 0.10075553314874 -0.0818626206495466 0.313099069293513
0.208522140226669 0.0670026767528852 0.0771968937910143 0.339847386662324
0.357670251710127 0.0523233985572851 0.255116390537849 0.460224112882406
0.00797519491733989 0.102391879363403 -0.19271288863493 0.20866327846961
0.189038086535494 0.102540797955045 -0.011941877456394 0.390018050527382
0.307741123674748 0.0541988821329727 0.201511314694122 0.413970932655375
0.186549222628727 0.0872054587789677 0.01562652342195 0.357471921835503
0.261532506486978 0.0745112141962393 0.115490526662349 0.407574486311607
0.263779764302043 0.0865929393148982 0.0940576032448425 0.433501925359244
0.329960416807125 0.134456917376089 0.0664248587499903 0.593495974864259
0.0612778339961975 0.0926828196348156 -0.120380492488041 0.242936160480436
0.0270054290189864 0.101871502093992 -0.172662715085237 0.22667357312321
0.285284168663454 0.0769491975046089 0.134463741554421 0.436104595772488
0.351581399472665 0.110116710165472 0.135752647548339 0.56741015139699
0.285046227155574 0.0694152349728182 0.14899236660885 0.421100087702297
0.400172445922773 0.0743958222234034 0.254356634364902 0.545988257480643
0.125048287016287 0.109206944532872 -0.0889973242681421 0.339093898300716
0.195539580714912 0.0857750752953708 0.0274204331359851 0.363658728293838
0.348752567170138 0.0673936861071123 0.216660942400198 0.480844191940078
0.108261370438282 0.0836987532879 -0.055788186006002 0.272310926882566
0.343461304700654 0.123712849926603 0.100984118844513 0.585938490556796
0.220627146266229 0.0843338873976211 0.0553327269668913 0.385921565565566
0.260744240464773 0.0724346818580821 0.118772264022932 0.402716216906614
0.205789308004086 0.0765059579463842 0.0558376304291729 0.355740985578999
0.227870788703899 0.0585812659193084 0.113051507502055 0.342690069905744
0.255761771067054 0.0742547902169765 0.11022238224178 0.401301159892328
0.228969378853545 0.139622253167354 -0.0446902373544691 0.50262899506156
0.185990005560318 0.0990440151476875 -0.00813626412914936 0.380116275249786
0.0567835386023182 0.07967627089397 -0.0993819523498631 0.212949029554499
0.200101871455959 0.0807930736210005 0.0417474471587985 0.35845629575312
0.282011080201163 0.0749427939060228 0.135123204145359 0.428898956256968
0.255922834851953 0.116000572668379 0.0285617124219299 0.483283957281976
0.167507909956433 0.073560828157089 0.0233286867685382 0.311687133144327
0.330701287775485 0.143344037054886 0.0497469751479077 0.611655600403062
0.194528168830071 0.117463394421976 -0.0357000842370021 0.424756421897144
0.183994733054524 0.0675408821380196 0.0516146040640053 0.316374862045042
0.351032756990691 0.113076118334775 0.129403565054532 0.57266194892685
0.0940355023612014 0.0927473095178526 -0.0877492242937896 0.275820229016192
0.116478214385324 0.0812627908130985 -0.0427968556083494 0.275753284378997
0.384170376827301 0.103681354700744 0.180954921613842 0.58738583204076
0.144419828294241 0.112267494769727 -0.0756244614544234 0.364464118042905
0.311370286492756 0.0981982719953838 0.118901673381804 0.503838899603708
0.434484376113567 0.100073965789344 0.238339403166453 0.63062934906068
0.253024176716501 0.104914743867029 0.0473912787371236 0.458657074695878
0.0759833476291029 0.0799095057058795 -0.0806392835544208 0.232605978812627
0.0344856012951171 0.0770286249266385 -0.116490503561094 0.185461706151328
0.0463386776702229 0.0856582378491279 -0.121551468514068 0.214228823854514
0.153020548648841 0.095361596390476 -0.0338881802764921 0.339929277574174
0.378422935313478 0.0875816052660063 0.206762988992105 0.55008288163485
0.292313875985602 0.0638585537523131 0.167151110631068 0.417476641340136
0.231127412524758 0.0676731664748375 0.0984880062340769 0.36376681881544
0.205925266168024 0.148578507532324 -0.0852886085953313 0.49713914093138
0.0604506652481422 0.100975927926214 -0.137462153487238 0.258363483983522
0.123365695404626 0.0902441175949244 -0.0535127750814261 0.300244165890678
0.200414977654548 0.0861860838981392 0.0314902532141948 0.3693397020949
0.182758931820434 0.122765318959459 -0.0578610933401055 0.423378956980973
0.36667897386687 0.110548128590036 0.1500046418304 0.58335330590334
0.184461062759771 0.0967498658011555 -0.00516867421049411 0.374090799730035
0.145257404654091 0.0827941355882491 -0.0170191010988776 0.307533910407059
0.129943808769785 0.0968066506526788 -0.0597972265094658 0.319684844049035
0.346979959577065 0.103063961008391 0.144974596000619 0.548985323153512
0.302006279212611 0.0595035771413283 0.185379268015607 0.418633290409614
0.236473218644868 0.063672495132735 0.111675128184707 0.361271309105028
0.233644984070659 0.108024288983213 0.0219173776635612 0.445372590477758
0.153262623349783 0.102088325982598 -0.0468304955761093 0.353355742275676
0.303833369264259 0.0772222894648333 0.152477681913186 0.455189056615332
0.33059158073415 0.223799256923771 -0.108054962836442 0.769238124304741
0.282887091025353 0.065962217874874 0.1536011439906 0.412173038060106
0.404063822215943 0.056898200659934 0.292543348922472 0.515584295509414
0.167370289286864 0.0915951942343972 -0.0121562914125548 0.346896869986282
0.223597341388307 0.0965656119943376 0.0343287418794053 0.412865940897209
0.227173609597423 0.113407845817715 0.00489423179470239 0.449452987400144
0.141666080332284 0.104081713303824 -0.0623340777432119 0.34566623840778
0.217888650815081 0.107089104518739 0.00799400595835265 0.42778329567181
0.0890828334494478 0.0844447556814707 -0.0764288876862348 0.25459455458513
0.218914091020629 0.0893753850065513 0.0437383364077886 0.39408984563347
0.163901871026379 0.0810238903260805 0.00509504598726113 0.322708696065497
0.269107325374105 0.06950748497083 0.132872654831278 0.405341995916931
0.230206487138957 0.0673881368997386 0.0981257388154697 0.362287235462445
0.412227767007593 0.0897675457190275 0.236283377398299 0.588172156616886
0.201452062952572 0.0626035657658283 0.0787490740515484 0.324155051853595
0.0505631151709101 0.0778366514913885 -0.101996721752211 0.203122952094031
0.162326419321333 0.0673443212745077 0.0303315496232984 0.294321289019368
0.19589149205836 0.0827658505202071 0.0336704250387543 0.358112559077966
0.277850571408747 0.0886563026380555 0.104084218238158 0.451616924579335
0.337263615437435 0.103492427746059 0.134418457055159 0.540108773819712
0.390094054500471 0.109751605699213 0.174980907330013 0.605207201670928
0.315757307928099 0.0645376628855346 0.189263488672451 0.442251127183746
0.112914418806852 0.0818263967765575 -0.0474653188752009 0.273294156488905
0.223499974920634 0.0781319134250948 0.070361424607448 0.37663852523382
0.160901202345358 0.107681208621231 -0.0501539665522548 0.371956371242972
0.00920105364634893 0.0894766373695044 -0.16617315559788 0.184575262890578
0.196818994778346 0.0928396308422347 0.0148533183275658 0.378784671229126
0.250287629273868 0.0737443646295963 0.10574867459986 0.394826583947877
0.316034794987265 0.0774134557582537 0.164304421701088 0.467765168273442
0.242055375328239 0.0653597767242391 0.113950212948731 0.370160537707748
0.330337031421133 0.0731474795929643 0.186967971418923 0.473706091423343
0.123473392086641 0.0948259845215623 -0.0623855375756212 0.309332321748903
0.157405721228017 0.130522402056239 -0.0984181868022119 0.413229629258246
0.132354486613833 0.139762912131277 -0.14158082116347 0.406289794391137
0.110853729845639 0.083815736454574 -0.0534251136053261 0.275132573296604
0.278374639080253 0.0928654166716113 0.0963584224038945 0.460390855756611
0.227433648156692 0.0704820212362055 0.0892888865337291 0.365578409779655
0.302577801676872 0.0861317970063085 0.133759479544508 0.471396123809237
0.159264083716422 0.114755887940222 -0.0656574566464125 0.384185624079256
0.148549554157781 0.108548218788336 -0.064204954667358 0.36130406298292
0.321460402653366 0.079570170931411 0.1655028676278 0.477417937678931
0.323158227267225 0.0589121426139897 0.207690427743806 0.438626026790645
0.303384981504031 0.0649928020066716 0.175999089570954 0.430770873437107
0.258140867548936 0.0683343804536132 0.124205481859854 0.392076253238018
0.250513793059042 0.0719640023056174 0.109464348540032 0.391563237578052
0.0792367868275712 0.126709439114847 -0.169113713837529 0.327587287492672
0.0577163307180676 0.116484582566428 -0.17059345111213 0.286026112548266
0.138016368070371 0.0905598373526075 -0.0394809131407398 0.315513649281481
0.188828456180577 0.0816939170741774 0.0287083787151894 0.348948533645965
0.418613095899203 0.0767335839840512 0.268215271290463 0.569010920507943
0.453192942469882 0.0997435570082372 0.257695570733737 0.648690314206027
0.223218443393517 0.0986157303885275 0.0299316118320032 0.416505274955031
0.225886787214876 0.076383530197094 0.0761750680285715 0.37559850640118
0.256454848323564 0.0765450993766931 0.106426453545245 0.406483243101882
0.311885538377991 0.0784979462593334 0.158029563709697 0.465741513046284
0.256815088818965 0.151474095311732 -0.04007413799203 0.55370431562996
0.203997769531593 0.0725512535224023 0.0617973126276843 0.346198226435501
0.214998337125217 0.0672205092641918 0.0832461389674009 0.346750535283033
0.233288507601295 0.102939509729385 0.0315270685317009 0.43504994667089
0.194250103159632 0.108548046248265 -0.0185040674869676 0.407004273806231
0.230455984774502 0.0783259793414971 0.0769370652651679 0.383974904283836
0.237896569732782 0.100368340753069 0.0411746218567677 0.434618517608796
0.216317471101828 0.0747035911466521 0.0698984324543895 0.362736509749266
0.332555711218539 0.100653695146918 0.13527446873058 0.529836953706498
0.149110329568012 0.0986092697070424 -0.0441638390577913 0.342384498193815
0.431930871624285 0.272358778187208 -0.101892333622643 0.965754076871214
0.191730158437078 0.0757367643188331 0.0432861003721655 0.340174216501991
0.0932258844589318 0.0741989816694053 -0.0522041196131026 0.238655888530966
0.227681298287462 0.0893946176953277 0.0524678476046201 0.402894748970305
0.074582377181012 0.1206308148374 -0.161854019900292 0.311018774262316
0.270222291721422 0.0987467417940055 0.0766786778051717 0.463765905637673
0.503226225845464 0.122709083129308 0.26271642291202 0.743736028778907
0.371429083184359 0.154641740197582 0.0683312723970983 0.674526893971619
0.0852257792785114 0.0959214807402977 -0.102780322972472 0.273231881529495
0.263833024663439 0.0784450071623312 0.11008081062527 0.417585238701608
0.227035020868868 0.0990374280144592 0.032921661960528 0.421148379777208
0.246266261117236 0.0770058396372779 0.0953348154281719 0.397197706806301
0.29103925521039 0.0644693862018807 0.164679258254704 0.417399252166076
0.0517834394662454 0.0958880230720159 -0.136157085754906 0.239723964687396
0.472842995134795 0.0934512974345877 0.289678452163003 0.656007538106587
0.127971669338588 0.0714357982863405 -0.012042495302639 0.267985833979816
0.244698160059455 0.067554000964523 0.112292318168989 0.37710400194992
0.243178150908837 0.113902864481946 0.0199285365242222 0.466427765293451
0.19891533848685 0.0875089422400074 0.0273978116964359 0.370432865277265
0.409223120281833 0.0627617695957779 0.286210051874109 0.532236188689558
0.312492550370238 0.0684688989510115 0.178293508426256 0.446691592314221
0.251670293064756 0.076423733199886 0.10187977599298 0.401460810136533
0.264594554688617 0.0834687466099767 0.100995811333062 0.428193298044171
0.0784435738288348 0.0778903409274757 -0.0742214943890175 0.231108642046687
0.114519437211959 0.0944784183785985 -0.0706582628100942 0.299697137234012
0.327273513528203 0.0849466770119693 0.160778026584743 0.493769000471663
0.482520425557875 0.103947905536861 0.278782530705628 0.686258320410122
0.0156438542459312 0.125143580197228 -0.229637562940636 0.260925271432499
0.164078572370725 0.0699048917315533 0.0270649845768809 0.30109216016457
0.181577740775092 0.0861936559717249 0.0126381750705114 0.350517306479673
0.152210255706126 0.0690064137799737 0.0169576846973775 0.287462826714874
0.227201294819114 0.0745379078855211 0.0811069953634927 0.373295594274735
0.298097618909312 0.0912656184157395 0.119217006814462 0.476978231004161
0.331042331091291 0.0666606140186529 0.200387527614732 0.461697134567851
0.0950185335239946 0.125775898029485 -0.151502226613797 0.341539293661786
0.261509477554458 0.116579485569898 0.0330136858374581 0.490005269271459
0.260346155253837 0.0764779532169901 0.110449366948537 0.410242943559138
0.176465879755699 0.0678300732825839 0.0435189361218346 0.309412823389564
0.314071544991395 0.0715048097905706 0.173922117801877 0.454220972180914
0.121844856708554 0.0778085519755959 -0.0306599051636138 0.274349618580722
0.150679950678092 0.0967669358354809 -0.0389832435594503 0.340343144915635
0.264176643149683 0.0757948024145622 0.115618830417141 0.412734455882225
0.220547950604228 0.0749470636028128 0.0736517059427147 0.367444195265741
0.327019616980198 0.0728982247252407 0.184139096518727 0.46990013744167
-0.0293955132966648 0.119594850179245 -0.263801419647985 0.205010393054655
0.150088793858496 0.0854666669363406 -0.0174258733367313 0.317603461053724
0.254079834323139 0.11991025392361 0.019055736632863 0.489103932013415
0.186566873367373 0.0930844962941287 0.00412126063088128 0.369012486103866
0.232600075503064 0.0966719131469225 0.0431231257350963 0.422077025271033
0.316786954008659 0.0897892464379269 0.140800030990323 0.492773877026996
0.246839410966862 0.0668593189038933 0.115795145915231 0.377883676018493
0.152778305126025 0.102513662865981 -0.0481484740912973 0.353705084343348
0.3296052537038 0.158895920137467 0.0181692502343656 0.641041257173235
0.238589114863378 0.0648382759880761 0.111506093926749 0.365672135800007
0.13029542136987 0.0912066711868195 -0.0484696541562963 0.309060496896036
0.297144986629914 0.0839993517824105 0.132506257136389 0.461783716123438
0.272038920564979 0.0829253293824397 0.109505274975397 0.434572566154561
0.369656541397246 0.0837866886404561 0.205434631661952 0.53387845113254
0.221767777239624 0.149194445311599 -0.0706533355711112 0.514188890050359
0.218951318169977 0.113812043916905 -0.00412028790715782 0.442022924247111
0.168017296916796 0.0908240265421671 -0.00999779510585125 0.346032388939444
0.338360658013396 0.0914643539696842 0.159090524232815 0.517630791793977
0.39521259061944 0.11882438555533 0.162316794930993 0.628108386307888
0.272087642686019 0.070191775424607 0.13451176285379 0.409663522518249
0.233928583492659 0.0534468519853629 0.129172753601348 0.338684413383971
0.149761183798916 0.112332693191574 -0.0704108948565691 0.369933262454401
0.289171563726356 0.0875862170726997 0.117502578263864 0.460840549188847
0.271723391722859 0.11203156932834 0.0521415158393131 0.491305267606405
0.0956959600514172 0.122516514606768 -0.144436408577849 0.335828328680683
0.290723718289884 0.111157149395956 0.0728557054738094 0.508591731105958
0.199797472392133 0.0910286059248553 0.0213814047794167 0.37821354000485
0.222840155928375 0.0649061629209869 0.0956240766032405 0.350056235253509
0.21166406906349 0.0855973862438513 0.0438931920255417 0.379434946101439
0.32602467739588 0.0703391487233967 0.188159945898023 0.463889408893738
0.146001296826522 0.0855093070325234 -0.0215969449572239 0.313599538610268
0.234724396409553 0.0872725365449966 0.0636702247813599 0.405778568037747
0.193638541305289 0.0681050665785359 0.0601526108113583 0.327124471799219
0.148523255386858 0.0621388706942518 0.0267310688261243 0.270315441947591
0.274016748571642 0.0823945644937023 0.112523402163985 0.435510094979298
0.200416144536414 0.078674763185998 0.0462136086918576 0.35461868038097
0.25881244298723 0.0788656800547721 0.104235710079877 0.413389175894583
0.0338282297067482 0.0760707304896599 -0.115270402052985 0.182926861466482
0.279847494882078 0.0807795062499208 0.121519662632233 0.438175327131922
0.394865455695728 0.0784691691775402 0.241065884107749 0.548665027283707
0.20817423750246 0.0769089417207423 0.0574327117298054 0.358915763275115
0.20827626181013 0.0869905825476749 0.0377747200166872 0.378777803603573
-0.0308295678406966 0.0834201596247742 -0.194333080705254 0.132673945023861
0.293274473056161 0.0761846591785773 0.14395254106615 0.442596405046173
0.261222102789345 0.0619410510221528 0.139817642785926 0.382626562792764
0.160241077565285 0.0627860065635107 0.037180504700804 0.283301650429766
0.275881243239543 0.129060043897808 0.0229235571998394 0.528838929279247
0.307736086520298 0.0589341973141793 0.192225059784507 0.42324711325609
0.0878159597772339 0.102138025052194 -0.112374569325066 0.288006488879534
0.18759934685003 0.0830920633014829 0.0247389027791231 0.350459790920936
0.282996623638966 0.134780924081338 0.0188260124395432 0.547167234838388
0.326068816471275 0.124928465070773 0.081209024932559 0.57092860800999
0.186026009843381 0.0973216876562184 -0.00472449796280672 0.376776517649569
0.0373731357188969 0.0772748107863939 -0.114085493422435 0.188831764860229
0.365905301578716 0.10439328596194 0.161294461093313 0.570516142064119
0.165696492903572 0.0771751267103249 0.0144332445513357 0.316959741255809
0.292166811863238 0.0596002385661263 0.17535034427363 0.408983279452845
0.237537837490199 0.0925075298449088 0.0562230789941774 0.41885259598622
0.267247579804534 0.0985774055505738 0.0740358649254096 0.460459294683659
0.183173768633564 0.0978846939935584 -0.00868023159381076 0.375027768860938
0.00236637791755817 0.10030046189594 -0.194222527398483 0.1989552832336
0.239117982851604 0.0741562704421289 0.0937716927850314 0.384464272918177
0.21584518836832 0.0949643235914468 0.0297151141290847 0.401975262607556
0.227821099325063 0.104343117833476 0.0233085883714501 0.432333610278675
0.205902994627405 0.0922611599393299 0.0250711211463187 0.386734868108492
0.175602451529114 0.067694311338903 0.042921601304864 0.308283301753364
0.248020377903094 0.0645097802511468 0.121581208610847 0.374459547195342
0.481058664368792 0.160453805096117 0.166569206380404 0.795548122357181
0.29431202796698 0.0960052322144067 0.106141772826743 0.482482283107217
0.377977433012917 0.0891858996756726 0.203173069648598 0.552781796377235
0.181832481654987 0.0901025859199216 0.00523141325194051 0.358433550058033
0.306601470221835 0.0917455695231161 0.126780153956527 0.486422786487143
0.191208733005442 0.0923784981042678 0.0101468767210772 0.372270589289807
0.249032880118752 0.110307607193138 0.0328299700202009 0.465235790217303
0.194227482505295 0.0718059974539448 0.0534877274955632 0.334967237515027
0.177379513915845 0.0975399603250621 -0.0137988083212766 0.368557836152967
0.17892267857432 0.0917373946221426 -0.000882614885079597 0.358727972033719
0.180183576555179 0.0788496560328641 0.0256382507307651 0.334728902379592
0.0645229115306307 0.0918276648138849 -0.115459311504584 0.244505134565845
0.00102028074866012 0.0933220217037451 -0.18189088179068 0.183931443288
0.151480277471574 0.0894984140683139 -0.0239366141023211 0.32689716904547
0.130688748509796 0.0890125499136484 -0.0437758493209545 0.305153346340547
0.19189994320544 0.0657939504454576 0.0629438003323435 0.320856086078537
0.271745218094906 0.103938668122599 0.0680254285746115 0.475465007615201
0.0989039477991812 0.0710940315607467 -0.0404403540598824 0.238248249658245
0.174995382810868 0.0906300164076195 -0.00263944934806648 0.352630214969802
0.103568761193418 0.0811185543221911 -0.0554236052780765 0.262561127664913
0.192263398885733 0.0561138141771513 0.0822803230985163 0.30224647467295
0.190203087531138 0.101017963791636 -0.00779212150046885 0.388198296562745
0.210072130069752 0.0811464322473052 0.0510251228650335 0.36911913727447
0.126489082327205 0.155983009182952 -0.179237615671381 0.432215780325792
0.223699540358985 0.103800368456719 0.0202508181838153 0.427148262534155
0.259275861538319 0.0802405368866494 0.102004409240486 0.416547313836152
0.15216830348939 0.109464922577169 -0.06238294476186 0.366719551740641
0.376807349327644 0.102172885224633 0.176548494287363 0.577066204367925
0.20687988738531 0.0907040533310014 0.0290999428565469 0.384659831914073
0.295274646559972 0.112657608981206 0.0744657329568086 0.516083560163136
0.392419576297238 0.0940338460388195 0.208113238061152 0.576725914533324
0.235095003954248 0.0698648937367768 0.0981598122301658 0.372030195678331
0.105459023742028 0.0800505365436784 -0.0514400278835817 0.262358075367638
0.468253109839744 0.198622058326127 0.0789538755205357 0.857552344158953
0.264198486827631 0.0717518696992918 0.123564822217019 0.404832151438243
0.142629439069564 0.0733446812497405 -0.00112613617992785 0.286385014319055
0.341272482236163 0.0942922094391133 0.156459751735501 0.526085212736826
0.0135852679760108 0.0916335747874048 -0.166016538607302 0.193187074559324
0.08766667726252 0.117105121665158 -0.14185936120119 0.31719271572623
0.0738958760249666 0.124830598148284 -0.170772096345671 0.318563848395604
0.247192123360474 0.0709137899972789 0.108201094965807 0.386183151755141
0.291111745186945 0.0578465906658983 0.177732427481785 0.404491062892106
0.0880462611408585 0.0863324461943745 -0.0811653334001155 0.257257855681833
0.297557394177186 0.0763877140442239 0.147837474650507 0.447277313703865
0.00488770978402608 0.0978121350737998 -0.186824074960622 0.196599494528674
0.267048903587135 0.11428390525535 0.0430524492866495 0.49104535788762
0.10748919380678 0.0688254907501291 -0.0274087680634728 0.242387155677033
0.247169125546666 0.0611211251889601 0.127371720176304 0.366966530917027
0.196925012401674 0.0682920913892241 0.0630725132787949 0.330777511524553
0.131879700000617 0.113842862058409 -0.0912523096338652 0.3550117096351
0.225188390745958 0.078522944062584 0.0712834203832929 0.379093361108622
0.213987846971902 0.0827054739056248 0.0518851181168775 0.376090575826927
0.322188060657416 0.0600156963273709 0.204557295855769 0.439818825459063
0.239610941745906 0.0899848793360488 0.0632405782472504 0.415981305244562
0.170743227718647 0.106871307613622 -0.038724535204052 0.380210990641346
0.242663957795947 0.0768088002128629 0.0921187093787358 0.393209206213158
0.234723832807732 0.0740732007485534 0.0895403593405674 0.379907306274897
0.192893441519016 0.0936519457528864 0.00933562784335842 0.376451255194673
0.232623281728173 0.0685253122089271 0.0983136697986756 0.36693289365767
0.212258939253413 0.0817949594095965 0.0519408188106035 0.372577059696222
0.279722268966022 0.153571685618682 -0.0212782348465934 0.580722772778638
0.112817101719103 0.095121301417826 -0.0736206490598364 0.299254852498042
0.0467343332994173 0.0895046353254451 -0.128694751938455 0.22216341853729
0.197832308578264 0.125032938501664 -0.0472322508849966 0.442896868041525
0.236366777172959 0.0647967908960921 0.109365067016618 0.363368487329299
0.355858669752306 0.0733046961825993 0.212181465234412 0.499535874270201
0.042189860005069 0.0923411448191213 -0.138798783840409 0.223178503850547
0.272995111892008 0.078654553197968 0.118832187623991 0.427158036160025
0.281187314204121 0.0804403342509933 0.123524259072174 0.438850369336068
0.321953274984945 0.0563214061885526 0.211563318855382 0.432343231114508
0.316794459505035 0.181895330893179 -0.0397203890455963 0.673309308055666
0.122084414728683 0.10322490587344 -0.0802364007832596 0.324405230240626
0.22430122910797 0.0833744200488283 0.0608873658122665 0.387715092403673
0.279419556671005 0.0714093985098712 0.139457135591658 0.419381977750353
-0.107311189932473 0.0971254220946174 -0.297677017237923 0.0830546373729772
0.375212581066442 0.0765165163401281 0.225240209039791 0.525184953093093
0.389284250329065 0.074599793986685 0.243068654115162 0.535499846542967
0.159659808412027 0.084811352611147 -0.00657044270582094 0.325890059529875
0.461495837607588 0.14793155047403 0.171549998678489 0.751441676536686
0.141080876708754 0.0879811488113971 -0.031362174961584 0.313523928379092
0.231569311089523 0.0721919880365123 0.0900730145379587 0.373065607641087
0.213529696309901 0.0736426409352253 0.0691901200768595 0.357869272542942
0.105140855814716 0.136373348830695 -0.162150907893446 0.372432619522878
0.297187445091387 0.0828657630460251 0.134770549521178 0.459604340661596
0.21509926581797 0.0938400988545444 0.0311726720630626 0.399025859572877
0.332560349707563 0.102376446443272 0.131902514678751 0.533218184736375
0.220448151840574 0.130762760786299 -0.0358468593005728 0.476743162981721
0.174629314127561 0.086661041507925 0.00477367277202809 0.344484955483094
0.347823484679474 0.0852161926934029 0.180799747000405 0.514847222358544
0.030987114735826 0.10700453911015 -0.178741781920068 0.24071601139172
0.467866639888528 0.12005178110516 0.232565148922413 0.703168130854642
0.119777302950428 0.0886073948288967 -0.0538931909142096 0.293447796815065
0.052770523273477 0.100354654282592 -0.143924599120404 0.249465645667358
0.317695120026875 0.13740616536279 0.0483790359158066 0.587011204137943
0.261360555612252 0.102555993922177 0.0603508075247844 0.46237030369972
0.0886611503476928 0.119500185858583 -0.14555921393513 0.322881514630516
0.294023354095415 0.079536448339228 0.138131915350528 0.449914792840302
0.384987142839487 0.157061140863362 0.0771473067472975 0.692826978931677
0.168160087592619 0.090539306937087 -0.0092969540040711 0.34561712918931
0.204776376100527 0.0784517835293345 0.0510108803830315 0.358541871818023
-0.0174474776678849 0.0982198272825517 -0.209958339141686 0.175063383805916
0.068211705227147 0.101166713274287 -0.130075052790455 0.266498463244749
0.315071939675081 0.0737583543032144 0.17050556524078 0.459638314109381
0.0748545787389807 0.112638993266303 -0.145917848062974 0.295627005540935
0.284286089853288 0.187509599763066 -0.083232725682322 0.651804905388898
0.336459465009951 0.0702644923806854 0.198741059943808 0.474177870076094
0.126676172407974 0.127080411525229 -0.122401434181475 0.375753778997424
0.179506249791998 0.113777292005535 -0.0434972425388498 0.402509742122846
0.146333583037927 0.099987089902542 -0.0496411131710558 0.342308279246909
0.250978893124068 0.0737479346910815 0.106432941129549 0.395524845118588
0.350344323352622 0.0747172508372603 0.203898511711592 0.496790134993653
0.322239877560677 0.0875997458167743 0.1505443757598 0.493935379361555
0.0850209832477182 0.0970602827970313 -0.105217171034463 0.2752591375299
0.296842146378448 0.0647434622536537 0.169944960361287 0.423739332395609
0.216491118239852 0.0929273286054069 0.0343535541732544 0.398628682306449
0.203187603822951 0.0865977668396008 0.0334559808173337 0.372919226828569
0.317829742433288 0.074073902539926 0.172644893455033 0.463014591411543
0.263715563662166 0.0681014757706389 0.130236671151713 0.397194456172618
0.265782897028716 0.0834787567405213 0.102164533817294 0.429401260240138
0.255952543110889 0.0812638292429079 0.0966754377947898 0.415229648426989
0.211781933399808 0.0927457126418457 0.0300003366217905 0.393563530177826
0.245034008229838 0.0884778366807358 0.0716174483355957 0.41845056812408
0.0918518269120385 0.106166795385805 -0.116235092044139 0.299938745868216
0.196461180244049 0.0852468381227886 0.0293773775233828 0.363544982964714
0.250529997775295 0.0802212393083452 0.0932963687309383 0.407763626819651
0.214782563725909 0.0618461676958958 0.0935640750419538 0.336001052409865
0.367895155023193 0.061151789760292 0.248037647093021 0.487752662953365
0.115906117956756 0.0755010607818215 -0.0320759611756139 0.263888197089126
0.338252170972308 0.0953079099340245 0.15144866750162 0.525055674442996
0.240284915105143 0.0830725021774226 0.0774628108373946 0.403107019372891
0.322088973676864 0.146089579310348 0.0357533982285826 0.608424549125145
0.187371339959157 0.100303211760765 -0.0092229550919419 0.383965635010256
0.338571763142469 0.0843895377515872 0.173168269149358 0.50397525713558
0.174404403569172 0.0795585080900302 0.0184697277127127 0.330339079425631
0.0932155962316743 0.150671169657591 -0.202099896297203 0.388531088760552
0.165116628772087 0.0870296524323827 -0.0054614899953831 0.335694747539557
0.0502016382643438 0.102587013494711 -0.150868908185289 0.251272184713977
0.0452475488179694 0.138529756597111 -0.226270774112368 0.316765871748307
0.0905177497397363 0.0893633433261772 -0.084634403179571 0.265669902659044
0.100187811743493 0.170012072861934 -0.233035851065897 0.433411474552883
0.469026655211887 0.0386575701891225 0.393257817641207 0.544795492782567
0.140554293138419 0.0874042902196557 -0.0307581156921063 0.311866701968944
0.273394509762083 0.0863533727382502 0.104141899195113 0.442647120329053
0.170788067258365 0.0954802725251472 -0.016353266890924 0.357929401407653
0.330132590648344 0.152708775016862 0.0308233916152947 0.629441789681394
0.395164110540619 0.102923070064805 0.193434893213602 0.596893327867635
0.262353098074716 0.0826640906690975 0.100331480363285 0.424374715786147
0.214994957952742 0.0835963312720368 0.0511461486595498 0.378843767245934
0.216784040381507 0.0783408077723923 0.0632360571476183 0.370332023615396
0.147320438377558 0.109709726716168 -0.0677106259861325 0.362351502741248
0.126746040681045 0.0971828663688045 -0.0637323774018114 0.317224458763902
0.370799053630884 0.0618984276643145 0.249478135408827 0.49211997185294
0.184610312396399 0.0757981442685618 0.0360459496300174 0.33317467516278
0.263613459203091 0.096126703369868 0.0752051205981503 0.452021797808033
0.239198767778296 0.0815534829180128 0.0793539412589909 0.399043594297601
0.292083486945243 0.069650284815302 0.155568928707251 0.428598045183235
0.31457093573641 0.0805185881001783 0.15675450306006 0.472387368412759
-0.0663361459885253 0.105633132528429 -0.273377085744247 0.140704793767196
0.212200393043356 0.0734352805236675 0.0682672432169674 0.356133542869744
0.109484316052875 0.0718896135677667 -0.0314193265399482 0.250387958645697
0.266928322160546 0.0979703902021178 0.074906357364395 0.458950286956697
0.459521663394062 0.119234576453592 0.22582189354502 0.693221433243103
0.233984794139883 0.0780948357424518 0.0809189160846771 0.387050672195088
0.131536815376724 0.0834306393375783 -0.0319872377249298 0.295060868478377
0.341240866950129 0.0560874625445158 0.231309440362878 0.45117229353738
0.49074142040714 0.103477188147384 0.287926131638269 0.693556709176012
0.108303167412386 0.117056198206674 -0.121126981072695 0.337733315897468
0.336841936358011 0.0811815495940982 0.177726099153578 0.495957773562443
0.118027053042216 0.106118455268046 -0.0899651192831548 0.326019225367587
0.271970631634268 0.0804883527189699 0.114213460305087 0.429727802963449
0.079627018516767 0.0884705091337317 -0.0937751793853471 0.253029216418881
0.359447706075357 0.0901861841611223 0.182682785119558 0.536212627031157
0.19503183952533 0.0871274324674839 0.0242620718890612 0.365801607161598
0.24088463505678 0.0713420319290623 0.101054252475818 0.380715017637742
0.286714487439619 0.0705182611596544 0.148498695566696 0.424930279312542
0.208469810676477 0.143980911258131 -0.0737327753894593 0.490672396742414
0.0274402950044875 0.0858431603463464 -0.140812299274351 0.195692889283326
0.220122043158808 0.0849405767191974 0.0536385127891813 0.386605573528435
0.489061947052777 0.132590747472985 0.229184082005726 0.748939812099828
0.292876460858136 0.0787717625409744 0.138483806277827 0.447269115438446
0.284132888816399 0.0714216705364775 0.144146414564903 0.424119363067895
0.172810887813317 0.0764760668426989 0.022917796801627 0.322703978825007
0.0838918048634491 0.0923187259371803 -0.0970528979734243 0.264836507700323
0.241722982165548 0.063149849863692 0.117949276432712 0.365496687898384
0.200889236830176 0.0815563503560623 0.0410387901322937 0.360739683528058
0.270699899918629 0.0901345793400964 0.0940361244120398 0.447363675425218
0.102552604025693 0.0936811096811494 -0.0810623709493601 0.286167579000746
0.0994707519356796 0.090589307409903 -0.0780842905877302 0.277025794459089
0.266925083189347 0.0797662177339179 0.110583296430868 0.423266869947826
0.265653951902101 0.073013039607046 0.122548394272291 0.408759509531911
0.347149477869713 0.0606850666405906 0.228206747254155 0.466092208485271
0.210790024206959 0.0970428394502532 0.0205860588844628 0.400993989529455
0.304164213542787 0.118704371465831 0.0715036454697572 0.536824781615816
0.197359815664676 0.0723157439196203 0.0556209575822203 0.339098673747132
0.204171154992109 0.0846258630262652 0.0383044634606289 0.370037846523589
0.232472313566713 0.0737865906585985 0.0878505958758599 0.377094031257566
0.348991663556624 0.128366915585277 0.0973925090094818 0.600590818103766
0.148350558596745 0.0835940520538857 -0.0154937834288711 0.312194900622361
0.338534569758928 0.0539879141856376 0.232718257955078 0.444350881562777
0.10298801331477 0.073578224484061 -0.0412253066739897 0.247201333303529
0.313122216847596 0.0847965880164594 0.146920904335335 0.479323529359856
0.181787755068095 0.0719874928331579 0.0406922691151056 0.322883241021084
0.224684576871036 0.101404572010869 0.0259316157297317 0.42343753801234
0.268983609832599 0.0610565900009957 0.149312693430647 0.38865452623455
0.205747811128154 0.0891703151054802 0.0309739935214125 0.380521628734895
0.14227306555693 0.0769073278389435 -0.00846529700739912 0.293011428121259
0.123625632947333 0.0809244621956664 -0.0349863129561728 0.282237578850839
0.172292257824665 0.0806392146103698 0.0142393971883404 0.33034511846099
0.171851205748439 0.0998917339220039 -0.0239365927386884 0.367639004235567
0.248852272323454 0.0847940042906767 0.0826560239137277 0.41504852073318
0.240894913273516 0.0891634613546203 0.0661345290184603 0.415655297528572
0.232826282668521 0.0781738883054494 0.0796054615898401 0.386047103747202
0.260079184364442 0.0622525573559703 0.13806417194674 0.382094196782144
0.461910791285182 0.102537139091241 0.26093799866635 0.662883583904015
0.205247492403508 0.0826797327715236 0.0431952161713219 0.367299768635694
0.15479802099912 0.0755783542963156 0.00666444657834173 0.302931595419899
0.174852937875646 0.0763663077356959 0.0251749747136817 0.324530901037609
0.273677804362286 0.0834734766065178 0.110069790213511 0.437285818511061
0.127771197375069 0.108438996826089 -0.0847692364040662 0.340311631154204
0.237915215714629 0.0683198854108062 0.104008240309448 0.371822191119809
0.196906427187652 0.063816732210175 0.0718256320557088 0.321987222319595
0.285212291650376 0.0733867238700761 0.141374312865027 0.429050270435725
0.202259804026271 0.11765689883328 -0.028347717686957 0.4328673257395
0.220849676083058 0.0794333231042289 0.0651603627987691 0.376538989367346
0.20441669635736 0.147449760358322 -0.0845848339449511 0.493418226659672
0.251943235792735 0.0851721870594092 0.0850057491562934 0.418880722429177
0.23859953331177 0.172172737268624 -0.0988590317347332 0.576058098358274
0.411827323540489 0.108975509534375 0.198235324853113 0.625419322227865
0.228332322567663 0.0764448431499855 0.0785004299936915 0.378164215141634
0.222881715503177 0.0724248212513807 0.0809290658504708 0.364834365155883
0.262021672469488 0.0682043363899086 0.128341173145267 0.395702171793709
0.359744230294011 0.0782709845001728 0.206333100673672 0.51315535991435
0.311974890354389 0.100599651805916 0.114799572814795 0.509150207893984
0.548027214767122 0.151890505368647 0.250321824244574 0.845732605289669
0.302946947039378 0.101866761369856 0.10328809475446 0.502605799324295
0.123919620979057 0.0912195513312743 -0.0548706996302402 0.302709941588355
0.289776095642194 0.0613721032755384 0.169486773222139 0.410065418062249
0.406442093507417 0.0603848433780365 0.288087800486466 0.524796386528369
0.278789848105044 0.0870457979496806 0.10818008412367 0.449399612086418
0.0902243454811603 0.0834858768092998 -0.0734079730650673 0.253856664027388
0.140581533138526 0.0761203710312909 -0.00861439408280393 0.289777460359856
0.247742126536467 0.0801302627391424 0.0906868115677482 0.404797441505186
0.1285588679965 0.0790590967232904 -0.0263969615811489 0.283514697574149
0.220846398360024 0.0927445882236789 0.0390670054416133 0.402625791278434
0.265582129924916 0.0875438779302259 0.0939961291816732 0.437168130668159
0.312674360125965 0.074655199874535 0.166350168371876 0.458998551880053
-0.105681711918335 0.0784472552311678 -0.259438332171424 0.0480749083347541
0.321944102173128 0.0602499013231017 0.203854295579849 0.440033908766408
0.207110634313197 0.0778384840630137 0.0545472055496897 0.359674063076703
0.331502443548446 0.112682956386997 0.110643849029932 0.55236103806696
-0.145936607769341 0.0903105854909638 -0.32294535533163 0.0310721397929484
0.107665199596288 0.0837503759170273 -0.0564855372010855 0.271815936393661
0.0252041834323457 0.0919849777424365 -0.15508637294283 0.205494739807521
-0.0115498569323332 0.0904806262972338 -0.188891884474911 0.165792170610245
0.194339499187742 0.0854837643621723 0.0267913210378848 0.3618876773376
0.348287035603925 0.0736256960828397 0.203980671281559 0.492593399926291
0.353187805095548 0.0802664795054657 0.195865505264835 0.510510104926261
0.262361977717808 0.0707028573000339 0.123784377409741 0.400939578025874
0.220222859816136 0.0597427203512129 0.103127127927759 0.337318591704514
0.106873910619221 0.111449834333777 -0.111567764674982 0.325315585913425
-0.000115450424515773 0.0993822047740474 -0.194904571781649 0.194673670932617
0.233406473514731 0.0953048185480422 0.0466090291605682 0.420203917868894
0.0945206746052664 0.0879040986433705 -0.0777713587357398 0.266812707946273
0.106428070284336 0.0782188126291478 -0.0468808024687937 0.259736943037466
0.189367011420991 0.0852536085196342 0.0222699387225082 0.356464084119474
0.237557975759942 0.0947101723713464 0.0519260379121035 0.423189913607781
0.101821651274714 0.0840943951488719 -0.0630033632170749 0.266646665766503
0.139219419298511 0.0708069791211968 0.000437740220965183 0.278001098376057
0.212286725102403 0.101160064500079 0.0140129986822479 0.410560451522558
0.180891532700066 0.0846551331695001 0.0149674716878455 0.346815593712286
0.369177958038674 0.063788449053457 0.244152597893898 0.49420331818345
0.284034432891451 0.0723846884854481 0.142160443459973 0.42590842232293
0.194461509133963 0.0740932427180498 0.0492387534065852 0.339684264861341
0.0942659516274078 0.111355571189698 -0.1239909679044 0.312522871159215
0.0894318200592334 0.105645032578642 -0.117632443794905 0.296496083913372
0.209691379942257 0.0990128051787603 0.0156262817918865 0.403756478092627
0.322455319715818 0.0798603453094756 0.165929042909245 0.47898159652239
0.159822017340332 0.0813482969683938 0.000379355282280114 0.319264679398384
0.295226628112589 0.0891744445642671 0.120444716766625 0.470008539458552
0.44677047062329 0.106129606056764 0.238756442752033 0.654784498494548
0.128116808041671 0.0842699397696363 -0.0370522739068158 0.293285889990159
0.330790499420658 0.0670230385443333 0.199425343873764 0.462155654967551
0.326558732942452 0.0762384630396759 0.177131345384687 0.475986120500216
0.361313180409326 0.0939388521396101 0.17719303021569 0.545433330602961
0.250373867484138 0.105127029837229 0.0443248890031702 0.456422845965107
0.354876740952836 0.101454377135499 0.156026161767257 0.553727320138415
0.150711954042966 0.0725413017201646 0.00853100267144369 0.292892905414489
0.157519386816606 0.0851859327313213 -0.00944504133678428 0.324483814969995
0.129919136047415 0.0674870757449345 -0.00235553241265715 0.262193804507486
0.312515139946083 0.0690141397814976 0.177247425974348 0.447782853917819
0.185236388451644 0.0722494250302332 0.0436275153923873 0.326845261510902
0.386313896816814 0.0691576508392498 0.250764901171884 0.521862892461743
0.150391314081687 0.073073868748531 0.00716653133456646 0.293616096828808
0.190552113662779 0.07426211724679 0.0449983638590705 0.336105863466488
0.104710499484837 0.104988885749553 -0.101067716584286 0.310488715553961
0.219711750280117 0.0723982887865347 0.0778111042585091 0.361612396301725
0.202676622681867 0.0774435411705379 0.0508872819876125 0.354465963376121
0.210502266393977 0.0605322521928402 0.0918590520960098 0.329145480691943
0.249603973928657 0.0757292821537923 0.101174580907224 0.39803336695009
0.378402374509505 0.0906672489401535 0.200694566586804 0.556110182432205
0.390144092750385 0.0666585260441741 0.259493381703804 0.520794803796967
0.35497039307512 0.0713793258238053 0.215066914460461 0.494873871689778
0.316746024299014 0.0886252916823337 0.14304045260164 0.490451595996388
0.0652763587842457 0.0848466539861586 -0.101023083028625 0.231575800597117
0.229953023338283 0.0747746251907177 0.083394757964476 0.376511288712089
-0.0430915255517986 0.0883955898938689 -0.216346881743782 0.130163830640184
0.0183312096866102 0.0902851424821488 -0.158627669578401 0.195290088951622
0.230550979007129 0.0675209446036479 0.0982099275839792 0.362892030430279
0.181254725595363 0.0772172642664827 0.029908887633057 0.332600563557669
0.193941096522217 0.082770426970986 0.0317110596590849 0.35617113338535
0.330533126990518 0.120759155480023 0.0938451822496725 0.567221071731363
0.216122160263625 0.0717675610222777 0.0754577406599605 0.356786579867289
0.230765697008647 0.0722719010571742 0.0891127709365856 0.372418623080708
0.140339589014598 0.0695256365755497 0.00406934132652051 0.276609836702675
0.0992441142086719 0.10857624116351 -0.113565318471807 0.312053546889151
0.197461408916528 0.0784799887375925 0.0436406309908471 0.35128218684221
0.262171567313933 0.121236562952659 0.0245479039267208 0.499795230701146
0.207916737299985 0.0790784209702269 0.0529230321983403 0.36291044240163
0.32029818332585 0.086959629761519 0.149857308993273 0.490739057658428
0.254824231550358 0.100735099576919 0.0573834363795954 0.45226502672112
0.208818840186467 0.100228979414281 0.0123700405344762 0.405267639838457
0.216244875742868 0.0742434167224004 0.0707277789669629 0.361761972518772
0.274734331143385 0.139823633904497 0.000680008690571721 0.548788653596199
0.171891169348707 0.0671083759328372 0.0403587525203464 0.303423586177068
0.251032750952224 0.103937559884611 0.0473151335783867 0.454750368326062
0.309868095406621 0.0705180436989601 0.171652729756659 0.448083461056583
0.300876506389747 0.0601379815115238 0.18300606262716 0.418746950152333
0.117463838441063 0.0902797261070322 -0.0594844247287205 0.294412101610846
0.46680576402442 0.0962426763596612 0.278170118359484 0.655441409689356
0.141379156289338 0.107307707662415 -0.0689439507289951 0.351702263307671
0.406921703815251 0.0723063547060677 0.265201248591359 0.548642159039144
0.0725991993352177 0.0928979453870346 -0.10948077362337 0.254679172293806
0.00336777316558767 0.143308869105138 -0.277517610280482 0.284253156611658
0.253080057601723 0.130345495220873 -0.00239711303118945 0.508557228234635
0.290750863925656 0.121931668522903 0.051764793620766 0.529736934230547
0.236615942610827 0.0835482696337801 0.0728613341286179 0.400370551093036
0.147162277218447 0.090890043974976 -0.0309822089725062 0.3253067634094
0.201257266016397 0.0900300862739697 0.0247982969194164 0.377716235113378
0.240802492320721 0.072837033933897 0.0980419058102827 0.383563078831159
0.0796523704641156 0.0818661944681156 -0.080805370693391 0.240110111621622
0.161105163407243 0.0605807634231003 0.0423668670979667 0.27984345971652
0.131515936589811 0.0820322499050761 -0.0292672732241386 0.29229914640376
0.163281152888179 0.07609894334099 0.0141272239398385 0.312435081836519
0.0902946230547794 0.0753375396136307 -0.0573669545879367 0.237956200697496
0.163156044749133 0.0969439810892862 -0.0268541581858674 0.353166247684134
0.25507385979586 0.124155299695359 0.0117294723929569 0.498418247198763
0.326303185275012 0.0844024649470478 0.160874353978798 0.491732016571225
0.240626788896982 0.0728754508884522 0.0977909051556161 0.383462672638349
0.318859888939055 0.0613489092512368 0.198616026806631 0.439103751071479
0.274640565310441 0.0700866766035562 0.137270679167471 0.412010451453411
0.19602920782035 0.0792168079971867 0.0407642641458637 0.351294151494835
0.365590737157104 0.0877411110228087 0.193618159552399 0.537563314761809
0.214911925532405 0.132059532728944 -0.0439247586163246 0.473748609681134
0.327084467585084 0.0742963181071887 0.181463684094994 0.472705251075174
0.203705562611467 0.0879214601508451 0.0313795007158106 0.376031624507123
-0.0555692016100404 0.0880040916783023 -0.228057221299513 0.116918818079432
0.313592667940283 0.06273718129141 0.190627792609119 0.436557543271446
0.148302533737385 0.138366178738304 -0.12289517658969 0.41950024406446
0.0447695818443853 0.110287089743756 -0.171393114053376 0.260932277742146
0.116231469608699 0.0911521391754353 -0.0624267231751542 0.294889662392552
0.160964400732426 0.0787156912028961 0.00668164597474927 0.315247155490102
0.0727570571155929 0.10210438254543 -0.12736753267345 0.272881646904636
0.330460011771982 0.140623549902872 0.054837853962353 0.606082169581611
0.210837264671264 0.107252301586832 0.000622753561073414 0.421051775781454
0.174008140382316 0.0881238211062538 0.00128545101405902 0.346730829750574
-0.00432312598994489 0.0961229624939484 -0.192724132478084 0.184077880498194
0.277389942851222 0.0802817080864071 0.120037795001864 0.43474209070058
0.353692554909272 0.0943221032775329 0.168821232485307 0.538563877333236
0.0902917341551238 0.0887765439775766 -0.0837102920409263 0.264293760351174
0.168230040385414 0.0973487407608109 -0.0225734915057751 0.359033572276604
0.291791742823014 0.0907288745404552 0.113963148723722 0.469620336922306
0.115986868939134 0.0776738474317977 -0.0362538720271894 0.268227609905458
0.241270145928543 0.0730592138793993 0.0980740867249204 0.384466205132166
0.184094630420352 0.088374112951204 0.0108813690359926 0.357307891804712
0.192881207346038 0.102809085748291 -0.00862460072061302 0.394387015412688
-0.0149916743180358 0.100099733882659 -0.211187152728048 0.181203804091976
0.1387311937412 0.0898471251515529 -0.037369171555844 0.314831559038243
0.301085371584648 0.0609106125418854 0.181700571002552 0.420470172166743
0.299197779625313 0.0653931946178075 0.17102711817441 0.427368441076216
0.090781910751926 0.106473272050179 -0.117905702466425 0.299469523970277
0.440250595772593 0.103510048561936 0.237370900591198 0.643130290953989
0.144273909603541 0.0853769816740878 -0.0230649744776709 0.311612793684753
0.207450479021517 0.102298314014634 0.00694578355283534 0.407955174490199
0.351374442712031 0.145790062154201 0.0656259208897974 0.637122964534265
0.272721024764714 0.0666350955631951 0.142116237460851 0.403325812068576
0.296334931218912 0.0840398164547753 0.131616890967552 0.461052971470271
0.141978718752983 0.117024833158296 -0.0873899542372774 0.371347391743244
0.275742124313644 0.0745584107266787 0.129607639289354 0.421876609337934
0.387977435905099 0.0694957964405688 0.251765674881584 0.524189196928614
0.00043260994330796 0.0976807326235024 -0.191021625998757 0.191886845885373
0.377865326505137 0.10042444718806 0.181033410016539 0.574697242993734
0.178537566880284 0.0901798089350039 0.00178514136767668 0.355289992392892
0.291370552247322 0.0899605573683792 0.115047859805299 0.467693244689345
0.313091063023243 0.134943531793188 0.0486017407085937 0.577580385337892
0.122394059693122 0.0783892902797179 -0.0312489492551257 0.276037068641369
0.231110576304042 0.0756268876662414 0.0828818764782093 0.379339276129876
0.29495075218611 0.0834456747216561 0.131397229731664 0.458504274640556
0.272151907708018 0.0786584258672073 0.117981393008291 0.426322422407744
0.331659191268708 0.0672180028102031 0.19991190576071 0.463406476776706
0.368758371261946 0.0701396934502969 0.231284572099364 0.506232170424528
0.184032822286878 0.067824254646981 0.0510972831787956 0.316968361394961
0.396811626665965 0.0742964988204312 0.251190488977919 0.54243276435401
0.195764846692411 0.0947063284920465 0.0101404428480001 0.381389250536822
0.2487738981777 0.0506837984876806 0.149433653141846 0.348114143213554
0.167533085153752 0.109655394320696 -0.0473914877148112 0.382457658022316
0.165404038974647 0.087786454428106 -0.00665741170444087 0.337465489653734
0.255963503402373 0.0827513505164832 0.0937708563900656 0.41815615041468
0.238658997473041 0.141159128492742 -0.0380128943727331 0.515330889318815
0.237295418076683 0.0989421397022379 0.0433688242602967 0.431222011893069
0.172028641750291 0.076095645650375 0.022881176275556 0.321176107225026
0.152618660482409 0.0774884474997539 0.000741303382890968 0.304496017581926
0.302513857613068 0.0769958668232234 0.15160195863955 0.453425756586586
0.127794339119163 0.0809548566978429 -0.0308771800086094 0.286465858246935
0.305123928783816 0.0765270731743521 0.155130865362086 0.455116992205546
0.321200715448795 0.0837486056844222 0.157053448307328 0.485347982590263
0.125661435778493 0.0871179521688253 -0.0450897504724046 0.29641262202939
0.307750569937793 0.0594592917285271 0.19121035814988 0.424290781725706
0.086649090400092 0.101401950220161 -0.112098732031424 0.285396912831608
0.333582926428616 0.0892080512075587 0.158735146061801 0.508430706795431
0.253423566904895 0.116039080336383 0.0259869694455845 0.480860164364205
0.127773683503266 0.107040609293401 -0.0820259107118002 0.337573277718333
0.0627634529733991 0.125043783519716 -0.182322362725245 0.307849268672043
0.24283507080281 0.147755336086407 -0.0467653879265476 0.532435529532168
0.168679542256677 0.0787785659157752 0.0142735530617573 0.323085531451596
0.162388183454268 0.0976340192599841 -0.0289744942953012 0.353750861203836
0.134299017278538 0.0766173154054713 -0.0158709209161854 0.284468955473262
0.114421565135293 0.119735787086038 -0.120260577553342 0.349103707823928
0.102033162830948 0.101302808657304 -0.0965203421373676 0.300586667799264
0.324450586526972 0.0574739758765879 0.21180159380886 0.437099579245084
0.274749657915302 0.0854241929229408 0.107318239786338 0.442181076044266
0.28075681420932 0.0918789833928673 0.1006740067593 0.46083962165934
0.048585315288099 0.126878311610064 -0.200096175467627 0.297266806043825
0.351723400596583 0.0751277228216115 0.204473063866225 0.498973737326942
0.285909512530303 0.0513794518525269 0.18520578689935 0.386613238161255
0.362785535370107 0.0709761158219575 0.22367234835907 0.501898722381144
0.185305798347712 0.098411643494032 -0.00758102290059048 0.378192619596015
0.18827010661282 0.103264306478535 -0.0141279340851093 0.390668147310749
0.21931660397854 0.0700332014625065 0.0820515291120273 0.356581678845053
0.26790614277829 0.137752418738682 -0.00208859794952793 0.537900883506107
0.251971172853538 0.0584890291610328 0.137332675697914 0.366609670009163
0.0347136036423885 0.105525385930855 -0.172116152782088 0.241543360066865
0.178344752705539 0.0992327870231309 -0.0161515098597974 0.372841015270876
0.0987757807012966 0.0955763789509937 -0.0885539220426511 0.286105483445244
0.311354254596422 0.0709315557127717 0.172328405399389 0.450380103793454
0.0828491608758839 0.0818117035406278 -0.0775017780637467 0.243200099815514
0.204386278790218 0.070813835955867 0.0655911603167182 0.343181397263717
0.163030701920025 0.106963967677021 -0.046618674726937 0.372680078566986
0.161476646667266 0.116901279062627 -0.0676498602954834 0.390603153630015
0.354493766431259 0.108782893016488 0.141279296118943 0.567708236743575
0.180103784180311 0.086009276001041 0.0115256032182705 0.348681965142351
0.0956971321982368 0.0870298719375795 -0.074881416799419 0.266275681195893
0.140633274496746 0.0784384544786743 -0.0131060962814553 0.294372645274948
0.0625105217026959 0.0892034609245618 -0.112328261709445 0.237349305114837
0.277027852620992 0.0838433987954716 0.112694790981868 0.441360914260116
0.303756821939039 0.117015800424217 0.0744058531075746 0.533107790770503
0.20407139264387 0.0970715240094408 0.0138112055853656 0.394331579702374
0.164889588607517 0.103081127440223 -0.0371494211753198 0.366928598390353
0.135613178649144 0.0856814072012037 -0.0323223794652151 0.303548736763503
0.320573196603671 0.0756171351812787 0.172363611648365 0.468782781558978
0.139771384400575 0.0907218177217179 -0.0380433783339919 0.317586147135142
0.244311993010183 0.0947779216636403 0.0585472665494483 0.430076719470918
0.190114866271072 0.0768351592474424 0.0395179541460852 0.340711778396059
0.193853372414887 0.105341438526908 -0.0126158470978523 0.400322591927626
0.28591579551115 0.0667095449418954 0.155165087425035 0.416666503597265
0.457569273597866 0.100521359616779 0.260547408748978 0.654591138446753
0.312130485646956 0.168250091098404 -0.0176396929059154 0.641900664199828
0.308285888942775 0.115621521404612 0.0816677069897351 0.534904070895815
0.000668621121954427 0.0784452085567572 -0.15308398764929 0.154421229893198
0.289745599483208 0.0893084544929998 0.114701028676929 0.464790170289488
0.336529922873682 0.0642692830755121 0.210562128045678 0.462497717701686
0.276042236430863 0.0917023966160456 0.0963055390634134 0.455778933798312
0.278639121920452 0.0867144907216869 0.108678720105945 0.448599523734958
0.153813634471817 0.0801686871641252 -0.00331699236986868 0.310944261313502
0.362866704673323 0.0604704131806548 0.24434469483924 0.481388714507407
0.125951892265262 0.107715055246201 -0.0851696160172922 0.337073400547816
0.210720418080207 0.0712859499440198 0.0709999561899282 0.350440879970486
0.361828364826303 0.0623525650277178 0.239617337371976 0.48403939228063
0.267982904485565 0.104198760794461 0.0637533333284206 0.472212475642709
0.138256196294357 0.0909066693299527 -0.03992087559235 0.316433268181065
0.310345030677007 0.0677248909288909 0.17760424445638 0.443085816897633
0.27457754304302 0.0673044851539141 0.142660752141349 0.406494333944692
0.320172034891251 0.0941774250996834 0.135584281695871 0.50475978808663
0.177105967612149 0.153253213964725 -0.123270331758712 0.477482266983009
0.176744416531658 0.104395677936948 -0.0278711122247602 0.381359945288075
0.361719984944835 0.0773674078610304 0.210079865537216 0.513360104352455
0.239528483025294 0.0847162610199904 0.073484611426113 0.405572354624475
0.171108042937142 0.140774079081948 -0.104809152063477 0.447025237937761
0.086862995000114 0.0952371115529726 -0.0998017436437124 0.27352773364394
0.406094167336524 0.0919451698240765 0.225881634481334 0.586306700191714
0.0673440722994811 0.0931721561511315 -0.115273353756737 0.249961498355699
0.113694167944898 0.0792943903008635 -0.0417228370447943 0.269111172934591
