estimate std_1 lowerCI_1 upperCI_1 std_2 lowerCI_2 upperCI_2 std_3 lowerCI_3 upperCI_3
0.272551020408163 0.0570352423519688 0.160495810432429 0.384606230383897 0.0603516947229964 0.154037618676486 0.391064422139841 0.0660819131263742 0.142860597172622 0.402241443643704
0.271317204301075 0.0583972342360284 0.156592001742581 0.38604240685957 0.0617840670310312 0.14999585133916 0.39263855726299 0.0677263958523555 0.138403813507886 0.404230595094264
0.234128205128205 0.063563075183242 0.109181370428822 0.359075039827589 0.0658452623058031 0.104745192611039 0.363511217645371 0.0718569060754031 0.0930385557578525 0.375217854498558
0.27510152284264 0.0513194546272951 0.174330435138789 0.37587261054649 0.0550014586712791 0.167148967631222 0.383054078054058 0.0605859937941424 0.156241725597817 0.393961320087462
0.254263157894737 0.0500173737838836 0.156069845433932 0.352456470355542 0.0533738636178948 0.149519810062228 0.359006505727246 0.0599793894093708 0.136612392473543 0.371913923315931
0.237613186706479 0.0795537203259966 0.0810468221418786 0.39417955127108 0.0814025588645533 0.0774662658932574 0.397760107519701 0.0860968973709108 0.0683589270177617 0.406867446395197
0.293394736842105 0.0508677363027965 0.193517244378931 0.39327222930528 0.0552077151325684 0.185049998179849 0.401739475504361 0.0608890670367117 0.173950341247607 0.412839132436603
0.151498231900242 0.0724663764977186 0.00890812056413465 0.294088343236349 0.0734495409981753 0.00700339573607944 0.295993068064404 0.0821211242719025 -0.00983948379881383 0.312835947599298
0.225046296296296 0.0638971910930775 0.0993864986277163 0.350706093964876 0.0658122711191818 0.0956690680261754 0.354423524566417 0.0720290843737691 0.0835765375127643 0.366516055079828
0.309302884615385 0.0498710440540003 0.21138094602253 0.407224823208239 0.054346196581137 0.20264998589721 0.415955783333559 0.0592446079351265 0.193080407158013 0.425525362072756
0.310605263157895 0.0489496041209498 0.21452880760761 0.406681718708179 0.0539432620791567 0.204776096479791 0.416434429835998 0.058172916696381 0.196506880253004 0.424703646062785
0.188755868544601 0.0687177775270183 0.0535560042898555 0.323955732799346 0.0700484342149229 0.0509769229325946 0.326534814156607 0.0771169545129517 0.0372451816216519 0.34026655546755
0.267018348623853 0.0466079764081196 0.175534621206652 0.358502076041055 0.0500419774523578 0.16882983404547 0.365206863202236 0.0560919146473978 0.157003529547146 0.37703316770056
0.147916666666667 0.093430439716635 -0.036049874067491 0.331883207400824 0.0941984228869172 -0.0375344433176188 0.333367776650952 0.0996157333016437 -0.0480240628928827 0.343857396226216
0.282547169811321 0.0431163750466843 0.197948723700824 0.367145615921817 0.0473208329533334 0.189730545601282 0.37536379402136 0.0532147432257639 0.178199335587175 0.386895004035467
0.323449709279381 0.0445738621753969 0.236011453172712 0.41088796538605 0.0503828975372398 0.224649064151491 0.422250354407271 0.0543456627274889 0.216892754621025 0.430006663937738
0.186578947368421 0.083339580119886 0.0225186214334669 0.350639273303375 0.0844982479381445 0.020276956774837 0.352880937962005 0.0902776003072428 0.00907410743426329 0.364083787302579
0.164635416666667 0.0803849872060074 0.00645651193775529 0.322814321395578 0.0814237172427875 0.00444445624506179 0.324826377088272 0.0874327189309554 -0.00721646601524212 0.336487299348575
0.296512820512821 0.0547137122045995 0.189047330061885 0.403978310963756 0.0587660591451038 0.181149073885815 0.411876567139826 0.0630585840570542 0.172771087048268 0.420254553977373
0.255384615384615 0.0741846443002704 0.109490541512747 0.401278689256484 0.0767077380015991 0.104592796923885 0.406176433845346 0.0811079467637724 0.0960377066044642 0.414731524164767
0.307692307692308 0.0728911024747822 0.164284652576882 0.451099962807734 0.0758966242131269 0.158456276562023 0.456928338822592 0.0783506112515591 0.153690545934779 0.461694069449836
0.253822115384615 0.0519349544245084 0.151817229787409 0.355827000981822 0.05490467054002 0.14602968609689 0.361614544672341 0.0613735909654401 0.133402396777705 0.374241833991526
0.225548796614652 0.0488253502358053 0.129680288919721 0.321417304309583 0.0515597163074904 0.12434710757829 0.326750485651015 0.0607955027467999 0.106302498573169 0.344795094656135
0.267579787234043 0.0570431065982546 0.155505764659303 0.379653809808782 0.0603786214763937 0.149010956197757 0.386148618270328 0.0662573073723082 0.137544729089619 0.397614845378466
0.299483568075117 0.0449588088613289 0.211263661661067 0.387703474489168 0.0494618821698034 0.202463292062744 0.396503844087491 0.0544018289532905 0.192800259795277 0.406166876354958
0.262274916247906 0.0572744659034036 0.149740790886301 0.374809041609512 0.0604102083589365 0.143636076704276 0.380913755791537 0.0670647839570799 0.130657247233722 0.393892585262091
0.350149253731343 0.0862017852226705 0.180491092778146 0.519807414684541 0.0898386944946723 0.1734455615223 0.526852945940387 0.0909379137286065 0.171313553267031 0.528984954195656
0.269014423076923 0.0613565858420261 0.148403196650844 0.389625649503002 0.0642262777076607 0.142824283613484 0.395204562540363 0.0693016635022099 0.132939894348968 0.405088951804878
0.277460317460317 0.0498452245409433 0.179609473231774 0.375311161688861 0.0538380327008649 0.17181596237516 0.383104672545475 0.0598333959628371 0.160098898743011 0.394821736177624
0.289824120603015 0.0498480380651548 0.19195214888302 0.38769609232301 0.0539774512865133 0.183895161294613 0.395753079911418 0.0591813293926195 0.173728383521629 0.405919857684402
0.268928571428571 0.0548851694107759 0.161101383393594 0.376755759463549 0.0582309943376038 0.154585144333824 0.383271998523319 0.0645104234541714 0.142334068289825 0.395523074567318
0.321334951456311 0.051627549929608 0.219938868737441 0.42273103417518 0.0563390271042122 0.210752566572501 0.431917336340121 0.0601252465085829 0.203360104912144 0.439309798000477
0.30435 0.046125295480526 0.213831169473151 0.39486883052685 0.0509460413885694 0.204412347347203 0.404287652652798 0.05648442602316 0.193580027944045 0.415119972055955
0.279799107142857 0.079559831743813 0.123211743755347 0.436386470530367 0.0818683729984475 0.118741045944455 0.44085716834126 0.0850818596876596 0.112508346866844 0.44708986741887
0.134260258346949 0.106241960470669 -0.0749799643309983 0.343500481024897 0.107046054401216 -0.0765332345182147 0.345053751212114 0.113849347492007 -0.0897000261536273 0.358220542847526
0.232414634146341 0.0530675050674321 0.128156834830073 0.336672433462609 0.0555711339110761 0.123281851507208 0.341547416785475 0.0634671646524375 0.107876826026955 0.356952442265728
0.165 0.0777705012590054 0.0119833087126222 0.318016691287378 0.0789111306751797 0.00977302431326879 0.320226975686731 0.0866233218440298 -0.00520449032833056 0.335204490328331
0.18652380952381 0.0505740881296685 0.0871615411846895 0.28588607786293 0.0522588922433584 0.0838818157521477 0.289165803295471 0.0611088687321516 0.0666173891186714 0.306430229928948
0.261904115170447 0.0927175235806599 0.079362864923515 0.444445365417379 0.0949036942213442 0.0751336028441154 0.448674627496778 0.0985732053581223 0.0680239233119537 0.45578430702894
0.309301075268817 0.049543198566324 0.212057190158234 0.406544960379401 0.0545458270387042 0.20228761253385 0.416314538003784 0.0594619056186601 0.192676386114925 0.425925764422709
0.274377990430622 0.053353528788795 0.169581543965391 0.379174436895853 0.0566994355099816 0.163061376759338 0.385694604101906 0.0612139904241072 0.154251631177001 0.394504349684243
0.220050251256281 0.0491565644588774 0.123529139962623 0.31657136254994 0.0516360123019678 0.118693717740279 0.321406784772284 0.0595296317222606 0.103275307156232 0.336825195356331
0.2143 0.0550337200196023 0.106159166400475 0.322440833599525 0.057166929593918 0.102008076891027 0.326591923108973 0.0655850237416743 0.0855924221223205 0.343007577877679
0.196769230769231 0.0640998079327126 0.0707307759755616 0.3228076855629 0.0657457661765328 0.0675345445310144 0.326003917007447 0.0732828062530548 0.05286680074777 0.340671660790692
0.328897058823529 0.0650650527270622 0.200969146564439 0.45682497108262 0.0691267274455952 0.193075538047895 0.464718579599163 0.0722249829585781 0.187044549742237 0.470749567904822
0.291532663316583 0.0612342321420821 0.171190298516918 0.411875028116247 0.0647237447173695 0.164400981165719 0.418664345467447 0.0688012055225412 0.156455542871966 0.4266097837612
0.282258883248731 0.048304300029224 0.187451055856508 0.377066710640954 0.0523770625685606 0.179497333502375 0.385020432995087 0.0580783417506631 0.16835088180631 0.396166884691152
0.288282828282828 0.0730420714031813 0.144587322229464 0.431978334336192 0.0759984357830447 0.13885332439696 0.437712332168697 0.0796988265067384 0.131664094024229 0.444901562541427
0.198942307692308 0.0548102590912985 0.091213112104987 0.306671503279628 0.0566053767758696 0.0877227663786059 0.310161849006009 0.0653031663038371 0.0707715132775621 0.327113102107053
0.295257381434536 0.0448476564269985 0.207251383983489 0.383263378885583 0.0494917161752106 0.198176404558486 0.392338358310585 0.0556376575906917 0.18615399052633 0.404360772342742
0.27895 0.0459578519764736 0.188761313947734 0.369138686052266 0.0500593064104114 0.180748192560506 0.377151807439494 0.0560295382659134 0.169071831719364 0.388828168280636
0.227715736040609 0.0629643602883577 0.103920288008272 0.351511184072946 0.0651308393198717 0.099711607228788 0.35571986485243 0.0714075260510107 0.0874941739491512 0.367937298132067
0.275100872055187 0.0560251238330206 0.165006632454978 0.385195111655395 0.0594749754376305 0.158292282286383 0.39190946182399 0.0657821911043577 0.145993054400066 0.404208689710308
0.261740196078431 0.0478325598113062 0.167803813513292 0.355676578643571 0.0512846711624659 0.161073014593785 0.362407377563077 0.0595899434470925 0.144849816227392 0.378630575929471
0.189727094536865 0.0525194674052254 0.0865321060253626 0.292922083048367 0.0542688418341823 0.0831276885108503 0.296326500562879 0.0640249698979906 0.0640978451247435 0.315356343948986
0.227341463414634 0.0675445322957149 0.0944718636413807 0.360211063187888 0.069508609687282 0.0906624576837295 0.364020469145539 0.0760168528910384 0.0780115674181794 0.376671359411089
0.21083935804748 0.0558206030913395 0.101148762411155 0.320529953683805 0.0578943813646928 0.0971137816319953 0.324564934462964 0.0665460499888745 0.080243956819124 0.341434759275836
0.204973101618861 0.0826465030070431 0.042261527695953 0.367684675541769 0.0840161129698225 0.0396123326712479 0.370333870566474 0.0893908346717994 0.0291960953654119 0.38075010787231
0.338535353535354 0.0496264895207134 0.241127098170029 0.435943608900678 0.0552054264658764 0.230231514358482 0.446839192712225 0.0579397566125481 0.224886271477709 0.452184435592998
0.231165803108808 0.0592985303778448 0.114612602030229 0.347719004187388 0.0616887828408935 0.109964829513426 0.35236677670419 0.0692899829313595 0.0951532233811526 0.367178382836464
0.193594481399359 0.0517558071690099 0.0919043643243169 0.295284598474402 0.0535693897946798 0.0883744782433538 0.298814484555365 0.0634943838032744 0.0690122374667449 0.318176725331974
0.296540540540541 0.0629962863325021 0.172728262064675 0.420352819016406 0.0667695483496792 0.165387704612007 0.427693376469074 0.0712160292403672 0.156723336109203 0.436357744971878
0.220704453865076 0.0835753985756508 0.0561854613700516 0.3852234463601 0.0852487543904535 0.0529472020119948 0.388461705718156 0.0909904768969538 0.0418136254498366 0.399595282280315
0.309296875 0.0594594090997748 0.19245909369235 0.42613465630765 0.063604317673966 0.184390184281658 0.434203565718343 0.0679826509892184 0.175853165209401 0.442740584790599
0.287107843137255 0.0499306525090531 0.189075523043569 0.385140163230941 0.0538851052152115 0.181359754642847 0.392855931631663 0.059677069473842 0.170043429850586 0.404172256423924
0.182939698492462 0.0667074136033834 0.0517194906783373 0.314159906306587 0.0680748388018221 0.0490676280381707 0.316811768946754 0.0763270017127417 0.0330241868049631 0.332855210179961
0.217550505050505 0.0598102123787332 0.0999975209058108 0.335103489195199 0.061874002722891 0.0959843223651334 0.339116687735877 0.0690373381029722 0.0820273550903716 0.353073655010638
0.263725490196078 0.0529718629708376 0.159679101061796 0.367771879330361 0.0561698085442696 0.153447358689313 0.374003621702843 0.0625446145929486 0.141004688027627 0.38644629236453
0.278165137614679 0.0476055638015613 0.184687654155112 0.371642621074246 0.0512532018803596 0.177572708737077 0.378757566492281 0.0568706423261473 0.166599760814727 0.389730514414631
0.300960591133005 0.0492988145488961 0.204171123006619 0.397750059259391 0.0536922034230357 0.195597709322084 0.406323472943925 0.0588934806517128 0.185434459263242 0.416486723002768
0.250568720379147 0.0606120488396267 0.131410716203684 0.36972672455461 0.0631152711390977 0.126545855752052 0.374591585006242 0.0692287238519598 0.114641215409275 0.386496225349019
0.244550264550265 0.0556818512941027 0.135160407799841 0.353940121300688 0.0585402406536158 0.129593778766172 0.359506750334358 0.0650631549026895 0.116868886411452 0.372231642689077
0.264975124378109 0.0498300592713945 0.16711669377882 0.362833554977399 0.0532852470211308 0.160379941161651 0.369570307594568 0.0605363674444516 0.14621832314747 0.383731925608749
0.247426470588235 0.049559403960733 0.150109737150425 0.344743204026046 0.0525627564083722 0.144252796381107 0.350600144795363 0.0598186000659815 0.130080720238707 0.364772220937763
0.179238095238095 0.0520161289645517 0.0769985346657141 0.281477655810476 0.0535478163378863 0.074020729433493 0.284455461042697 0.0627519398293013 0.0560817281707211 0.302394462305469
0.189598930481283 0.0745121145458681 0.0429936408680533 0.336204220094514 0.0759451938504486 0.0402163471413367 0.33898151382123 0.0824098978377238 0.0276619634367016 0.351535897525865
0.279731707317073 0.056506691069633 0.168682761868303 0.390780652765844 0.0598744806877052 0.162129640629009 0.397333774005137 0.0659511446978308 0.150282716880407 0.40918069775374
0.238444698741231 0.078787865167309 0.0833780322076828 0.393511365274779 0.0807099409650593 0.0796560716772014 0.39723332580526 0.0858840182165183 0.0696175217720913 0.407271875710371
0.308983050847458 0.0486865224849298 0.213440987555089 0.404525114139826 0.0539975887166081 0.203063093071867 0.414903008623048 0.0594887609570508 0.192322452819969 0.425643648874946
0.177465483234714 0.134214512780429 -0.0869767816524739 0.441907748121902 0.135068642454264 -0.0886245286441617 0.44355549511359 0.136959941009979 -0.0922754694455128 0.447206435914941
0.237167487684729 0.0666326034368121 0.106175141891072 0.368159833478386 0.0687912335105631 0.101980447829543 0.372354527539915 0.0735405375205914 0.0927372665121226 0.381597708857335
0.230197044334975 0.0608109818214028 0.110681004623984 0.349713084045967 0.0630169935998528 0.106390733452088 0.354003355217862 0.0688415807940669 0.0950436960817177 0.365350392588233
0.23427807486631 0.0470852080338421 0.141825808583537 0.326730341149084 0.0501689332673228 0.135810806019198 0.332745343713422 0.0599046172226077 0.116786199711823 0.351769950020797
0.229601063829787 0.0466341793168382 0.138072402579442 0.321129725080132 0.0496047590842794 0.132271741094552 0.326930386565022 0.0580703686230941 0.115719330722122 0.343482796937452
0.228140703517588 0.0589465751150848 0.112309587184109 0.343971819851067 0.0612621911428509 0.107803684537939 0.348477722497237 0.0680885072547562 0.0944965652281109 0.361784841807065
0.247842639593909 0.0630047268676465 0.124005099704698 0.371680179483119 0.0655363463527584 0.11908241792937 0.376602861258447 0.0707845875807701 0.108860454800126 0.386824824387691
0.208875598086124 0.0834759546242348 0.0445455844057188 0.37320561176653 0.0848823097532419 0.0418245752867772 0.375926620885472 0.0899139143944206 0.0320719335290399 0.385679262643209
0.283007075176879 0.117692165344671 0.0511617166025163 0.514852433751243 0.119632716007712 0.0474148179589756 0.518599332394783 0.121600778095491 0.0436111357558013 0.522403014597957
0.233048128342246 0.0585344663609122 0.1180209433532 0.348075313331292 0.0610625296284841 0.113102084071146 0.352994172613346 0.0686500244594416 0.0983097360717638 0.367786520612728
0.238307291666667 0.0527849997964246 0.134606478949421 0.342008104383913 0.0555965624226334 0.129131201990072 0.347483381343261 0.0642953989411385 0.112155717904715 0.364458865428619
0.272424242424242 0.0734361803366733 0.127952096058284 0.416896388790201 0.0760843808076804 0.122816388245465 0.422032096603019 0.0801223897190745 0.11497200947047 0.429876475378015
0.303673061439796 0.0508195790508132 0.203931820246634 0.403414302632958 0.0556669227279465 0.194463934407621 0.412882188471971 0.0607475639444229 0.184530046898694 0.422816075980897
0.261934673366834 0.0592060151584166 0.145574238544355 0.378295108189314 0.0622478511756529 0.139656969962084 0.384212376771584 0.0678875269752218 0.12866635204239 0.395202994691279
0.249492753623188 0.0479740852638003 0.155294031380171 0.343691475866206 0.051070924520571 0.149253694867145 0.349731812379232 0.0584365979716063 0.134864468912676 0.364121038333701
0.285756097560976 0.0528795729826117 0.181902344148121 0.38960985097383 0.0565896803660048 0.174669716570076 0.396842478551875 0.0613183057311228 0.165438778412252 0.406073416709699
0.236818181818182 0.0632479237791089 0.112440585203049 0.361195778433315 0.0655617518109809 0.107948027182517 0.365688336453847 0.0726241379514623 0.0942044427849158 0.379431920851448
0.177382238294275 0.0672551885713703 0.0450622226903483 0.309702253898202 0.0684600645786247 0.0427268864644195 0.312037590124131 0.0759673438168556 0.0281409587693048 0.326623517819245
0.24565445026178 0.0496627697082138 0.148148284831374 0.343160615692187 0.0528125190655675 0.142003399222759 0.349305501300801 0.0611626550662428 0.125687502813384 0.365621397710176
0.278014705882353 0.114844333355166 0.0518064861850032 0.504222925579703 0.116729574405225 0.0481650812567422 0.507864330507964 0.118470275142628 0.0447998461076741 0.511229565657032
0.224034611560476 0.0948677616604837 0.0372842430445886 0.410784980076364 0.0964805968325201 0.0341634531576032 0.413905769963349 0.100362863606352 0.0266409930972959 0.421428230023656
0.168794871794872 0.0600246601484248 0.0507843800962168 0.286805363493527 0.0613359936220071 0.0482371705637915 0.289352573025952 0.070708534071083 0.0299861445475049 0.307603599042239
0.277914572864322 0.0411748799891696 0.19715859225115 0.358670553477493 0.0456761279497394 0.188350947357569 0.367478198371074 0.0521621923384833 0.175651662092285 0.380177483636358
0.294734299516908 0.0510611894759054 0.194469203320973 0.394999395712844 0.0550799801812876 0.186630608760253 0.402837990273563 0.0591738439847522 0.178635641867746 0.410832957166071
0.32345971563981 0.0461483227056224 0.23288976393526 0.41402966734436 0.0512855523294292 0.222853832636568 0.424065598643053 0.0552804915138366 0.215041653860528 0.431877777419093
0.214574468085106 0.0698435160908607 0.0772012282153683 0.351947707954844 0.0717115307126659 0.0735768707793264 0.355572065390886 0.0785641942423888 0.0602529405420162 0.368895995628197
0.251675 0.0525022520455004 0.148548087061452 0.354801912938548 0.0555099053759709 0.14268780934724 0.36066219065276 0.0623727822840159 0.129292906275551 0.374057093724449
0.262684210526316 0.0542836557354155 0.156052712876495 0.369315708176137 0.0576123307457903 0.149567553444812 0.37580086760782 0.0644876406461838 0.136149261260946 0.389219159791685
0.203590769380885 0.155759586574227 -0.103358159239251 0.510539698001021 0.156754967850142 -0.105277319716699 0.512458858478469 0.158038496845098 -0.107753233819209 0.514934772580979
0.222334905660377 0.0481374395282792 0.127789107394098 0.316880703926657 0.0505642081777233 0.123059973827811 0.321609837492944 0.0596879276236942 0.105244900329054 0.339424910991701
0.296016949152542 0.0440936843579075 0.209524145020561 0.382509753284524 0.04942979028143 0.199086119007525 0.392947779297559 0.0568955692328037 0.184470757648028 0.407563140657057
0.280958549222798 0.0496927351525847 0.183392914062616 0.37852418438298 0.0537135456772466 0.17554765210631 0.386369446339286 0.0606561436771521 0.161981487927642 0.399935610517954
0.228855721393035 0.0650209333928695 0.101009206808342 0.356702235977727 0.067107190540109 0.0969572220420031 0.360754220744067 0.0734412403317125 0.0846308589268079 0.373080583859262
0.276421052631579 0.0502611571551263 0.177736160030818 0.37510594523234 0.0541796909552978 0.170091295182532 0.382750810080626 0.0612872028013833 0.156204003611233 0.396638101651925
0.253093922651934 0.075028214952027 0.105503399736471 0.400684445567396 0.0775046642291682 0.100699795272229 0.405488050031639 0.0830997110181374 0.0898260486758669 0.416361796628
0.185 0.0459373657993754 0.0947967598857858 0.275203240114214 0.0478812330721848 0.091006493161648 0.278993506838352 0.0596784017645071 0.0679561062751612 0.302043893724839
0.296320346320346 0.0530982600804539 0.192001492579217 0.400639200061476 0.0566312126846505 0.185120751715854 0.407519940924839 0.060949871527527 0.176696865763451 0.415943826877242
0.330291005291005 0.0574075488257754 0.217528415521696 0.443053595060314 0.062315088686915 0.207963562445307 0.452618448136703 0.0656750571656007 0.201406196322864 0.459175814259146
0.213267326732673 0.0705003583327549 0.0745453592690797 0.351989294196267 0.0722151056582503 0.071222520625111 0.355312132840236 0.0789990451316733 0.0580460873427747 0.368488566122572
0.205880681818182 0.0600414856574395 0.0878998157396613 0.323861547896702 0.0621205618632041 0.0838542798775367 0.327907083758827 0.0707080236430628 0.0671109908600732 0.34465037277629
0.332377049180328 0.062457705629954 0.209644611716095 0.45510948664456 0.0672191694295954 0.200375299745214 0.464378798615442 0.0704267203385403 0.19412191331371 0.470632185046946
0.285771144278607 0.0468939245509114 0.193734830794405 0.377807457762809 0.0510927737595541 0.185533836654632 0.386008451902582 0.0560333191047664 0.17587410483958 0.395668183717634
0.251216216216216 0.0721323493669815 0.109334887667313 0.393097544765119 0.0746022798803369 0.104542584294025 0.397889848138407 0.0801295271201319 0.0937976333631529 0.40863479906928
0.251487804878049 0.0581224527535686 0.1372501783599 0.365725431396198 0.0608095761063096 0.132024178687035 0.370951431069062 0.0671104030705878 0.119746388963017 0.383229220793081
0.268564593301435 0.0417326807817986 0.186681750044787 0.350447436558084 0.0457186546745444 0.178890544837573 0.358238641765298 0.0528680462935977 0.164901726761358 0.372227459841513
0.290362694300518 0.0920825205932202 0.109099104617866 0.47162628398317 0.0946189245606848 0.104189627349938 0.476535761251098 0.0973433409513881 0.098909195583491 0.481816193017545
0.260382653061224 0.0492001780805957 0.16377252157575 0.356992784546699 0.0526624216056217 0.157019849406507 0.363745456715942 0.0609000322235687 0.14092620575696 0.379839100365489
0.262800925925926 0.0484939601554687 0.167580934238561 0.358020917613291 0.0517427053094997 0.161244254216151 0.364357597635701 0.0582197330155771 0.148592129606213 0.377009722245639
0.286084905660377 0.0470908979997499 0.193652021041246 0.378517790279509 0.0510755661395724 0.185871760516618 0.386298050804137 0.0554277243655604 0.177364961913842 0.394804849406913
0.283259803921569 0.0469421468260751 0.191121597040638 0.375398010802499 0.0510107347048121 0.183176770313598 0.383342837529539 0.0569183659569006 0.171627143573419 0.394892464269719
0.228586387434555 0.0551302515641081 0.120269974369919 0.336902800499191 0.0576443428739045 0.115375481366851 0.341797293502258 0.0652781748061549 0.100485213996618 0.356687560872492
0.164792215043471 0.103530247807516 -0.0390984216566158 0.368682851743558 0.104459844314614 -0.0408944392442669 0.37047886933121 0.109217033115906 -0.0500990425903423 0.379683472677285
0.306476683937824 0.0446077541724535 0.218952536589951 0.394000831285696 0.049807902117685 0.208787091224387 0.404166276651261 0.0545686148926123 0.199472542063584 0.413480825812064
0.200129533678756 0.0588308112878211 0.0844992727708338 0.315759794586679 0.0606682590902585 0.0809265908166386 0.319332476540874 0.0685824218994142 0.0655062086937644 0.334752858663749
0.189103773584906 0.0483660921028448 0.0941089567126801 0.284098590457131 0.0501435037820076 0.0906457655175181 0.287561781652293 0.059562773675639 0.0722564471628402 0.305951100006971
0.206702127659574 0.0531298372321977 0.102341097815934 0.311063157503215 0.0553078911185822 0.0980981973431492 0.315306057976 0.0644150452455711 0.0803229130088405 0.333081342310308
0.292474226804124 0.0481097916794021 0.198034490462608 0.386913963145639 0.0525494698464955 0.189366962945589 0.395581490662658 0.0592538468727496 0.176260594515789 0.408687859092458
0.261930693069307 0.0587129736357139 0.146552030478117 0.377309355660497 0.0616276230887452 0.140880578829042 0.382980807309571 0.0663595443652175 0.131658482435098 0.392202903703516
0.322454128440367 0.0534413877656546 0.217469278039821 0.427438978840913 0.0578006787205724 0.208975997645609 0.435932259235125 0.0614062918362154 0.201940871015028 0.442967385865706
0.310125 0.0467337705282694 0.218389599671877 0.401860400328123 0.0516752085896994 0.208740765923168 0.411509234076832 0.0568637213677486 0.198597114136391 0.421652885863609
0.289140625 0.0670801231094827 0.157260504735423 0.421020745264577 0.0703680992710229 0.150870601227499 0.427410648772501 0.0745142110886121 0.142799927035476 0.435481322964524
0.279162303664921 0.0509067907907565 0.179202865212986 0.379121742116857 0.0548352937530679 0.17153998261575 0.386784624714093 0.0614360578677159 0.158645281944454 0.399679325385389
0.278666666666667 0.0521769459566761 0.176222757416964 0.381110575916369 0.0562305648124994 0.168313857118429 0.389019476214904 0.0627308265325683 0.155613610864427 0.401719722468906
0.237547169811321 0.0474259780693223 0.144400933383948 0.330693406238694 0.0502148152658234 0.138965388713014 0.336128950909627 0.0581129724201099 0.123543038082593 0.351551301540048
0.250260663507109 0.0572589902274728 0.137721841246986 0.362799485767232 0.0598817665254184 0.132620802803908 0.36790052421031 0.0660352674080306 0.120629933723399 0.379891393290819
0.271587677725118 0.0509235695815551 0.171566973018457 0.37160838243178 0.054313641573155 0.164959968011328 0.378215387438909 0.0606874335434886 0.152517168161517 0.39065818728872
0.227379807692308 0.0556686197284924 0.117985791449801 0.336773823934814 0.0579415538421848 0.11356331969625 0.341196295688365 0.0652100894192051 0.0993929578171106 0.355366657567505
0.265593504244386 0.0527234896746361 0.162065783573093 0.369121224915679 0.0564522054112238 0.15479321276105 0.376393795727721 0.0638416028832674 0.14035845960743 0.390828548881342
0.228571428571429 0.0575274492697039 0.115537741972015 0.341605115170842 0.0598089294348263 0.111097263368236 0.346045593774621 0.066578675811818 0.0978979312898225 0.359244925853035
0.242538461538462 0.0598383665806355 0.12492640783822 0.360150515238703 0.0624072356027755 0.119930858788422 0.365146064288502 0.0690385963326053 0.107010030527258 0.378066892549665
0.224452736318408 0.14305180104868 -0.0574331566354082 0.506338629272224 0.144253402312437 -0.0597505876481868 0.508656060285003 0.146282336597281 -0.0636664362132228 0.512571908850039
0.238285024154589 0.0548054023215761 0.130605141070514 0.345964907238665 0.0573327033154922 0.125685116911535 0.350884931397643 0.0642523702232847 0.112189496562384 0.364380551746795
0.281352040816327 0.0560443157106888 0.17125953929826 0.391444542334393 0.0596195171121601 0.164294309167494 0.398409772465159 0.0648132270409336 0.154160480339049 0.408543601293604
0.252625 0.0584007004157076 0.13783706275204 0.36741293724796 0.0611657782918294 0.132459813168663 0.372790186831337 0.0675429811974955 0.120033575855091 0.385216424144909
0.214393939393939 0.0551853006739412 0.105921284827008 0.322866593960871 0.0573413081191011 0.101729526469157 0.327058352318721 0.0658786592218322 0.0850913277335419 0.343696551054337
0.278829268292683 0.0517452239845489 0.177197443497074 0.380461093088292 0.0553570919581211 0.17015743778681 0.387501098798556 0.0612049604884668 0.15874113459005 0.398917401995316
0.244950248756219 0.0460452223360399 0.15455695179687 0.335343545715568 0.0492347496543779 0.148332272134545 0.341568225377893 0.057680285135044 0.131824603206476 0.358075894305962
0.270786802030457 0.0805498171575605 0.112275640153206 0.429297963907708 0.0829878159365221 0.107551967351939 0.434021636708975 0.0868159583657611 0.100122847610607 0.441450756450307
0.276111111111111 0.0547849554875632 0.168467734565745 0.383754487656477 0.057992454883048 0.162223134654193 0.389999087568029 0.062858727019224 0.15273379431766 0.399488427904563
0.264884259259259 0.0480935505987934 0.170461868476798 0.35930665004172 0.051414304565859 0.163982543610443 0.365785974908075 0.0573262192406748 0.15243208760823 0.377336430910289
0.294581005586592 0.0500682148956213 0.196299848893246 0.392862162279938 0.0547589968013926 0.187141302172292 0.402020709000892 0.0601192109667991 0.176663368443088 0.412498642730097
0.234005850146254 0.0628702872209509 0.110376114881521 0.357635585410987 0.0651105101495415 0.106026018562233 0.361985681730274 0.0718595821961267 0.0928919633382011 0.375119736954306
0.211973684210526 0.0594632897701053 0.0951198154809968 0.328827552940056 0.0615182897652395 0.0911220238735686 0.332825344547484 0.0687957673694239 0.0769378202005196 0.347009548220533
0.215786802030457 0.0656427668179363 0.0866984165912365 0.344875187469677 0.0675380019751143 0.0830192330505228 0.348554371010391 0.0742546199694553 0.0699530917187192 0.361620512342195
0.28879781420765 0.0767270085510615 0.137875967240261 0.439719661175039 0.0797948368051894 0.131923262647628 0.445672365767673 0.0833969882276254 0.1249228736343 0.452672754781
0.171451853863914 0.0591053800273339 0.0552628975934616 0.287640810134367 0.0605422391815741 0.0524707446142324 0.290432963113596 0.0708965714912934 0.0322977891719296 0.310605918555899
0.328883222080552 0.0654016203231217 0.200289380683565 0.457477063477539 0.0695032332318402 0.19231882123506 0.465447622926044 0.0719333068114361 0.18758942390062 0.470177020260484
0.237487804878049 0.0481121269118443 0.143021210060493 0.331954399695604 0.0509505257797531 0.137484732026027 0.33749087773007 0.059455089188907 0.120868740994143 0.354106868761954
0.281457286432161 0.0761869004120764 0.131544096776125 0.431370476088196 0.0788896823757988 0.126305557149302 0.436609015715019 0.0828336125147204 0.118648134712808 0.444266438151513
0.230367647058824 0.0512398932807247 0.129711040670405 0.331024253447242 0.0537908049236649 0.124742382131538 0.335992911986109 0.0622859138734485 0.108162569894057 0.35257272422359
0.288982601449458 0.102408469154688 0.087323430935097 0.49064177196382 0.104655454412011 0.0829791567482689 0.494986046150648 0.106580814181921 0.0792527378885747 0.498712465010342
0.28456005517785 0.0507581357421465 0.184892156185854 0.384227954169846 0.0545911059977534 0.177415796928968 0.391704313426732 0.0595516108656819 0.167727341451717 0.401392768903983
0.238646060491135 0.0503239467102285 0.139767270057273 0.337524850924997 0.0529969863474211 0.134563634012439 0.342728486969831 0.0617499314434781 0.117485627805461 0.359806493176809
0.136965174129353 0.106317683135924 -0.0724323221798161 0.346362670438523 0.106988671612704 -0.0737282703292723 0.347658618587979 0.111747852540502 -0.0829330981637293 0.356863446422436
0.260301507537688 0.0619413222792222 0.138511581341356 0.382091433734021 0.0646576426204273 0.133234633489043 0.387368381586334 0.0689641391473189 0.124854062310555 0.395748952764822
0.280671641791045 0.0563447824980687 0.169967034001431 0.391376249580658 0.0598044820892144 0.163230604527435 0.398112679054654 0.0652805060400538 0.152550222567074 0.408793061015015
0.283415841584158 0.0475574941569816 0.190060338236614 0.376771344931703 0.0516231944659955 0.182123289189314 0.384708393979003 0.0571382226869012 0.171343713934614 0.395487969233702
0.1898 0.0631828691658597 0.065537900125649 0.314062099874351 0.064707273208119 0.062579645508314 0.317020354491686 0.0731864397004674 0.0460835515397631 0.333516448460237
0.252735849056604 0.042217960621497 0.16990471307514 0.335566985038068 0.0456846081686776 0.16312824166953 0.342343456443677 0.05300456073258 0.148805665164698 0.35666603294851
0.2796 0.0547988707679017 0.17192246103383 0.38727753896617 0.0583387305950103 0.165031453865572 0.394168546134428 0.0642380435368107 0.153526024456768 0.405673975543232
0.227914691943128 0.0518897208496538 0.125971389895391 0.329857993990865 0.054282689292963 0.121311867117823 0.334517516768433 0.0623296080050625 0.105611837819079 0.350217546067177
0.295 0.0505376245496099 0.195791726108391 0.394208273891609 0.0551540029038941 0.186779910846435 0.403220089153565 0.0609530354721617 0.175445202471364 0.414554797528636
0.27495 0.0578906631127001 0.161197986053345 0.388702013946655 0.0611557652689274 0.154842394178033 0.395057605821967 0.0660231881661901 0.14535271212163 0.404547287878371
0.33696682464455 0.0542877230711909 0.230325944511581 0.443607704777518 0.059107404509331 0.220933464395182 0.453000184893918 0.0618547529944477 0.2155723715967 0.4583612776924
0.22105862547039 0.0498483613695099 0.123161214860118 0.318956036080662 0.0522617802397005 0.118457032863422 0.323660218077358 0.060595190989355 0.102185000448548 0.339932250492233
0.293361581920904 0.0726608194769265 0.150455793454798 0.43626737038701 0.0760793082792647 0.143819464251283 0.442903699590525 0.0802426015257598 0.135723188895156 0.450999974946652
0.260904522613065 0.0497700038158846 0.163193135286568 0.358615909939563 0.0531563051328017 0.156585541524117 0.365223503702014 0.0597279967209197 0.143745008866371 0.37806403635976
0.101147941542575 0.103418665474197 -0.10250495578288 0.304800838868031 0.103850455058467 -0.103339300099232 0.305635183184382 0.107705328738232 -0.110796406855796 0.313092289940946
0.248858447488584 0.163801544110632 -0.0739447270985695 0.571661622075738 0.165010662354586 -0.0762759238046801 0.573992818781849 0.165556085331812 -0.0773278789484316 0.5750447739256
0.189260204081633 0.0892736772418924 0.0135121649386837 0.365008243224582 0.0904810372060325 0.0111765581298952 0.36734385003337 0.095971042146395 0.000537412675658461 0.377982995487607
0.317356020942408 0.0695520573843631 0.180568132178907 0.45414390970591 0.0733730604591451 0.173148790005721 0.461563251879096 0.0754492681220582 0.1691116178937 0.465600423991117
0.283176445608323 0.04941937046638 0.186114519018566 0.380238372198081 0.0531541820046924 0.178834113816062 0.387518777400585 0.0584667982462581 0.168461918039228 0.397890973177419
0.197388059701493 0.0621653097458555 0.0751570005538335 0.319619118849152 0.0638133334562368 0.0719564344661728 0.322819684936812 0.0711427394352474 0.057691459123077 0.337084660279908
0.271961325966851 0.0502851409424676 0.173251473243366 0.370671178690335 0.0542605564574083 0.165491032340323 0.378431619593379 0.0610571448239735 0.152206242444296 0.391716409489406
0.272975 0.0530476401868828 0.16878676062421 0.37716323937579 0.056522354023846 0.16201410030552 0.38393589969448 0.0625592389611397 0.150229105212214 0.395720894787786
0.26869109947644 0.0481468670470123 0.174170452411403 0.363211746541477 0.0519839811042904 0.166681652952367 0.370700546000512 0.0587951071155561 0.153370028576626 0.384012170376253
0.260880952380952 0.0398140857361341 0.182773031280184 0.338988873481721 0.0437286606306296 0.175118706981734 0.34664319778017 0.0523611072883982 0.158222666817098 0.363539237944807
0.265201005025126 0.0486461139286157 0.169714831038908 0.360687179011343 0.0522080615112274 0.162760622241547 0.367641387808704 0.0582917940226457 0.150868985920094 0.379533024130157
0.214221105527638 0.0580710259208422 0.100080726212615 0.328361484842661 0.0601190423716014 0.0960987167548304 0.332343494300446 0.0683756166652027 0.0800095960249894 0.348432615030287
0.321709183673469 0.0458000930334745 0.23183929785387 0.411579069493068 0.0512864588943685 0.221115995517026 0.422302371829913 0.0555211699898814 0.21283170953585 0.430586657811088
0.264425287356322 0.0696897282389159 0.127412605669384 0.40143796904326 0.0726512056575075 0.121658077129902 0.407192497582741 0.0779520351678236 0.11133995770716 0.417510617005483
0.331548223350254 0.0869802258248502 0.160357660719884 0.502738785980623 0.0903050559471422 0.153917307961854 0.509179138738654 0.0915409039509699 0.151520627472798 0.51157581922771
0.2628125 0.052003270976363 0.160670321740507 0.364954678259493 0.0551727149866926 0.154493800299696 0.371131199700304 0.0617692665483155 0.141617226227608 0.384007773772392
0.224241706161137 0.0473705913836942 0.131220871076418 0.317262541245857 0.0498814898868646 0.126324941710435 0.32215847061184 0.0586624512907871 0.109172743707155 0.33931066861512
0.262361809045226 0.0567844960308519 0.150804469551444 0.373919148539008 0.0598359551809275 0.144861858322152 0.3798617597683 0.0654092574400391 0.133990915346956 0.390732702743496
0.192513368983957 0.0533525722643273 0.087744255509751 0.297282482458163 0.0552551281075876 0.0840353142730759 0.300991423694839 0.0643339435758863 0.0663072021291662 0.318719535838748
0.239384236453202 0.0501807538280993 0.140842777254693 0.337925695651711 0.0529839044406577 0.135377199023988 0.343391273882416 0.0602132303564814 0.121259191695323 0.357509281211081
0.126231527093596 0.175107710653405 -0.218908361257168 0.47137141544436 0.175740694325038 -0.220128000694896 0.472591054882088 0.17800289304428 -0.224489274341855 0.476952328529047
0.318358208955224 0.0452613771963343 0.229538288205417 0.40717812970503 0.0505704325485412 0.219163687724864 0.417552730185583 0.0549201364325534 0.210655606595105 0.426060811315343
0.179088541666667 0.0550258858490112 0.0709667557770677 0.287210327556266 0.0566123123633904 0.0678797998851518 0.290297283448182 0.0658384050523041 0.0498884462332979 0.308288637100035
0.305871794871795 0.0505409864665374 0.206644275504298 0.405099314239292 0.0551455958222508 0.19765837018163 0.41408521956196 0.0598209844690812 0.188522980330285 0.423220609413305
0.314712918660287 0.0509167749995939 0.214733989936656 0.414691847383919 0.0554361543703093 0.205917649506964 0.42350818781361 0.0596237518041128 0.197738093097953 0.431687744222621
0.203852040816327 0.0766729168761393 0.0530027504470648 0.354701331185588 0.0781935129073043 0.0500553802345861 0.357648701398067 0.083805032480992 0.0391587798838145 0.368545301748839
0.277918660287081 0.0809962375146893 0.11851758490012 0.437319735674042 0.0833992070650003 0.11386281268472 0.441974507889443 0.0865117135041006 0.107824756856701 0.448012563717462
0.222603092783505 0.0602287633318924 0.10423557811857 0.34097060744844 0.0624122980114506 0.0999885885992371 0.345217596967773 0.0692392656944794 0.086685383990827 0.358520801576183
0.245979381443299 0.0481069797087071 0.151539905403925 0.340418857482673 0.0513052974383453 0.145297971077384 0.346660791809214 0.059126471728295 0.13001208318925 0.361946679697348
0.181237623762376 0.0705153695119716 0.0425261392828518 0.319949108241901 0.0717904024653634 0.0400536132845105 0.322421634240242 0.0787935444101512 0.0264443973627529 0.336030850162
0.300636305140488 0.0837368095967148 0.135809599517168 0.465463010763807 0.0863904810475708 0.130671859858874 0.470600750422101 0.0886519567394639 0.126287570861315 0.47498503941966
0.289631578947368 0.0746266822150924 0.142834250524725 0.436428907370012 0.0776726760175671 0.136924595271507 0.44233856262323 0.0808608759061093 0.13072960945995 0.448533548434787
0.254206730769231 0.0488391750697794 0.158297147919011 0.35011631361945 0.051984265992553 0.152164801942422 0.35624865959604 0.0592203190461762 0.138032503321932 0.37038095821653
0.283473684210526 0.0542560124125829 0.176925478326858 0.390021890094195 0.0580977307307942 0.169434590384287 0.397512778036765 0.0628723466235616 0.160112354387642 0.40683501403341
0.172251308900524 0.0795089347068359 0.0158236217269761 0.328678996074071 0.0806404693966612 0.0136305867485549 0.330872031052492 0.0866192791045042 0.00202248184530737 0.34248013595574
0.254454545454545 0.06328720721421 0.130001489743352 0.378907601165739 0.0656725245194974 0.125369844700637 0.383539246208453 0.0711108602374218 0.114789458270473 0.394119632638618
0.27390243902439 0.0411592655736535 0.193152938724108 0.354651939324672 0.0454238532912509 0.18481470017096 0.362990177877821 0.0523629821091816 0.171234622144204 0.376570255904577
0.24644495412844 0.0473309957974102 0.153513839508973 0.339376068747908 0.0502424729405928 0.147834401267698 0.345055506989183 0.0571991733353148 0.134243761413654 0.358646146843227
0.313634020618557 0.0517331311047834 0.212059736258505 0.415208304978609 0.0564864223050493 0.202785068599197 0.424482972637916 0.0599543116470959 0.19601068273775 0.431257358499363
0.212595238095238 0.0574677329771925 0.0996540508377363 0.32553642535274 0.0593983448961824 0.0958991382788238 0.329291337911652 0.0661800804483309 0.0826842070746921 0.342506269115784
0.249609756097561 0.0663636598186893 0.119124555538156 0.380094956656966 0.068727287562669 0.114533426389216 0.384686085805906 0.0738227515078385 0.10461879466145 0.394600717533672
0.210815789473684 0.0685806586717028 0.0759492838670862 0.345682295080282 0.0703945268394933 0.0724282673368511 0.349203311610517 0.0771637209086537 0.0592615254519391 0.362370053495429
0.271675257731959 0.0537565161727252 0.166099759962869 0.377250755501049 0.057260288638783 0.159269615051884 0.384080900412033 0.063305686976783 0.147467079497166 0.395883435966752
0.305127551020408 0.0702161666170615 0.167029791004638 0.443225311036178 0.0736483865186368 0.160366583389101 0.449888518651716 0.0772729743743144 0.153318101337267 0.45693700070355
0.228575129533679 0.0471987764214788 0.135915829281928 0.321234429785429 0.0500435345757404 0.130364627494389 0.326785631572969 0.0586197629201444 0.113603550986011 0.343546708081347
0.298505747126437 0.056124696019419 0.188275581474722 0.408735912778152 0.0606014057220366 0.179548331603723 0.41746316264915 0.0664274832202909 0.168173024259024 0.42883846999385
0.300247252747253 0.0499472015093983 0.202200432939198 0.398294072555307 0.0547439288897303 0.192835655674217 0.407658849820288 0.0607766025827807 0.181042946976068 0.419451558518438
0.212358974358974 0.0507967725064859 0.112593627048511 0.312124321669438 0.0530961342165709 0.108112578864979 0.31660536985297 0.0624684945001229 0.0898126058929478 0.334905342825001
0.237055837563452 0.0548538624486445 0.129280609259606 0.344831065867298 0.0574786267514254 0.124170752158417 0.349940922968486 0.0653353816826164 0.108845012579432 0.365266662547471
0.203636363636364 0.0633227990524886 0.0791717103479945 0.328101016924733 0.0650609397276382 0.0757927512024358 0.331479976070292 0.0714964968052908 0.0632599577525855 0.344012769520142
0.301666666666667 0.0473533478540916 0.208702013376194 0.394631319957139 0.051720581035611 0.200178213007256 0.403155120326077 0.0570399253101061 0.189782546522491 0.413550786810842
0.280707317073171 0.0460075163239428 0.19038891710162 0.371025717044721 0.0500631917230645 0.182472525429021 0.37894210871732 0.0571054707699282 0.168706724143013 0.392707910003329
0.215777202072539 0.0652668561074623 0.0874321520549255 0.344122252090152 0.0672094996518027 0.0836605250574291 0.347893879087649 0.0745153385226865 0.0694450507082361 0.362109353436842
0.279435853299647 0.0607853847080523 0.159968213158284 0.398903493441011 0.0643417722788321 0.153049802229418 0.405821904369877 0.0702469339951826 0.141540529978005 0.41733117662129
0.183492462311558 0.0551037967893874 0.0751949856978698 0.291789938925246 0.0567075760402482 0.0720761274186118 0.294908797204504 0.0661317953239351 0.0537055123421481 0.313279412280967
0.218546798029557 0.0693633285394365 0.0821150234129038 0.35497857264621 0.0711648967055103 0.0786198643393831 0.35847373171973 0.0770942563875017 0.0670940931901642 0.369999502868949
0.217553737272751 0.0438896296502449 0.131433056941948 0.303674417603555 0.04667354127868 0.125993320315318 0.309114154230184 0.056160682360366 0.10743380046852 0.327673674076983
0.235214285714286 0.0541340535791777 0.1288407927723 0.341587778656271 0.056594359443938 0.124052820908075 0.346375750520497 0.0636421394171863 0.110310360412395 0.360118211016176
0.290981308411215 0.0424494142653364 0.207692612268978 0.374270004553452 0.0469159798835031 0.198961500399383 0.383001116423046 0.0521418216877905 0.18873702037415 0.393225596448279
0.256442307692308 0.0555667558527028 0.147255057634129 0.365629557750487 0.0584238569485747 0.141694231926185 0.37119038345843 0.0647607415772313 0.129337917553217 0.383546697831399
0.203962264150943 0.0522457990807947 0.101303481866489 0.306621046435398 0.0541669767597584 0.0975647023742761 0.310359825927611 0.0626823279932695 0.0809574354888431 0.326967092813044
0.242812742812743 0.0730521448393329 0.0990561280512036 0.386569357574282 0.0752387118174528 0.0948196294362461 0.39080585618924 0.0813949354267259 0.0828650085020237 0.402760477123462
0.262116402116402 0.0631537525347848 0.137988434071361 0.386244370161443 0.0660766073596413 0.132304164009677 0.391928640223127 0.0716981779994939 0.121352389105689 0.402880415127115
0.243851066721022 0.065157260165644 0.115700439900335 0.372001693541708 0.0672776732676552 0.111585412527282 0.376116720914762 0.0725597669724825 0.101314880865574 0.386387252576469
0.26281914893617 0.0510524234782079 0.162580731461577 0.363057566410763 0.0546000966221552 0.155659880617016 0.369978417255324 0.0610984784284008 0.142964869073882 0.382673428798459
0.24921568627451 0.0527279126710067 0.145651685170705 0.352779687378315 0.0556115600376879 0.140032274735187 0.358399097813832 0.0626414635057278 0.126310084141266 0.372121288407754
0.21494349575934 0.134041953355581 -0.0491911561317604 0.47907814765044 0.135098884363596 -0.0512294728561878 0.481116464374867 0.137436233355356 -0.0557407268589666 0.485627718377646
0.268773110837205 0.0547172813786856 0.161253573857521 0.376292647816889 0.057825471512746 0.155203850993995 0.382342370680415 0.0637251472077282 0.143699825542144 0.393846396132265
0.215638766519824 0.0526294807406362 0.112191837544149 0.319085695495498 0.0546166750087274 0.108328157702392 0.322949375337256 0.0628101034651976 0.0923598994414861 0.338917633598161
0.282608695652174 0.0526619621475951 0.179230975627906 0.385986415676442 0.0567003012339889 0.171348269095702 0.393869122208646 0.0614232013773516 0.162119301912296 0.403098089392051
0.243360215053763 0.04718162914211 0.150757317954635 0.335963112152892 0.0504992858516156 0.14427858223782 0.342441847869707 0.0586650878773623 0.128311907951841 0.358408522155686
0.339800995024876 0.0484497086740945 0.244712742049066 0.434889248000685 0.0541043174065486 0.23366620150843 0.445935788541321 0.0566265450460907 0.228734527410746 0.450867462639005
0.255080279446011 0.128077580383015 0.00273207473941017 0.507428484152611 0.129593852604346 -0.000193642666714178 0.510354201558735 0.131757595007613 -0.00437234612558385 0.514532905017605
0.148543689320388 0.0720745035164555 0.00675006569278047 0.290337312947996 0.0729480831597595 0.00505679019774241 0.292030588443034 0.0799539199967156 -0.00855101110022216 0.305638389740999
0.28010101010101 0.0656438233545183 0.151023180021561 0.409178840180459 0.0687101525997841 0.145067019801213 0.415135000400808 0.0731886948602158 0.136352330624614 0.423849689577406
0.221603260869565 0.059490745365669 0.104682454400843 0.338524067338288 0.0617967343836122 0.100197528501368 0.343008993237762 0.0695756946974185 0.0850369331633147 0.358169588575816
0.27563679245283 0.0627052631652378 0.152368873446098 0.398904711459563 0.065598690683401 0.146744576965449 0.404529007940212 0.0694708963339984 0.139206092000518 0.412067492905142
0.270336787564767 0.0506898555596671 0.170815364366625 0.369858210762908 0.0543611353870449 0.163652228697892 0.377021346431642 0.0609032300324183 0.150870069635919 0.389803505493615
0.270990566037736 0.0495714595177307 0.173650520665748 0.368330611409723 0.0530102263315192 0.166943854907047 0.375037277168425 0.0584142842916923 0.156389684590636 0.385591447484836
0.222536945812808 0.0791133552904717 0.0668471824390346 0.378226709186581 0.0807947085731941 0.063590526122912 0.381483365502704 0.0859554427393026 0.0535763738046245 0.391497517820991
0.28315 0.0711639715144436 0.143173896081434 0.423126103918566 0.0740563355946575 0.137561213992349 0.428738786007651 0.0783832465626969 0.129149930077596 0.437150069922404
0.20688995215311 0.0986299086751261 0.0126387387484723 0.401141165557748 0.0998687564977449 0.0102454065620024 0.403534497744218 0.104351022553319 0.00157263485720843 0.412207269449012
0.220575916230366 0.0540782469752208 0.114378972856185 0.326772859604548 0.0564600700644342 0.109735669029865 0.331416163430867 0.0640726339628276 0.0948724054380196 0.346279427022713
0.280130208333333 0.0528440398543458 0.176346556132378 0.383913860534288 0.0566527646240056 0.168921480107451 0.391338936559216 0.0620129627186425 0.158456447785509 0.401803968881158
0.195918918918919 0.065146815589243 0.0678216205703618 0.324016217267476 0.0668438821479528 0.0645261310063826 0.327311706831455 0.074838727406123 0.0489663820393521 0.342871455798486
0.242562814070352 0.0537874107109102 0.136898442268446 0.348227185872257 0.0565473070658588 0.131523100295894 0.353602527844809 0.063818406614106 0.117335725759695 0.367789902381009
0.310072463768116 0.0490467421642372 0.213777225070618 0.406367702465614 0.0536298920635811 0.204833362370475 0.415311565165757 0.0579641121688406 0.196364774970936 0.423780152565296
0.218151658767773 0.0559428847339135 0.1082118285669 0.328091488968645 0.0580076367164214 0.104195351161628 0.332107966373917 0.0654427784687952 0.0897028728411109 0.346600444694434
0.290824468085106 0.057330344587187 0.178185258757329 0.403463677412883 0.0612176325189069 0.170615354859627 0.411033581310586 0.0664159599676066 0.160475662423152 0.421173273747061
0.293071428571429 0.0580315982994951 0.179023532546151 0.407119324596706 0.0615406468868192 0.172195815420383 0.413947041722474 0.0663106614878627 0.162898671081507 0.42324418606135
0.233382352941176 0.0578413125813256 0.119692983283697 0.347071722598656 0.0601971980375336 0.11511204995121 0.351652655931143 0.067376194742883 0.101123665995799 0.365641039886554
0.216543778801843 0.0608925720763155 0.0968080998748673 0.336279457728819 0.0627403308046368 0.0932200052203688 0.339867552383318 0.0695823965260704 0.0799048106580418 0.353182746945645
0.217614678899083 0.0699548580342347 0.0799823721827709 0.355246985615394 0.0716134402156387 0.0767672981713363 0.358462059626829 0.0771611544088408 0.0659921159330738 0.369237241865091
0.31681592039801 0.0479214261779816 0.222756434870373 0.410875405925647 0.0529275655718175 0.21297948200933 0.42065235878669 0.0564863129454242 0.206022274166213 0.427609566629807
0.29856783919598 0.048420945784958 0.203508900711252 0.393626777680707 0.0529017339413382 0.194763064998455 0.402372613393505 0.0577729105972857 0.185243464304692 0.411892214087268
0.342777777777778 0.0514716883837654 0.241746537376206 0.44380901817935 0.0575261615202967 0.229922193447544 0.455633362108012 0.0610399698144748 0.223052607340647 0.462502948214909
0.268894472361809 0.0494137423482852 0.171868787875329 0.365920156848289 0.053025465211336 0.16482367460638 0.372965270117238 0.059350460396381 0.152467922567307 0.385321022156311
0.256575 0.0714824573043016 0.115941196198384 0.397208803801616 0.0738838350199914 0.111284892252389 0.401865107747611 0.0785050186437868 0.102307768420693 0.410842231579307
0.273880208333333 0.0650417692515012 0.14600259675395 0.401757819912717 0.0680934467661298 0.140072755988629 0.407687660678038 0.0734159128908351 0.129711177422745 0.418049239243922
0.20548128342246 0.0571326225387416 0.0932242177077589 0.317738349137161 0.0591690508868316 0.089260817215022 0.321701749629898 0.0674664479933068 0.0730801342468952 0.337882432598025
0.119556650246305 0.0536378553653728 0.0141810649408023 0.224932235551809 0.0543704771217571 0.0127550452001733 0.226358255292438 0.0647752703644891 -0.00754080080156581 0.246654101294177
0.293365384615385 0.0655494787196422 0.164495192489393 0.422235576741376 0.0687388483309843 0.15829686903786 0.428433900192909 0.0722415782873563 0.151479268935575 0.435251500295194
0.233653846153846 0.0537150030063009 0.12811069044979 0.339197001857903 0.0561834090553342 0.123306046849094 0.344001645458599 0.064013673084558 0.108033750577008 0.359273941730684
0.288376963350785 0.0522520116645697 0.185773005558158 0.390980921143412 0.0563340041353196 0.177811285695664 0.398942641005906 0.0620459450931708 0.166654636624875 0.410099290076695
0.278689320388349 0.0490946293792981 0.182287000962178 0.375091639814521 0.0528555021792257 0.17495137108427 0.382427269692429 0.0592129346893776 0.162532394122726 0.394846246653973
0.308333333333333 0.0449547057987087 0.220109663765116 0.396557002901551 0.0496521168509216 0.210932350326017 0.40573431634065 0.053807180859956 0.202806719186529 0.413859947480138
0.25521408077687 0.0485414760810635 0.159937581101895 0.350490580451846 0.0521189150010662 0.152952278617828 0.357475882935913 0.060031670991454 0.137481820227026 0.372946341326715
0.226721698113208 0.0837115379356338 0.0619679451838956 0.391475451042519 0.0853058586558244 0.0588808619551855 0.39456253427123 0.0890582257299621 0.0516047688240414 0.401838627402374
0.23128332015407 0.083352582126604 0.0672231896457668 0.395343450662373 0.0851363068963249 0.0637699670690748 0.398796673239065 0.089864592300819 0.0546002932652985 0.407966347042841
0.247557533651759 0.0644398527484092 0.120862750258337 0.37425231704518 0.0670370998590543 0.115816551247386 0.379298516056132 0.0731705949719341 0.103876331771889 0.391238735531629
0.257872928176796 0.0539612236224886 0.151897742512028 0.363848113841563 0.0573442865573094 0.145302676593375 0.370443179760216 0.0643169090584287 0.131688360185055 0.384057496168536
0.255185185185185 0.0468337371588899 0.163219753802019 0.347150616568351 0.0500046910173377 0.157035726382612 0.353334643987758 0.0577601210501698 0.141885305804793 0.368485064565578
0.263009950248756 0.0609457900872538 0.143202063084585 0.382817837412927 0.0638070056443217 0.137640154462516 0.388379746034997 0.069994694774992 0.125587932093031 0.400431968404482
0.22344387755102 0.047371306547932 0.130451491250526 0.316436263851515 0.0500453475915541 0.125232730500106 0.321655024601935 0.0576358796082634 0.110398451013471 0.33648930408857
0.290678808813524 0.0620507887962017 0.168707783074013 0.412649834553035 0.0655870612591923 0.1618311709207 0.419526446706347 0.0703180771381983 0.152615134109146 0.428742483517901
0.179046511627907 0.0577322839418096 0.0655316003462323 0.292561422909582 0.0591035653153828 0.0628686301444781 0.295224393111336 0.0678873401473156 0.0457676408276205 0.312325382428193
0.258954802259887 0.050296754735443 0.160209256263339 0.357700348256435 0.0540004906078719 0.152981935163322 0.364927669356451 0.0625287630881585 0.136314513044794 0.38159509147498
0.260641025641026 0.0569541637748776 0.148737563353079 0.372544487928973 0.0600219162219432 0.142765085971957 0.378516965310094 0.066526681825703 0.130078544945949 0.391203506336103
0.186881188118812 0.0579473950467852 0.0729824867401557 0.300779889497468 0.0595151093000688 0.0699348352291951 0.303827541008429 0.0679152990451697 0.0535687245266656 0.320193651710958
0.229672897196262 0.066491702824134 0.0989115892970794 0.360434205095444 0.0684313793849638 0.095146400148307 0.364199394244216 0.073885418112824 0.0845398442928762 0.374805950099647
0.291590909090909 0.0484325227267654 0.196508929015342 0.386672889166476 0.0527372854355277 0.188106968704722 0.395074849477096 0.0583994718061701 0.177041151323999 0.406140666857819
0.247336683417085 0.0585746047348742 0.132204457232431 0.362468909601739 0.0612379225637369 0.127025556434273 0.367647810399898 0.0680434303352237 0.113764965252165 0.380908401582006
0.272655502392344 0.0700815453375513 0.13479856471082 0.410512440073869 0.0726985687163607 0.129721549679659 0.41558945510503 0.0771041780627302 0.121159345028854 0.424151659755835
0.293725490196078 0.0500183725871503 0.195509308722934 0.391941671669223 0.054142904683958 0.187463945042278 0.399987035349878 0.0594784054166397 0.177041833963819 0.410409146428338
0.263004807692308 0.0493085965393269 0.166190880762989 0.359818734621626 0.0526319957998193 0.159707558434983 0.366302056949632 0.0587277488781437 0.147799497474038 0.378210117910578
0.220326086956522 0.0710505648740847 0.0806090939434738 0.36004307996957 0.0730205554125843 0.0767843961230977 0.363867777789946 0.0790818263916145 0.0649950067621355 0.375657167150908
0.203449074074074 0.0781896021058865 0.0495247433211974 0.357373404826951 0.079555298751751 0.0468824083726337 0.360015739775514 0.0853455128283336 0.0356561514269729 0.371241996721175
0.203905097627441 0.051368676835056 0.102999203497037 0.304810991757844 0.0534176489653251 0.0990082817442274 0.308801913510654 0.062059426752186 0.0821433257911307 0.325666869463751
0.21927135678392 0.0506607476216195 0.119739381122911 0.318803332444928 0.0530672938705896 0.115053748703611 0.323488964864228 0.0626049464754672 0.0964415827138995 0.34210113085394
0.288542713567839 0.0576224856414797 0.17530194921995 0.401783477915728 0.0612346298354487 0.168272901075905 0.408812526059774 0.0669381482548585 0.157153446191029 0.419931980944649
0.276849935954281 0.0499959723891831 0.178696877002149 0.375002994906414 0.0536808181535444 0.171506033096639 0.382193838811923 0.0583832347726795 0.162318770688205 0.391381101220357
0.260780487804878 0.0581226735209393 0.146541749828253 0.375019225781503 0.0610005179178548 0.140944652910274 0.380616322699482 0.0667916406073463 0.129660395672117 0.39190057993764
0.159948453608247 0.0615863154675644 0.0388978269964788 0.280999080220016 0.0627532690079064 0.0366295237896972 0.283267383426798 0.0713173422528788 0.0199479940085351 0.29994891320796
0.135292553191489 0.10446732276482 -0.0704339484456538 0.341019054828633 0.105173667413466 -0.0717987411791912 0.34238384756217 0.110116050428494 -0.0813621338271415 0.35194724021012
0.169418604651163 0.0592635117330913 0.0529124678033905 0.285924741498935 0.0604736326604618 0.0505614496368928 0.288275759665433 0.0680866594048058 0.0357395142513228 0.303097695051003
0.198907103825137 0.053262117227559 0.0942953416031429 0.30351886604713 0.0553360053099738 0.0902544657146529 0.30755974193562 0.0653635980313466 0.0706779470513059 0.327136260598967
0.236709844559585 0.0569936361227332 0.12471783603613 0.348701853083041 0.0595768493529686 0.119690612862173 0.353729076256998 0.0670223292267252 0.105172508126436 0.368247180992735
0.275989304812834 0.050047441322989 0.177732963294341 0.374245646331327 0.0540281831827917 0.169964792413512 0.382013817212157 0.0605470560560911 0.15722606200269 0.394752547622978
0.224405940594059 0.049753954450831 0.1267112255674 0.322100655620719 0.0522628729111785 0.121818413229842 0.326993467958277 0.0598085584930484 0.107080507314476 0.341731373873643
0.296507936507936 0.0494184053173038 0.199502936136484 0.393512936879389 0.0539789511758593 0.190598611578312 0.402417261437561 0.0594425237683758 0.179918497385194 0.413097375630679
0.196797649285323 0.122666526408296 -0.0448850969048557 0.438480395475502 0.123692342464714 -0.0468643438779149 0.440459642448561 0.126393038389988 -0.0520799973988268 0.445675295969473
0.317190721649485 0.0746529405425867 0.17033115489013 0.464050288408839 0.0781910163274684 0.163467303977307 0.470914139321662 0.0812860058355045 0.157453288963866 0.476928154335103
0.342270642201835 0.0424998131793488 0.258890955988547 0.425650328415123 0.0484448747844474 0.247265371016833 0.437275913386837 0.0507961288875344 0.24266429994812 0.44187698445555
0.235292682926829 0.0497269257364506 0.137624701622059 0.3329606642316 0.0524389585761636 0.132339473585843 0.338245892267815 0.0605735302751249 0.116457456653047 0.354127909200612
0.238557213930348 0.130894960812506 -0.0193209795589512 0.496435407419648 0.132266034801368 -0.0219670724034463 0.499081500264143 0.133924967401293 -0.0251709675891946 0.502285395449891
0.238098591549296 0.0558904435214514 0.128262593513005 0.347934589585586 0.0583053002754645 0.123564554644646 0.352632628453946 0.0648583258948138 0.110791502135128 0.365405680963463
0.305973684210526 0.0477159395741616 0.212332069923387 0.399615298497666 0.0526782215633219 0.202637053919815 0.409310314501237 0.0576128821424498 0.192986330808374 0.418961037612679
0.114642857142857 0.066527784046523 -0.0161816311791784 0.245467345464893 0.0671526897024163 -0.0173944133385457 0.24668012762426 0.0753987874645716 -0.0334327202706816 0.262718434556396
0.294438775510204 0.0458873374293025 0.204379633665307 0.384497917355101 0.0505269904276096 0.195316638911379 0.393560912109029 0.0572112289937945 0.182244125782874 0.406633425237534
0.298266331658291 0.0516506420929662 0.196836321188303 0.39969634212828 0.0558778225518355 0.188592610537948 0.407940052778635 0.0608586251967588 0.178865537566312 0.417667125750271
0.257557603686636 0.0559027302244109 0.147718667309473 0.367396540063799 0.0586506780999562 0.142369303127896 0.372745904245376 0.0637247600899166 0.132476192002924 0.382639015370348
0.264743528965583 0.0688050534326128 0.129387873070763 0.400099184860402 0.0712876881437787 0.124572678160848 0.404914379770318 0.0754438600527832 0.116497252397973 0.412989805533193
0.302036498280878 0.0682759574414757 0.167759427331245 0.436313569230511 0.0715164391492653 0.161467990892574 0.442605005669182 0.0745833638516124 0.155504289738379 0.448568706823377
0.264193548387097 0.0602688447692327 0.145723353845014 0.382663742929179 0.0629718912565749 0.140468220195221 0.387918876578972 0.0680193920864576 0.130637961853646 0.397749134920547
0.19953125 0.0561434989277597 0.0892288491622121 0.309833650837788 0.0580485187442501 0.0855202172107674 0.313542282789233 0.0664502737819555 0.069132567598355 0.329929932401645
0.151237623762376 0.0579851578195877 0.0372597864914463 0.265215461033306 0.0590496695905276 0.0351909189597793 0.267284328564973 0.0685041731396751 0.0167726533181681 0.285702594206584
0.333189758315386 0.0765965247672563 0.182472418805456 0.483907097825317 0.0801113220213672 0.175658284405613 0.49072123222516 0.0823155044745584 0.171378688357968 0.495000828272805
0.247675131885658 0.0721000633501297 0.105793652071589 0.389556611699728 0.0742404664747158 0.101646486210806 0.393703777560511 0.0791185764373031 0.0921762802146127 0.403173983556704
0.280594059405941 0.0607016724671263 0.16125819829241 0.399929920519472 0.0639314345125439 0.154980404583952 0.40620771422793 0.0695802648809417 0.143978683949694 0.417209434862187
0.268422330097087 0.0436793427703033 0.182701077576972 0.354143582617202 0.047559245130755 0.175121721473595 0.36172293872058 0.0542390642572215 0.162057625180657 0.374787035013518
0.330451275987782 0.0645139210678889 0.203601893163023 0.457300658812541 0.0686434099514122 0.195577160545641 0.465325391429923 0.0714194563670293 0.190173938244318 0.470728613731246
0.24475 0.0452167745672036 0.156003648922289 0.333496351077711 0.048465482069833 0.149659464959752 0.339840535040248 0.0564273355942074 0.134091163046728 0.355408836953272
0.232249681278807 0.0587154928951798 0.116810641256653 0.347688721300962 0.061001123266801 0.112369864451825 0.35212949810579 0.0684516020279115 0.0978608878639336 0.366638474693681
0.264850746268657 0.0450098215502649 0.176515653543951 0.353185838993362 0.0487804733962028 0.169150532859209 0.360550959678104 0.0559927881505134 0.155045930676251 0.374655561861062
0.208296089385475 0.0535884233782871 0.103059404315438 0.313532774455512 0.0558847190169768 0.0985830834876452 0.318009095283304 0.0651008284365254 0.0805864164402247 0.336005762330725
0.328963207201549 0.0624797409148498 0.206158659014141 0.451767755388958 0.0669178334363753 0.197524816648542 0.460401597754556 0.0701974080331429 0.191134744566808 0.46679166983629
0.28494623655914 0.0490270477484404 0.188698626705184 0.381193846413095 0.0533553431298709 0.180250429031155 0.389642044087124 0.0605912584579952 0.166106793817186 0.403785679301093
0.261618357487923 0.052698588226067 0.158103458078023 0.365133256897823 0.055819127780264 0.152023469822182 0.371213245153663 0.0614458626032041 0.141043265541667 0.382193449434179
0.308245192307692 0.0509907273467409 0.208104560282705 0.40838582433268 0.0553530569351241 0.199598435125532 0.416891949489853 0.0590399225329249 0.192399924696854 0.42409045991853
0.245481651376147 0.0628277666004421 0.12194723275409 0.369016069998203 0.0650902614967235 0.117552671274147 0.373410631478146 0.070464731839248 0.107094176879654 0.38386912587264
0.269004854368932 0.0538264820044817 0.16327655151124 0.374733157226624 0.0570692882334682 0.156957930422632 0.381051778315232 0.0626717180961137 0.146024759340103 0.391984949397761
0.190560747663551 0.0553786905314609 0.0817044668793532 0.29941702844775 0.0569762320940887 0.0785992779409186 0.302522217386184 0.0651099309296542 0.062753432393047 0.318368062934056
0.19200956937799 0.0554858006289545 0.0829716428466408 0.30104749590934 0.0571373885480935 0.0797589046492548 0.304260234106726 0.0656740703973635 0.0631174423698395 0.320901696386141
0.222545454545455 0.0514915290326051 0.12138688612286 0.323704022968049 0.053701991193378 0.117082615352881 0.328008293738028 0.0615218257019237 0.101826086684174 0.343264822406735
0.301256281407035 0.0491809549244466 0.204690725839838 0.397821836974233 0.0536781884502859 0.195916240708635 0.406596322105435 0.0592616839811227 0.185006921926454 0.417505640887617
0.249722222222222 0.0507965275230304 0.149954926554071 0.349489517890374 0.0538775964494721 0.143949888849494 0.35549455559495 0.0599566553287689 0.132083015491342 0.367361428953102
0.288623188405797 0.0523937605706663 0.185721167491511 0.391525209320083 0.0561710043185339 0.178357973096357 0.398888403715237 0.0606763943064032 0.169563180945671 0.407683195865923
0.328121827411168 0.0445280833762408 0.240753087953056 0.415490566869279 0.0502513121380726 0.229564786917954 0.426678867904381 0.0537909348883855 0.222639504279796 0.433604150542539
0.25355614973262 0.0749528096917845 0.106114418890471 0.40099788057477 0.0773610999768518 0.101443063989198 0.405669235476043 0.0819340693032646 0.0925577278008283 0.414554571664412
0.264509345794393 0.0648602758996934 0.136975525086218 0.392043166502567 0.0674384605980101 0.13196779267486 0.397050898913925 0.071588012786282 0.123894792378153 0.405123899210632
0.143022149748607 0.16396806258115 -0.180152313701211 0.466196613198426 0.164593407659046 -0.181357347163235 0.46740164666045 0.166412884296781 -0.18486522900274 0.470909528499954
0.238459595959596 0.0482545528368473 0.143730951844489 0.333188240074703 0.0512021316267756 0.137978526013561 0.338940665905631 0.0596779536687818 0.121412958742569 0.355506233176623
0.310966981132075 0.0463762630125789 0.219949001459873 0.401984960804278 0.0511039198779596 0.210713870305658 0.411220091958493 0.0548206474409807 0.203446567657463 0.418487394606687
0.270441176470588 0.0475056099807517 0.177167850940642 0.363714502000534 0.0511976009120601 0.169964730939441 0.370917622001736 0.0587177550239616 0.155269705483565 0.385612647457612
0.311995305164319 0.0594553993799305 0.195136974063196 0.428853636265442 0.0632700962317296 0.187716274749563 0.436274335579076 0.0668973223103484 0.180649017576824 0.443341592751815
0.206899038461538 0.0505275640142274 0.107667326446196 0.306130750476881 0.0525911156874053 0.103645466318153 0.310152610604924 0.061132943418179 0.0869681438442195 0.326829933078857
0.23588785046729 0.0559201988370962 0.125992740026755 0.345782960907824 0.0582809608611436 0.12140008026873 0.350375620665849 0.0648730948235677 0.108551136251318 0.363224564683262
0.305968586387435 0.0730503013691173 0.162281543632269 0.4496556291426 0.0764698662152332 0.155645123801518 0.456292048973351 0.0794312067735458 0.149889135060667 0.462048037714203
0.328698979591837 0.0480199639355611 0.234445855697367 0.422952103486306 0.05350536820812 0.223732319897235 0.433665639286438 0.0581767068283772 0.214598460953646 0.442799498230028
0.318415300546448 0.0527268377602633 0.214901470377598 0.421929130715298 0.0578099944568019 0.20498001944413 0.431850581648766 0.0621813452843843 0.196437849306161 0.440392751786735
0.222577319587629 0.0502725890673489 0.123850932830265 0.321303706344993 0.0528207084697034 0.118883501471552 0.326271137703705 0.0613388109756726 0.102248810420127 0.342905828755131
0.2794 0.045619605829152 0.189843033543464 0.368956966456536 0.0493235504960669 0.182613587657403 0.376186412342597 0.0551816365979286 0.171164581320696 0.387635418679304
0.164430399419779 0.154147840753114 -0.139335746066931 0.468196544906489 0.154967585964782 -0.140916317641569 0.469777116481127 0.157253955386179 -0.145327600907982 0.47418839974754
0.226226915620855 0.140374888782796 -0.0503775914043133 0.502831422646023 0.141616980471069 -0.0527733194448738 0.505227150686584 0.14360343916325 -0.0566075543339988 0.509061385575709
0.168694581280788 0.0579698575340146 0.0547386061377598 0.282650556423817 0.0592631577558288 0.0522254560975074 0.285163706464069 0.0684634733094358 0.0343042640129005 0.303084898548676
0.286902492759363 0.0539496146488217 0.180956402165527 0.3928485833532 0.0576547023222661 0.173731999443002 0.400072986075725 0.0622093076537557 0.164839729347722 0.408965256171005
0.278507853403141 0.0503509409261908 0.179657459410646 0.377358247395637 0.0542972958681283 0.171956098078401 0.385059608727881 0.0594807144480345 0.161828173777785 0.395187533028497
0.283224043715847 0.0524767220948699 0.180181422896817 0.386266664534877 0.056571640499921 0.172193973923544 0.39425411350815 0.0627195631037284 0.160184695535773 0.40626339189592
0.208055201380034 0.0929136343366041 0.0250866115829619 0.391023791177107 0.0942635364306583 0.022477538233813 0.393632864526256 0.0993675766446421 0.0125950303863916 0.403515372373677
0.230935960591133 0.0452411154946685 0.142127938621955 0.319743982560311 0.048109285813911 0.136529547893869 0.325342373288397 0.0555185767545928 0.122047445471581 0.339824475710685
0.241142857142857 0.0525179155542277 0.137968628582516 0.344317085703198 0.0551642474902409 0.132815045803625 0.349470668482089 0.0625785547985609 0.118348855019314 0.3639368592664
0.299228723404255 0.0472372377389187 0.206521478511444 0.391935968297067 0.0520877274447943 0.19704623810807 0.401411208700441 0.058522575477951 0.184461444836496 0.413996001972014
0.220036907536908 0.078567369355133 0.0653668722637752 0.37470694281004 0.0801902104744568 0.0622268834128881 0.377846931660927 0.0859139224622508 0.0511287142906251 0.38894510078319
0.246040609137056 0.0517976698105681 0.144319820151682 0.347761398122429 0.0547534420135748 0.138557231342651 0.353523986931461 0.0612528618945234 0.125866846692606 0.366214371581506
0.234271844660194 0.0527850004578603 0.130567490707197 0.337976198613192 0.0553269466515722 0.125618044839991 0.342925644480398 0.0628312826732543 0.110978124887151 0.357565564433238
0.258228155339806 0.0512011885135973 0.157680786290059 0.358775524389552 0.054335736489899 0.151569070272628 0.364887240406984 0.0608881796448622 0.13877374445099 0.377682566228621
0.220270935960591 0.0592983411259284 0.103715678728253 0.336826193192929 0.061376315690227 0.0996756872086904 0.340866184712492 0.0688105525593559 0.0851921154191266 0.355349756502056
0.274857336299449 0.0663719704931877 0.144306242374361 0.405408430224537 0.0691297670788871 0.138954670508489 0.410760002090408 0.0739280258689644 0.129625402499491 0.420089270099406
0.200412318000258 0.0480999445776517 0.105959965083699 0.294864670916816 0.0502603719567007 0.101747657198763 0.299076978801752 0.0601706097513459 0.0823891622121508 0.318435473788365
0.230075376884422 0.0529110651517605 0.126150218578372 0.334000535190472 0.0554421058454631 0.121218494448699 0.338932259320146 0.0631079751004752 0.106255684665916 0.353895069102929
0.337412790697674 0.0532075844239047 0.2329848535083 0.441840727887049 0.0591665653688694 0.221344512024208 0.453481069371141 0.0616257634582707 0.216536538022639 0.45828904337271
0.277582159624413 0.0495129009241745 0.180352340722577 0.374811978526249 0.053100558019888 0.173356002000938 0.381808317247888 0.0591209238097458 0.161597941406544 0.393566377842283
0.120593220338983 0.080704621772954 -0.0382118679859774 0.279398308663943 0.0813925713841313 -0.0395443820504119 0.280730822728378 0.0892842227830258 -0.0548630570556274 0.296049497733594
0.216274509803922 0.0573320439428843 0.103624548710384 0.328924470897459 0.0593840969842499 0.099630837587724 0.332918182020119 0.0657836942632622 0.0871548729269719 0.345394146680871
0.195243243243243 0.0463461693104109 0.104265227001342 0.286221259485145 0.0485780579497935 0.0999094184649447 0.290577068021542 0.0593138454059943 0.0789229490737167 0.31156353741277
0.193218085106383 0.0568149535860594 0.0815999387890231 0.304836231423743 0.058626770842136 0.0780725348573914 0.308363635355375 0.0672377142815159 0.061276163383664 0.325160006829102
0.186346153846154 0.0572381292590833 0.0738725408813927 0.298819766810915 0.058979507862017 0.0704844218459387 0.302207885846369 0.0690241596773449 0.050896742271919 0.321795565420389
0.286941747572816 0.0559075271447278 0.177095494716022 0.396788000429609 0.0594548573537917 0.170188393169182 0.403695101976449 0.0645949302508644 0.16016345443309 0.413720040712541
0.211188663282572 0.0673305869955645 0.0788028888980825 0.343574437667061 0.0691553416220445 0.0752589548924979 0.347118371672646 0.075311962911137 0.0632799695231148 0.359097357042029
0.281010638297872 0.0515856518445005 0.179725002142036 0.382296274453709 0.0555759275961279 0.171940247280862 0.390081029314883 0.0615436524960419 0.160281614333253 0.401739662262491
0.208619488404499 0.0545877259265838 0.101330784936656 0.315908191872342 0.0565939288274054 0.0974294541500336 0.319809522658964 0.0656167093494715 0.0798413517300978 0.3373976250789
0.247106177654441 0.0521874579475443 0.144632316165101 0.349580039143782 0.0550878789625398 0.138975859221876 0.355236496087007 0.0617122943493077 0.126038513303902 0.36817384200498
0.308298429319372 0.0588001236186667 0.192773437082748 0.423823421555995 0.0629791892770689 0.184634660003269 0.431962198635474 0.0668051501679388 0.177172768582324 0.439424090056419
0.275233918128655 0.0536056830522944 0.169991102529667 0.380476733727643 0.0576657367151081 0.162068538541045 0.388399297716265 0.064254325087372 0.149194712961465 0.401273123295845
0.290631313131313 0.0498079730760936 0.192849074341305 0.388413551921321 0.0539803233737889 0.184705868169696 0.396556758092931 0.0591031682628512 0.174695306032285 0.406567320230342
0.206618357487923 0.0597250453554788 0.0892184147457931 0.324018300230052 0.0615232377267607 0.0857231573627789 0.327513557613067 0.0683850461752609 0.0723592336055136 0.340877481370332
0.322675 0.0556805166185132 0.213289564945379 0.432060435054621 0.0602527327671079 0.204381777786689 0.440968222213311 0.0637961690143266 0.197468342415307 0.447881657584693
0.222328431372549 0.0612524248592198 0.101890693308141 0.342766169436957 0.0633037700882776 0.0979065119707194 0.346750350774379 0.0707475968776734 0.08341605055276 0.361240812192338
0.266102564102564 0.046524752227443 0.174794655993151 0.357410472211977 0.0503270803370032 0.167367683653195 0.364837444551933 0.0570278980347188 0.154264246387071 0.377940881818058
0.217833719135802 0.102987740632589 0.0149469605908519 0.420720477680753 0.10425809326018 0.0124947111211405 0.423172727150464 0.107305257462069 0.00660539353246889 0.429062044739136
0.247994505494505 0.0592271434111323 0.131638236533778 0.364350774455233 0.0621098217074729 0.126024687326464 0.369964323662547 0.0682269592258787 0.114093579576132 0.38189543141288
0.318560975609756 0.0527014736921979 0.215065749947769 0.422056201271743 0.0572719669545817 0.206152489551635 0.430969461667877 0.0608082688339128 0.199247413997662 0.437874537221851
0.328219512195122 0.0489693984874287 0.232079393836208 0.424359630554036 0.0541257597948005 0.222015169525516 0.434423854864728 0.0581842727877034 0.214084018804547 0.442355005585697
0.291122448979592 0.0521276975827055 0.188763761785405 0.393481136173778 0.0561898100331253 0.180840595279859 0.401404302679324 0.0616875886200407 0.170102284669003 0.412142613290181
0.207933673469388 0.0582071324866252 0.0935326750365362 0.322334671902239 0.0601682478009773 0.0897190652094165 0.326148281729359 0.0684258398671384 0.0736265428210859 0.34224080411769
0.265533980582524 0.060542915984142 0.146515571335109 0.38455238982994 0.0634041037449108 0.140954014704251 0.390113946460798 0.068412619035484 0.131200928508452 0.399867032656596
0.267995049504951 0.0673107437048886 0.135630686989812 0.40035941202009 0.0700190125355904 0.130371615950171 0.40561848305973 0.074815986099264 0.121040000456789 0.414950098553112
0.342258883248731 0.0539393015030358 0.23633930250044 0.448178463997022 0.0592640740959533 0.225952359851662 0.4585654066458 0.061915317146021 0.220774633982868 0.463743132514594
0.291192806135943 0.0661430481197731 0.161152206815406 0.42123340545648 0.0695514652760977 0.15452836091019 0.427857251361695 0.0739771032130764 0.145912896732173 0.436472715539712
0.190452261306533 0.0879498491654347 0.0173206363162955 0.36358388629677 0.0891627354625918 0.0149739047187074 0.365930617894358 0.0939385019689824 0.00571874858017399 0.375185774032891
0.238125 0.047501661103892 0.144872530827125 0.331377469172875 0.0505741103193778 0.138876554520062 0.337373445479938 0.0584003871385278 0.123581201845356 0.352668798154644
0.217975 0.050845803451644 0.118102860038838 0.317847139961162 0.053202409284197 0.113511539649627 0.322438460350373 0.0613369748083749 0.0976337232970836 0.338316276702916
0.212484565784058 0.158135281214674 -0.0991655235228701 0.524134655090986 0.159301528857185 -0.101413768364633 0.52638289993275 0.16105546257814 -0.104796983315654 0.52976611488377
0.288368421052632 0.0513805811929374 0.187496120924619 0.389240721180644 0.0555412655625711 0.179376429663767 0.397360412441496 0.0607389183414255 0.169220585786995 0.407516256318268
0.254193548387097 0.0575267669813139 0.141126315955577 0.367260780818616 0.0601443234625836 0.136035717874391 0.372351378899802 0.0656076371505821 0.125391589666142 0.382995507108051
0.342967032967033 0.0687039195640138 0.207884772954654 0.478049292979412 0.0733825368465654 0.198791328150857 0.487142737783209 0.0752683993755675 0.195120729563734 0.490813336370332
0.180904255319149 0.0991720491461453 -0.014403958418153 0.376212469056451 0.100275189934999 -0.0165353842453635 0.378343894883661 0.105789740905145 -0.0272089261027253 0.389017436741023
0.284365853658537 0.0477398336765137 0.190645867515936 0.378085839801137 0.0517612494705297 0.182796756579315 0.385934950737758 0.0568695504364927 0.172813954750758 0.395917752566315
0.262536585365854 0.0541774680271558 0.156111708165121 0.368961462566587 0.0572715761357983 0.150084136411781 0.374989034319927 0.0631721056953934 0.138570934649429 0.386502236082278
0.202358490566038 0.0525585085552193 0.099118498684595 0.305598482447481 0.0544363157125661 0.0954608334880417 0.309256147644034 0.0616475315090709 0.0813908918104641 0.323326089321611
0.260272004597261 0.0442830404428324 0.173346102065642 0.34719790712888 0.0478024732841846 0.166475394977578 0.354068614216943 0.0557170277144471 0.151002055663816 0.369541953530705
0.280190217391304 0.0607707088575289 0.160750049038549 0.39963038574406 0.0642897681263689 0.153904526701295 0.406475908081314 0.0705971011291843 0.141611082624146 0.418769352158462
0.237989130434783 0.0541869703375369 0.131530516868753 0.344447744000812 0.0570433595008126 0.125968484383592 0.350009776485973 0.0658105051549462 0.108861247002533 0.367117013867032
0.334414893617021 0.0476740052440076 0.240882984807004 0.427946802427038 0.0535956832371706 0.229304152863589 0.439525634370453 0.056743715469853 0.223144379794563 0.445685407439479
0.290957446808511 0.116836724537187 0.0608547068404746 0.521060186776547 0.11901704192347 0.0566414463204213 0.5252734472966 0.120395921465466 0.0539746516737557 0.527940241943266
0.348846153846154 0.0520159302060659 0.246698316944417 0.450993990747891 0.0574282329212508 0.236141486969444 0.461550820722864 0.060042329078413 0.231036405811799 0.466655901880508
0.0890291262135922 0.0661779926839896 -0.0411238045205561 0.219182056947741 0.0665868653043591 -0.0419169703294996 0.219975222756684 0.075183917558099 -0.0586326986721892 0.236690951099374
0.170280612244898 0.0510036620544591 0.0701042735856877 0.270456950904108 0.0525075470562586 0.0671743725953149 0.273386851894481 0.0631227587704292 0.0464511032095552 0.294110121280241
0.25188202247191 0.0580557354036668 0.137810007224712 0.365954037719108 0.0611466354979836 0.131793118619302 0.371970926324518 0.0679397818165265 0.118544954015149 0.385219090928672
0.202028985507246 0.0527308860025704 0.0984191124698122 0.305638858544681 0.054646624222601 0.0946907301683901 0.309367240846103 0.0633667261296007 0.0776832910975153 0.326374679916977
0.292019704433498 0.0450984502864966 0.20351736623381 0.380522042633185 0.049582769744537 0.194755769272387 0.389283639594608 0.0562131261133023 0.181786724776645 0.402252684090351
0.290294117647059 0.0479206447852814 0.196236974175289 0.384351261118828 0.0521045275454052 0.18806660365198 0.392521631642137 0.0578710331388651 0.176792720224994 0.403795515069123
0.315115207373272 0.0663433317323878 0.184655485620028 0.445574929126516 0.0698126019765135 0.17791691715359 0.452313497592954 0.072262098310246 0.173152284293291 0.457078130453252
0.236507936507937 0.0673095423719237 0.104182234757164 0.368833638258709 0.0695937747282477 0.0997436008982138 0.373272272117659 0.0747401903681289 0.0897269509446344 0.383288922071239
0.269396984924623 0.0779834480115592 0.115947221857009 0.422846747992237 0.0804392699674197 0.1111878877994 0.427606082049846 0.084417885189965 0.103464527523019 0.435329442326228
0.274674809453968 0.045329454146697 0.185695384502676 0.363654234405261 0.0491996050370731 0.178139561597295 0.371210057310642 0.0563417754240805 0.164176544944258 0.385173073963678
0.217724134692152 0.0834493439422129 0.0534374886576008 0.382010780726704 0.0849279318118544 0.0505771279614149 0.38487114142289 0.0893268666120933 0.0420530025061042 0.3933952668782
0.236313131313131 0.0516221217251429 0.134922936111979 0.337703326514283 0.0543572350106683 0.129592801176438 0.343033461449825 0.0625140515509016 0.113668207914813 0.35895805471145
0.224527777777778 0.0515187380545395 0.123381565558139 0.325673989997417 0.0542397969805712 0.118072948663649 0.330982606891906 0.0631483516914697 0.100666328779902 0.348389226775654
0.307537313432836 0.0642058241043493 0.181310416041716 0.433764210823956 0.0678772824922667 0.174173963077038 0.440900663788634 0.0712515800005761 0.167604781697919 0.447469845167752
0.17625 0.12023480469322 -0.0605675739222902 0.41306757392229 0.121268064456205 -0.0625630996416016 0.415063099641602 0.125133624163755 -0.0700371844470004 0.422537184447
0.241198979591837 0.0646103458119917 0.114164341003192 0.368233618180482 0.0669813660330139 0.109558439092636 0.372839520091037 0.0731523332072432 0.0975473010316408 0.384850658152033
0.268362012080605 0.0549213969582891 0.160437399681929 0.376286624479281 0.0582230620143218 0.154011469306697 0.382712554854513 0.0652705953994975 0.140267007367638 0.396457016793572
0.355854271356784 0.0471999490526601 0.263240131024983 0.448468411688585 0.0535624810447982 0.250802643179672 0.460905899533896 0.0554443339126489 0.247121281022349 0.464587261691219
0.307963354474982 0.0465089091750467 0.21666688962754 0.399259819322425 0.0510802251997575 0.207741814960934 0.408184893989031 0.0551439350909498 0.199798891163111 0.416127817786854
0.251402116402116 0.0489991092767065 0.155217128527286 0.347587104276947 0.0523608326726207 0.148655119918355 0.354149112885878 0.0596660705859636 0.134376591043647 0.368427641760586
0.250804020100503 0.0404369102651458 0.171483244459035 0.33012479574197 0.0442068300243979 0.164109809788369 0.337498230412636 0.0530675929177696 0.146764314163338 0.354843726037667
0.265560538116592 0.0676248892156206 0.132541611802995 0.398579464430189 0.070035368524887 0.127864891502186 0.403256184730998 0.0741489701908397 0.119870094098363 0.411250982134821
0.311255924170616 0.0546698450675202 0.203868108435362 0.41864373990587 0.0587910356901837 0.195837233888364 0.426674614452868 0.0618497680191695 0.189869148538096 0.432642699803136
0.241717171717172 0.0638662954358354 0.116176211268067 0.367258132166276 0.0662427228659883 0.111556550193583 0.37187779324076 0.0716071975914021 0.101110724539597 0.382323618894746
0.185355329949239 0.0929844329228605 0.00227515529031774 0.368435504608159 0.0941175370096153 8.42450578336651e-05 0.370626414840644 0.0993279154174339 -0.0100073232183868 0.380717983116864
0.229170403587444 0.0707560484673519 0.0899497802681987 0.368391026906689 0.0725238026715166 0.0865238530836185 0.371816954091269 0.0778278341854254 0.0762243856776502 0.382116421497238
0.275724637681159 0.048892247088499 0.179721001429065 0.371728273933254 0.0525738099225272 0.172539896954405 0.378909378407914 0.0590098001329704 0.159967207514049 0.39148206784827
0.231602870813397 0.0450843624785203 0.14308113092582 0.320124610700974 0.0479005865591563 0.137587746731327 0.325617994895468 0.0569828672021337 0.119840327184024 0.343365414442771
0.328267551348978 0.0530207367868158 0.224109046738363 0.432426055959592 0.0578151713972637 0.214767090456809 0.441768012241146 0.0609755593484174 0.208600164509563 0.447934938188393
0.314047619047619 0.0469017920949389 0.222002816831143 0.406092421264095 0.0517127290829477 0.21260380314207 0.415491434953168 0.0550575132929488 0.206063369183114 0.422031868912124
0.2184 0.0685069416575896 0.0836597885909125 0.353140211409088 0.0703510558220442 0.0800814698889416 0.356718530111058 0.0766337461910638 0.0678659247977081 0.368934075202292
0.212397260273973 0.0528633954520958 0.108541328283745 0.3162531922642 0.0548489703831062 0.104675459876722 0.320119060671223 0.0621887173371947 0.0903589388029912 0.334435581744954
0.264112903225806 0.0493936002576781 0.167156246269092 0.361069560182521 0.0531153587419622 0.159890560051709 0.368335246399904 0.0597301240532142 0.146960960552532 0.381264845899081
0.237752525252525 0.0516554108535348 0.136309347325144 0.339195703179907 0.0544184911835292 0.130922878890338 0.344582171614712 0.0620364158597555 0.116047789630225 0.359457260874826
0.331798941798942 0.0502037882458686 0.233250011016821 0.430347872581063 0.0557632824816306 0.222394554771203 0.44120332882668 0.0592340909008562 0.215610200201099 0.447987683396784
0.269482654322611 0.0520278013020719 0.167332072595375 0.371633236049848 0.0555926310460576 0.160377280050944 0.378588028594279 0.06054658645799 0.150700693162438 0.388264615482784
0.215458937198068 0.0523225402073851 0.112669434559222 0.318248439836913 0.0544978091605631 0.10843357438027 0.322484300015865 0.0623017112715649 0.0932082987405695 0.337709575655566
0.202357142857143 0.0613934018217105 0.0816265877301431 0.323087697984143 0.0630657237945041 0.078380136420425 0.326334149293861 0.070811755649124 0.0633072369956807 0.341407048718605
0.295899470899471 0.0537114739861445 0.190388263656783 0.401410678142159 0.0579430779178744 0.182143144139001 0.409655797659941 0.064226581238023 0.169878263457154 0.421920678341787
0.284134199134199 0.0412121653178754 0.203267057468192 0.365001340800206 0.0452890102944635 0.195299481335253 0.372968916933145 0.0498603234547696 0.186357399287065 0.381910998981333
0.263369565217391 0.0486046901456965 0.16797089430363 0.358768236131153 0.0523977887655488 0.160563889836923 0.36617524059786 0.0597323202690935 0.146223568107368 0.380515562327415
0.263857142857143 0.052457252816639 0.160805230067523 0.366909055646762 0.0555992577686034 0.154685153328765 0.373029132385521 0.0620335487481 0.142130113124672 0.385584172589613
0.239245283018868 0.051264302676369 0.138533188087484 0.339957377950252 0.0539039636767452 0.133392620280592 0.345097945757144 0.0610923482889337 0.119367253887904 0.359123312149832
0.2465 0.0637137787039324 0.121234113660361 0.371765886339639 0.0661635802139944 0.116474388192987 0.376525611807013 0.0718137911318827 0.10547608946378 0.38752391053622
0.296142857142857 0.0469601942347632 0.203961753146955 0.38832396113876 0.0512649212434084 0.195557268781771 0.396728445503944 0.0567113444578607 0.184910776457088 0.407374937828626
0.282174418892492 0.0481333686594009 0.187666250510358 0.376682587274626 0.0521071188530102 0.179913591322877 0.384435246462107 0.0571410183566116 0.170079453786321 0.394269383998663
0.244003267569374 0.0710534657332822 0.104242283833619 0.383764251305129 0.0732167749351016 0.100045372547109 0.387961162591639 0.0784382460276951 0.0898968279206576 0.39810970721809
0.33353591160221 0.047595066028523 0.240170218189598 0.426901605014821 0.0537084000185495 0.228212976475265 0.438858846729155 0.0565765965380515 0.222599570378672 0.444472252825748
0.206520737327189 0.0686839784112899 0.0714050804429822 0.341636394211396 0.070219540609587 0.0684275083386894 0.344613966315688 0.0765301307842833 0.0561652361033382 0.35687623855104
0.248743718592965 0.0537156916916653 0.143212089274205 0.354275347911724 0.0565729374941932 0.137648199019137 0.359839238166793 0.0638494938884736 0.123451845452753 0.374035591733177
0.267840909090909 0.0798442226622642 0.110693310206059 0.424988507975759 0.082005793082884 0.106507465293284 0.429174352888534 0.0854955082803622 0.099739157958828 0.43594266022299
0.239054054054054 0.0545426477454803 0.131921470790651 0.346186637317458 0.0573871133241832 0.126379167141549 0.351728940966559 0.0648112194667632 0.111888888800865 0.366219219307243
0.186968911917098 0.0838354137856492 0.021980911667748 0.351956912166449 0.0850825676418598 0.0195658731717684 0.354371950662428 0.0905102559018456 0.00903733847321031 0.364900485360987
0.195410256410256 0.0483236544519925 0.100516836068177 0.290303676752335 0.0503749223563454 0.0965176698316449 0.294302842988868 0.0609672868651891 0.0758266430120647 0.314993869808448
0.263610736609879 0.0579775840595911 0.149669802221469 0.377551670998288 0.0609192546597119 0.143946714258856 0.383274758960901 0.0662026052670098 0.133650065677527 0.393571407542231
0.244015151515152 0.0634355362790942 0.119281947061581 0.368748355968722 0.0658743948887699 0.114545030993667 0.373485272036636 0.0723172758481179 0.102005025425644 0.386025277604659
0.32076584037506 0.0465040677613874 0.229520643463782 0.412011037286337 0.0523686298055024 0.218055984978713 0.423475695771406 0.0572960735044868 0.20841475192225 0.43311692882787
0.234268905503125 0.0605996587404132 0.115168050763424 0.353369760242827 0.0628644080892388 0.110763489239812 0.357774321766439 0.0689678435511728 0.0988723510451303 0.36966545996112
