estimate std_1 lowerCI_1 upperCI_1 std_2 lowerCI_2 upperCI_2 std_3 lowerCI_3 upperCI_3
0.275958018676844 0.0455189527403779 0.186665702121301 0.365250335232387 0.0496469938291924 0.17859251544272 0.373323521910969 0.0461794551211208 0.185374393580443 0.366541643773246
0.282999909338737 0.0739936907613596 0.137517712268869 0.428482106408605 0.0769810612055504 0.131713949093941 0.434285869583533 0.0730828650629507 0.139285514109802 0.426714304567672
0.227092847639262 0.0663161216589054 0.0967431093789805 0.357442585899543 0.0683903681631187 0.0927106498228401 0.361475045455683 0.0669236176098194 0.0955625287321049 0.358623166546418
0.252300491649556 0.0557849348947899 0.142756403806956 0.361844579492155 0.0586813797462642 0.137108788961264 0.367492194337847 0.0574618368693908 0.139487427852529 0.365113555446582
0.270140614842772 0.0441303902430772 0.183584452666441 0.356696777019103 0.0483157809812652 0.175396049110762 0.364885180574783 0.0475717606050375 0.176852042907847 0.363429186777697
0.237602284922257 0.106941258990487 0.0270179371682114 0.448186632676302 0.108427837261069 0.0241444238183054 0.451060146026208 0.106986573599967 0.0269303787706063 0.448274191073907
0.283805242108201 0.0457230153890175 0.194096623470986 0.373513860745416 0.0501867394535317 0.185370618523721 0.382239865692681 0.0481711424676154 0.189311891151786 0.378298593064616
0.12252959507254 0.109919019781269 -0.0939622826865419 0.339021472831622 0.110535738483176 -0.0951533659888989 0.340212556133978 0.110600185616847 -0.0952778571837522 0.340337047328832
0.217526753588971 0.0837473694591876 0.0527009136688797 0.382352593509063 0.0852093955414403 0.0498701809981958 0.385183326179747 0.0848930986827707 0.0504827901377181 0.384570717040224
0.296286618123749 0.0475301336568125 0.203029382060803 0.389543854186695 0.0518238550309279 0.194636693663498 0.397936542584 0.0476483228654058 0.202798477944462 0.389774758303036
0.298004222149767 0.0452509618078251 0.209244271392069 0.386764172907466 0.0501783957626517 0.199605273362736 0.396403170936799 0.0477481818551985 0.204360192114485 0.39164825218505
0.201366736797151 0.0587250321427622 0.0859818555078003 0.316751618086501 0.0604136806526435 0.0826955466951774 0.320037926899124 0.0600682144381424 0.0833680784451214 0.31936539514918
0.246866645016847 0.0510251790616142 0.146683421689213 0.347049868344481 0.0537591670282612 0.141350420195398 0.352382869838296 0.0527232592897675 0.143371715901642 0.350361574132052
0.103067980975871 0.104214379974327 -0.102153702009783 0.308289663961525 0.10468325753414 -0.103059694477735 0.309195656429478 0.104710283311613 -0.103111922411163 0.309247884362906
0.273206411160383 0.0411313377087692 0.192531860522451 0.353880961798315 0.045245156058508 0.184483512150718 0.361929310170048 0.0454376328293294 0.184106822051132 0.362306000269634
0.306851582341908 0.0456777462923941 0.217241632635778 0.396461532048038 0.0508563966297855 0.207114603243461 0.406588561440354 0.0482803642162758 0.212153352627249 0.401549812056566
0.185413099630039 0.0627730085446644 0.0620234351783839 0.308802764081693 0.0641690705136416 0.0593100705521568 0.31151612870792 0.0643218646640592 0.0590129819975153 0.311813217262562
0.152360922665155 0.0700156017691426 0.0147436299157901 0.28997821541452 0.0709935803876471 0.0128427484038024 0.291879096926508 0.0698226631012469 0.0151185350219934 0.289603310308317
0.290067819309025 0.0788564037944634 0.134943702468239 0.445191936149811 0.0817042890203578 0.129419583263952 0.450716055354098 0.0799424347718017 0.132838078037133 0.447297560580917
0.239652589498357 0.0716485174083571 0.0987941724607886 0.380511006535925 0.0739566453428124 0.0943094724114252 0.384995706585288 0.0718727681544346 0.0983586764639651 0.380946502532748
0.315509521911171 0.0468859043816084 0.223496775031507 0.407522268790835 0.0515000969994373 0.214482134390171 0.416536909432172 0.0496127885623056 0.218170622699216 0.412848421123127
0.242709586989742 0.0544742781962618 0.135744340022632 0.349674833956852 0.0570860653404219 0.130651287392176 0.354767886587308 0.0558326803229388 0.13309602845504 0.352323145524444
0.231079806471552 0.0469871271928464 0.138882385820341 0.323277227122763 0.0499505506000107 0.133091694884931 0.329067918058174 0.0495478759847089 0.133878785794053 0.328280827149052
0.235595919359674 0.0780821973705892 0.0820293949735659 0.389162443745781 0.0801040568743979 0.0781057813444866 0.393086057374861 0.0783935555508329 0.0814254410711979 0.389766397648149
0.301830307325218 0.0508465409757976 0.20199541965087 0.401665194999566 0.0549499302436566 0.193989858784884 0.409670755865552 0.0529033116479644 0.197984171534922 0.405676443115514
0.295750455295948 0.049628893330093 0.198351727858194 0.393149182733702 0.0540731021495015 0.189670287048185 0.401830623543712 0.0500733414998421 0.197484006222037 0.39401690436986
0.350816645968776 0.0543796986540919 0.244042685969161 0.457590605968391 0.0598196262053799 0.233428393897246 0.468204898040306 0.0549963323075371 0.242840497106449 0.458792794831103
0.270083027624586 0.0532466251254395 0.165517559342001 0.374648495907171 0.0565120310906734 0.159150909643077 0.381015145606094 0.0548571522892135 0.162378469507839 0.377787585741332
0.270385180983442 0.0513157545117683 0.169653168614098 0.371117193352785 0.0550208280235979 0.1624206524089 0.378349709557983 0.053546226851261 0.165300127244476 0.375470234722408
0.266195805473965 0.0530459996982609 0.16205969133727 0.37033191961066 0.0563688878279858 0.155574968979515 0.376816641968414 0.0547457872411618 0.15874335322787 0.373648257720059
0.265247332957226 0.0571685279756589 0.152948659652691 0.377546006261761 0.0603120065511767 0.1468247951782 0.383669870736252 0.0588897462471864 0.149596512015418 0.380898153899034
0.321235138975998 0.0463871522228677 0.230218170676322 0.412252107275674 0.0515551205496723 0.220116275875676 0.42235400207632 0.0487910575127844 0.225520659116542 0.416949618835454
0.295832476614416 0.0743153449934134 0.149641792050755 0.442023161178078 0.0773383306195642 0.143777449278337 0.447887503950496 0.0752374211859723 0.147854085867832 0.443810867361001
0.294090123037848 0.0447819388669342 0.206205895199983 0.381974350875713 0.0489358712899807 0.198090828837404 0.390089417238292 0.0479805745707684 0.199957883909011 0.388222362166685
0.173557365282874 0.0899566448242969 -0.00346884194896252 0.35058357251471 0.0911998024001647 -0.00587642165510496 0.352991152220853 0.089879892361798 -0.00332025142305026 0.350434981988798
0.213197011257361 0.0739976034726622 0.0676326385007919 0.35876138401393 0.0756173227760678 0.0644916382398383 0.361902384274884 0.0751057445162468 0.0654840183175153 0.360910004197206
0.174616095958281 0.0656644822629734 0.0455691764446607 0.303663015471901 0.0670690085411825 0.0428377660128038 0.306394425903758 0.0649603124154694 0.0469378783026816 0.30229431361388
0.18935922681092 0.0467823836740524 0.0975170290393041 0.281201424582536 0.0486253687711486 0.0939213379710117 0.284797115650829 0.0517540351807371 0.0878121466543168 0.290906306967524
0.276731085223061 0.0457728380158378 0.186929217349401 0.366532953096721 0.050138197343912 0.178394512970469 0.375067657475654 0.0487878045364977 0.18103546602405 0.372426704422072
0.309128911110021 0.0560711460073868 0.199027544441006 0.419230277779036 0.0605578222991897 0.190275952397654 0.427981869822388 0.0568698348561318 0.197470635039844 0.420787187180198
0.264387661465447 0.0469713770109543 0.172194215957985 0.35658110697291 0.050457445285579 0.165387050020734 0.363388272910161 0.0505604229574457 0.165185863750819 0.363589459180075
0.217588642589716 0.0481184164029176 0.123154357474037 0.312022927705395 0.0505760748281636 0.118354662055535 0.316822623123897 0.0513142250045221 0.116912458870066 0.318264826309366
0.210910101005267 0.0515969176351778 0.109622637225974 0.31219756478456 0.0537782494099745 0.105365954932786 0.316454247077748 0.052906671895096 0.107067132871252 0.314753069139282
0.179702794399339 0.0607790094841993 0.0602717374266595 0.299133851372019 0.0622249838739318 0.0574586112508825 0.301946977547796 0.062188366272745 0.0575298743399691 0.301875714458709
0.34478664618269 0.0540264682866037 0.238693086777855 0.450880205587525 0.0592338404120554 0.228536035831726 0.461037256533653 0.0539011972629743 0.238937186815099 0.45063610555028
0.272055074180946 0.0523730773748371 0.169234843414641 0.374875304947251 0.0558924966640371 0.162367251776029 0.381742896585863 0.0535567849394947 0.166925923660373 0.37718422470152
0.278166270247025 0.0466904962587719 0.1865633818303 0.36976915866375 0.0507752741242761 0.178577670908053 0.377754869585996 0.0483676470663235 0.183285398888318 0.373047141605731
0.285120757227482 0.0464419119664742 0.193986859386416 0.376254655068547 0.05072271944646 0.185622092657819 0.384619421797144 0.0495575317293918 0.187899748760611 0.382341765694353
0.215189225969196 0.0770977979384231 0.0634845470230254 0.366893904915367 0.0786738856529266 0.0604307335654458 0.369947718372947 0.0789135602647177 0.0599660955297872 0.370412356408605
0.280538990081303 0.0516395486273493 0.179152520656573 0.381925459506032 0.0553720668376914 0.171870000086417 0.389207980076188 0.0530225213551593 0.176455296598117 0.384622683564488
0.276850260941744 0.0432505879906794 0.19201394118587 0.361686580697617 0.0475194726342134 0.183663508757076 0.370037013126411 0.0466477071044823 0.185369262693355 0.368331259190133
0.239721159881036 0.0560642441342817 0.129619014842241 0.349823304919832 0.0586839717263396 0.124512448003151 0.354929871758921 0.0583852742121866 0.125094943137085 0.354347376624988
0.271635033734296 0.061902564906477 0.149981850063142 0.39328821740545 0.0649799322017761 0.143994662643814 0.399275404824778 0.0635585743878653 0.146761063793982 0.39650900367461
0.263593816038239 0.0509968247634724 0.163472468266279 0.3637151638102 0.0542997939237779 0.157027891605858 0.370159740470621 0.052793711269723 0.159967384133075 0.367220247943404
0.19572349146 0.0787723353598245 0.0407717086332765 0.350675274286723 0.0801127270609747 0.0381723957264676 0.353274587193532 0.0789327783362597 0.0404606753332102 0.350986307586789
0.223650238869651 0.0591211406963542 0.107453726455689 0.339846751283614 0.0612436425862058 0.103326054421008 0.343974423318295 0.0612230147465165 0.103366191257322 0.34393428648198
0.236376640133523 0.0464206503608738 0.145284140135242 0.327469140131805 0.0494240510129532 0.13941641449321 0.333336865773836 0.0484055272363595 0.141406819287259 0.331346460979788
0.189853519741889 0.0768243596473678 0.0387102702643485 0.34099676921943 0.0780780932812798 0.0362801565802926 0.343426882903486 0.0779239507278376 0.0365790259360793 0.343128013547699
0.335858100716851 0.0460721294152593 0.24547303383639 0.426243167597312 0.051940775795457 0.233996504862836 0.437719696570867 0.0479287049339335 0.241843762421185 0.429872439012517
0.227076062950935 0.0892557787160639 0.0513994740375407 0.40275265186433 0.090927087193753 0.0481639538621834 0.405988172039687 0.0897360509574917 0.050470015413695 0.403682110488176
0.163442982009245 0.063730907578709 0.0381930899025014 0.288692874115989 0.0648457706832035 0.0360252728042902 0.2908606912142 0.0637047376460549 0.0382439618297359 0.288642002188754
0.298850592089203 0.0777295222395876 0.14596546295612 0.451735721222285 0.0809295888058578 0.139755030808196 0.457946153370209 0.0779372648270162 0.145562605808054 0.452138578370352
0.256068691141843 0.0638614125018933 0.130531116779319 0.381606265504366 0.0665803818768301 0.125245862024904 0.386891520258781 0.0653540704960452 0.127630528134622 0.384506854149063
0.322263749423693 0.0478955799674834 0.228297496852035 0.416230001995351 0.0532853670772579 0.217759094977443 0.426768403869943 0.0480979387901995 0.227902046700442 0.416625452146944
0.291557608037166 0.0560669672743491 0.181439832542892 0.40167538353144 0.0597371748310318 0.174286033068409 0.408829183005923 0.0563626965769464 0.180863801846409 0.402251414227923
0.185873901444913 0.062392861792372 0.0632486781697015 0.308499124720125 0.0638625532435032 0.0603909779412366 0.31135682494859 0.062435142001536 0.0631664980594134 0.308581304830413
0.20071576697615 0.0836027478513019 0.0362125507021354 0.365218983250164 0.0849782226896973 0.0335476278597479 0.367883906092552 0.0838613364900418 0.0357117033519214 0.365719830600378
0.246354252005387 0.0491072947598091 0.149954622391957 0.342753881618817 0.0521126643276135 0.144088911027794 0.34861959298298 0.0511503560341902 0.14596771922061 0.346740784790164
0.275603816874295 0.0426302894120173 0.191973568519756 0.359234065228835 0.0465689739375231 0.184271700043638 0.366935933704952 0.0465484424081804 0.1843118634537 0.366895770294891
0.305800779631336 0.04661487218663 0.21434268875019 0.397258870512482 0.0513715199041196 0.205043778680019 0.406557780582652 0.0481679228805582 0.21130763648131 0.400293922781361
0.266876336152669 0.0537663429289974 0.161289549834029 0.37246312247131 0.0568917502064669 0.155196159293298 0.37855651301204 0.0546413713523712 0.15958432103546 0.374168351269878
0.244022402154683 0.0467005559253716 0.152385723617389 0.335659080691978 0.0500225886721418 0.145894293637411 0.342150510671956 0.0504541654284257 0.145050599971311 0.342994204338055
0.2601793602505 0.0451628649074681 0.171564116503394 0.348794603997606 0.0488011584575652 0.164453468200432 0.355905252300568 0.0479940845315969 0.166031329909731 0.35432739059127
0.258230139583601 0.0454386585807515 0.169072958757523 0.347387320409679 0.0489451079323054 0.16222026518222 0.354240013984981 0.0485461900821644 0.163000158457133 0.353460120710068
0.166368784836631 0.0442111008149047 0.079592846153698 0.253144723519564 0.0457233775329335 0.0766407375136823 0.25609683215958 0.0498415623426873 0.0685947772891552 0.264142792384107
0.193323338212624 0.094003595476703 0.00829381307203428 0.378352863353213 0.0952641010173268 0.0058542155010422 0.380792460924205 0.0952473296747487 0.00588668576609241 0.380759990659155
0.279182442976951 0.0475839543671041 0.185791032383119 0.372573853570783 0.0514757905390013 0.17819022401389 0.380174661940012 0.0491587923456798 0.182716391179331 0.375648494774572
0.257921383134321 0.0653559249302265 0.129435704499294 0.386407061769348 0.0679366738447719 0.124420503246234 0.391422263022407 0.0669208259678173 0.126395406719213 0.389447359549429
0.310913150373091 0.0522658846857938 0.208339760161221 0.413486540584962 0.057303627903329 0.198498363825886 0.423327936920297 0.0526397821593941 0.207609777409781 0.414216523336402
0.226834180095995 0.104497783980899 0.0210734073856392 0.43259495280635 0.105895881287587 0.0183704904284901 0.435297869763499 0.104446380221403 0.0211727467195688 0.43249561347242
0.231749677017044 0.0673727671462831 0.099345799303281 0.364153554730807 0.0694149864768568 0.0953736980700753 0.368125655964013 0.0666917038808319 0.100669610141601 0.362829743892487
0.254830163433077 0.0549366327958898 0.146953463016977 0.362706863849176 0.0578431603586415 0.141285905589712 0.368374421276441 0.0564341951147917 0.144034056358778 0.365626270507375
0.211236663574163 0.0429432368915202 0.126981770850311 0.295491556298014 0.0456819517199466 0.121628850493836 0.300844476654489 0.0473262946933486 0.118413335377916 0.304059991770409
0.24354330042918 0.0470596337095173 0.151202778388232 0.335883822470129 0.0503450179202114 0.144782871679055 0.342303729179306 0.050316795834711 0.144838040982756 0.342248559875604
0.228070728862981 0.0542706892471962 0.121501416935439 0.334640040790522 0.0567447210960299 0.116677581958269 0.339463875767692 0.0554604608583806 0.11918217886892 0.336959278857041
0.251316622265108 0.055846266655788 0.141650022268609 0.360983222261608 0.0587260480176089 0.136035209937411 0.366598034592805 0.0572928798134348 0.138830251799464 0.363802992730752
0.215776546874442 0.0513203618268341 0.114986650812926 0.316566442935959 0.0535149281763611 0.110709497579764 0.32084359616912 0.0548168828306988 0.108170242804894 0.32338285094399
0.304639320782315 0.109087805025097 0.0898202594754885 0.519458382089141 0.111412000413543 0.08532723085194 0.523951410712689 0.109292540203943 0.089424691136951 0.519853950427678
0.235324616212475 0.0521091563340351 0.133032639464963 0.337616592959986 0.0549435919405761 0.127500780969259 0.34314845145569 0.0534552766363846 0.130406093012918 0.340243139412031
0.247148742900376 0.0435595401954533 0.161704918821849 0.332592566978903 0.0471101620905773 0.154760230227728 0.339537255573023 0.046084141048977 0.15676748383382 0.337530001966932
0.230432639860679 0.141178125197549 -0.0477285435235414 0.5085938232449 0.142451106248687 -0.0501845660547854 0.511049845776144 0.141379887134528 -0.0481177174521235 0.508982997173482
0.279751239072176 0.04967219903689 0.182287581102305 0.377214897042047 0.0539117881018504 0.174001679160007 0.385500798984346 0.0497892373908239 0.182058950623196 0.377443527521156
0.250293010866834 0.0576601917881516 0.137040794766507 0.363545226967161 0.0605174767902991 0.131473152673701 0.369112869059968 0.0594339283168882 0.133585267545772 0.367000754187897
0.242388242464687 0.0562291976557241 0.131932972182516 0.352843512746858 0.05877819727858 0.126967996815492 0.357808488113881 0.0583768605892696 0.127750082466803 0.357026402462571
0.283953660588938 0.0552940381890721 0.175346658627998 0.392560662549879 0.0588081843737576 0.168498416693641 0.399408904484236 0.0573607795235323 0.171320235336375 0.396587085841502
0.253763437347976 0.0504630827110676 0.154704576276373 0.352822298419579 0.0536511756714754 0.148481763391776 0.359045111304177 0.052195321724134 0.151324213409291 0.356202661286661
0.20981425155416 0.0455938040280242 0.120315090902028 0.299313412206292 0.0478452142327721 0.115920876377507 0.303707626730814 0.0496865018731731 0.112324726992847 0.307303776115474
0.240136639951071 0.0497482764620502 0.142502657704103 0.337770622198038 0.052753897811012 0.136632618837286 0.343640661064855 0.0504326385520344 0.141166527924283 0.339106751977859
0.257383566832562 0.165057098166021 -0.0678865845163268 0.582653718181452 0.16640518664358 -0.0704859649054562 0.585253098570581 0.164746418697618 -0.0672877352573244 0.582054868922449
0.0866883208271149 0.193523290030926 -0.294676076701915 0.468052718356145 0.194109308309036 -0.295805867157794 0.469182508812024 0.191640752059747 -0.291048299378313 0.464424941032542
0.146963867727382 0.0693160573944013 0.0106854914397287 0.283242244015036 0.0702367021982081 0.00889747873654351 0.285030256718221 0.0698820169538913 0.00958642695153414 0.28434130850323
0.269501516362331 0.0576169900234735 0.15631431222387 0.382688720500791 0.0607837292752657 0.150146267062132 0.388856765662529 0.0599726479805559 0.15172683209535 0.387276200629312
0.29642802985681 0.0451543701582842 0.207842505910437 0.385013553803183 0.0496676076480408 0.199017768402637 0.393838291310982 0.0482372753235915 0.201815341270856 0.391040718442763
0.332828515280528 0.0445407937999815 0.245445105472766 0.420211925088289 0.050122222475173 0.234531096307259 0.431125934253796 0.0469473891797116 0.24074069995438 0.424916330606675
0.213823247702812 0.0498409777938602 0.115983670651394 0.311662824754231 0.0522874536207022 0.111209196128508 0.316437299277117 0.052068658406159 0.111636346316359 0.316010149089266
0.219663852337173 0.107752173940925 0.00746644446706954 0.431861260207276 0.109093946325741 0.00487353994035594 0.43445416473399 0.108383054790309 0.00624753062143327 0.433080174052912
0.252986612224595 0.0470209107179548 0.160725020577248 0.345248203871943 0.0505303218571668 0.153866592271265 0.352106632177925 0.0489649506398873 0.156926494526543 0.349046729922648
0.250284977479416 0.0692730197834388 0.114036244418761 0.38653371054007 0.0715616480048984 0.109595031001873 0.390974923956958 0.0719378016074658 0.108864546596711 0.39170540836212
0.241936506322293 0.0449638438890272 0.153689765367188 0.330183247277397 0.0479792752422641 0.147800754748196 0.336072257896389 0.0482655226049342 0.147241457618815 0.33663155502577
0.265125024733177 0.0464681053479368 0.173968123701225 0.356281925765129 0.0506190830436383 0.165850730359024 0.36439931910733 0.0471268235413153 0.172680416426822 0.357569633039531
0.280845037558784 0.0481586630585648 0.186353758553856 0.375336316563713 0.0522832817437405 0.178291971542485 0.383398103575084 0.0484413990357051 0.18580138488919 0.375888690228378
0.212154032884831 0.140177046403279 -0.0640172729724894 0.488325338742152 0.141294740855174 -0.0661740389178122 0.490482104687474 0.139560959189154 -0.0628289086223432 0.487136974392005
0.304663660006187 0.0520035918701244 0.202597720944731 0.406729599067643 0.0565656553075177 0.193687670258253 0.415639649754122 0.0521966195530724 0.20222095240913 0.407106367603245
0.216354064368204 0.0575844640080809 0.103270418138724 0.329437710597684 0.0598668299183623 0.0988213507762594 0.333886777960149 0.0570513406689018 0.10430907414595 0.328399054590458
0.223906450497636 0.0545800307618149 0.116688579994876 0.331124321000396 0.0569761237261044 0.11202178276981 0.335791118225462 0.0574204812889884 0.111155788685262 0.33665711231001
0.297148517229516 0.0506229585729602 0.197740789734909 0.396556244724123 0.0543281651569423 0.190514795091253 0.403782239367779 0.0524028132810797 0.194270946819958 0.400026087639074
0.354373749968501 0.051317162504652 0.253665221889691 0.45508227804731 0.0574665573852004 0.241649734670686 0.467097765266316 0.0509200713794986 0.254440465599744 0.454307034337257
0.218802609326192 0.0814135949686286 0.0585711855785875 0.379034033073796 0.0830192311105655 0.0554621579776163 0.382143060674767 0.0835555000048677 0.054423120357846 0.383182098294537
0.207979721171742 0.07258956389873 0.0652748687914489 0.350684573552035 0.074405090274065 0.0617474670910834 0.3542119752524 0.0722981242973199 0.0658408143641535 0.35011862797933
0.340977554266108 0.058346172005918 0.226410654662509 0.455544453869706 0.0636352148916216 0.216092653499649 0.465862455032566 0.0566314699680109 0.229751650287181 0.452203458245034
0.258881164193213 0.0591470530088426 0.142679469620271 0.375082858766155 0.0619825105562193 0.137158289525219 0.380604038861208 0.0609269107717848 0.139214532980482 0.378547795405945
0.265453415467789 0.0883297506867157 0.0916103172560196 0.439296513679558 0.0906528747609557 0.0871112903237526 0.443795540611825 0.0890025382679791 0.090307967690943 0.440598863244634
0.235542176886717 0.0547674775159753 0.127962605710736 0.343121748062698 0.0572669320383415 0.123093571925882 0.347990781847551 0.0570648811568121 0.123487367249466 0.347596986523968
0.257242404991625 0.0424174238407331 0.174025295641752 0.340459514341498 0.0460389057986895 0.166944876765176 0.347539933218073 0.0468493805189503 0.165359588125944 0.349125221857305
0.305916290491003 0.0647656050841602 0.178655984409703 0.433176596572303 0.0685079243146789 0.171371256748886 0.44046132423312 0.0642181059493087 0.179720727047463 0.432111853934543
0.239088849961173 0.0516031789750831 0.137768369845783 0.340409330076562 0.0544238745261384 0.132266537339822 0.345911162582523 0.0519041254011027 0.137181647538471 0.340996052383875
0.241819780036864 0.0478937957609234 0.14781678012975 0.335822779943979 0.0506966473247279 0.142344167975337 0.341295392098391 0.0498238258184155 0.144048866984945 0.339590693088784
0.302689370514787 0.0477300967319945 0.209038560875674 0.396340180153899 0.0521038280249755 0.200489713659067 0.404889027370506 0.0505512831345118 0.203525224930953 0.40185351609862
0.282676067974758 0.0466950507808807 0.191064195104777 0.374287940844738 0.0507518023177737 0.183133308281637 0.382218827667878 0.04847620427694 0.187582903359344 0.377769232590171
0.224221111929301 0.049253216952141 0.127554809717719 0.320887414140883 0.0519214641730462 0.122344458978783 0.326097764879819 0.052060323154811 0.122073199093646 0.326369024764956
0.175018975029707 0.0861743616610038 0.00543751681265031 0.344600433246764 0.0872881073274918 0.00328055069924946 0.346757399360165 0.0864917521883782 0.00482297132090687 0.345214978738507
0.279332455887735 0.0431775435708617 0.194640056128848 0.364024855646621 0.0476667469598121 0.185858329951311 0.372806581824159 0.0469871235199432 0.187188207920749 0.371476703854721
0.23140886680204 0.0512896777180175 0.130720966674862 0.332096766929217 0.0539935810034 0.125444590995834 0.337373142608245 0.0540192349899739 0.125394508103851 0.337423225500228
0.17371420424414 0.0635716258438436 0.0487725575418274 0.298655850946452 0.064778589009254 0.04642586450467 0.301002543983609 0.0649540966260979 0.0460845090371575 0.301343899451122
0.243313228586499 0.0460008225047158 0.1530663075258 0.333560149647197 0.0493556003609541 0.146507635640148 0.340118821532849 0.0486748972885882 0.147838791349379 0.338787665823618
0.287622114959089 0.0446778329854258 0.19998155257728 0.375262677340898 0.0492678815899549 0.191003955981159 0.384240273937019 0.0449485918373958 0.199452198790233 0.375792031127945
0.257955664205011 0.0486028578728257 0.162562763936774 0.353348564473248 0.0519261783910314 0.156073155937793 0.359838172472229 0.051939763455921 0.156046615379699 0.359864713030323
0.313893698945356 0.0494059383077235 0.216897254796354 0.410890143094358 0.0538386679895757 0.20824626733368 0.419541130557032 0.0515059904177957 0.212800351899828 0.414987045990883
0.336360577601726 0.0411135079534441 0.255735205529828 0.416985949673624 0.0475045954041033 0.243224520540898 0.429496634662553 0.0446983801605546 0.248718834322543 0.424002320880908
0.304530999248675 0.0534267014967564 0.199666171400255 0.409395827097096 0.0578378350418843 0.191052411637388 0.418009586859963 0.0531791736055719 0.200149202929867 0.408912795567483
0.269443068780308 0.050967333898595 0.169389919376119 0.369496218184496 0.0546280173119601 0.162245032797119 0.376641104763497 0.0526876112441672 0.166033338036672 0.372852799523943
0.278293087756252 0.0574525325008839 0.16545002100628 0.391136154506225 0.061172035585782 0.158200877179933 0.398385298332572 0.0586424510169477 0.16313206630618 0.393454109206324
0.217281492042929 0.0490889370053009 0.120899969031573 0.313663015054284 0.0513640735234462 0.116462299489468 0.318100684596389 0.0528424061573918 0.113576874666506 0.320986109419351
0.248387025098401 0.0650037186209161 0.120593124855935 0.376180925340867 0.0673182774755657 0.116095565599535 0.380678484597267 0.0665965566172425 0.117498566180742 0.37927548401606
0.265275108085085 0.047304723060946 0.172432836641985 0.358117379528184 0.0507659065642513 0.165673267162462 0.364876949007707 0.0498098355988135 0.167541107288272 0.363009108881897
0.205764169212189 0.0497988416890015 0.10799755768877 0.303530780735608 0.0518631239720169 0.103970335873061 0.307558002551317 0.0523496138207096 0.103020817253666 0.308507521170712
0.271138642230874 0.0485555014524496 0.175881390050512 0.366395894411237 0.0527163120881616 0.16774609001693 0.374531194444819 0.0496478916548654 0.173746176359383 0.368531108102366
0.238122999283586 0.054736657628122 0.130657859260411 0.34558813930676 0.0572962588566799 0.125664657655182 0.350581340911989 0.054527743169889 0.13106520477591 0.345180793791261
0.256731662543934 0.0504576123797303 0.157693826242202 0.355769498845667 0.0537735258767072 0.151219602717761 0.362243722370107 0.052470300343886 0.153764859542935 0.359698465544934
0.240655243556209 0.118972115404409 0.00633098787196495 0.474979499240452 0.120431803178103 0.00351137094948728 0.47779911616293 0.119058842111265 0.006163519024522 0.475146968087895
0.241500040134396 0.0482449481123021 0.146801317723618 0.336198762545175 0.0511330478651208 0.141163247572085 0.341836832696707 0.0507412556296732 0.141928390622957 0.341071689645835
0.278446358142811 0.0545976925566233 0.17122605229772 0.385666663987902 0.0581868411416607 0.164228176893544 0.392664539392078 0.0562065723678987 0.168090335222825 0.388802381062797
0.245715384321215 0.0494139024720603 0.148681241073702 0.342749527568727 0.0524475244016198 0.142765740116106 0.348665028526324 0.0531720486354605 0.141351935759153 0.350078832883277
0.231102947197818 0.0612721506091033 0.110671508430389 0.351534385965246 0.0635372178003896 0.106267278284816 0.35593861611082 0.0641918205894115 0.104993545258254 0.357212349137381
0.296011773821813 0.0446958533309162 0.20831169855475 0.383711849088876 0.0492928608150311 0.19932664830527 0.392696899338355 0.0480518713555085 0.201753141913586 0.390270405730039
0.243983620180988 0.0419637120948754 0.161659684121988 0.326307556239988 0.0453942731218423 0.154952004237281 0.333015236124694 0.0464700935325267 0.152847542031217 0.335119698330759
0.279250867024835 0.0516686574062072 0.177828902752907 0.380672831296763 0.0554299110771154 0.170486155280836 0.388015578768834 0.0530867557006009 0.175061459330156 0.383440274719515
0.267956715152718 0.0585839054468628 0.152847424947457 0.38306600535798 0.0614385205102225 0.14729075538484 0.388622674920596 0.0603010380466346 0.149505799105735 0.386407631199702
0.28756474608373 0.0431351684768141 0.20294890701753 0.372180585149929 0.0473979749376935 0.194611819719585 0.380517672447875 0.0463619837490809 0.196638579222175 0.378490912945284
0.275211891665415 0.0464896272320585 0.184002751855687 0.366421031475143 0.0508702695734925 0.175438448356026 0.374985334974805 0.049592975076539 0.177936380799454 0.372487402531377
0.26388124805712 0.0447907061782468 0.17600850791505 0.35175398819919 0.0485421065710647 0.168674046206103 0.359088449908137 0.0477712098911359 0.170181705031845 0.357580791082394
0.205738127673487 0.052415086386165 0.102836490055621 0.308639765291354 0.0545782692054567 0.0986161841738755 0.312860071173099 0.0544620650980226 0.0988429728279325 0.312633282519042
0.194642175186185 0.120336423532013 -0.0423963982876219 0.431680748659991 0.121404316991262 -0.0444582767274416 0.433742627099811 0.121006088668906 -0.0436892513732066 0.432973601745576
0.279972745282327 0.0558232499435471 0.170362803056373 0.389582687508281 0.0596294112630362 0.162938546414338 0.397006944150316 0.0561908675312433 0.169646163023571 0.390299327541084
0.206169332751518 0.0543341333823417 0.0994952799567704 0.312843385546266 0.056483298934899 0.0953029282166182 0.317035737286419 0.0550539947287904 0.098091404340098 0.314247261162939
0.333624222455556 0.0570656596849051 0.221505848180474 0.445742596730639 0.0618038351406995 0.212277163156927 0.454971281754186 0.0595790064888517 0.216612828512976 0.450635616398137
0.255724959434171 0.0460276082409435 0.165406978074139 0.346042940794202 0.0494232003938837 0.158772054376824 0.352677864491518 0.0476945246166459 0.162150578721412 0.349299340146929
0.310382070859513 0.0421204398818568 0.227779530884312 0.392984610834714 0.0475365050783053 0.217178852219608 0.403585289499417 0.0451420899765413 0.221866217989565 0.398897923729461
0.230973908334916 0.0566841727084758 0.119637181361314 0.342310635308518 0.0590259459332367 0.115074650316238 0.346873166353594 0.0578869931069649 0.117294251579844 0.344653565089988
0.300294010063884 0.0607606293180022 0.180889278228467 0.419698741899301 0.0644822742603125 0.173646765543232 0.426941254584536 0.0622288283588131 0.178033579932688 0.42255444019508
0.308795235016628 0.0469752718280967 0.216625321545257 0.400965148487999 0.0517614128647188 0.207269955217826 0.410320514815429 0.0499018057916293 0.210906033668742 0.406684436364514
0.259751250423926 0.0470320628704123 0.167456140570089 0.352046360277764 0.0503326626018213 0.161008091903325 0.358494408944527 0.0483285219839229 0.164924068018375 0.354578432829478
0.162321310753949 0.11041134176868 -0.055105224153186 0.379747845661084 0.111241173813051 -0.0567087757950425 0.381351397302941 0.110173358855486 -0.0546454796310315 0.37928810113893
0.266513612098394 0.0416850273216462 0.18474318966605 0.348284034530738 0.0456877433779397 0.176914681670228 0.356112542526561 0.0477234977206327 0.172931128862718 0.36009609533407
0.294033077421472 0.0555079862946243 0.18502125987841 0.403044894964534 0.0593278447011392 0.177574041992847 0.410492112850098 0.0566933921846334 0.182711340352684 0.40535481449026
0.286580105018948 0.0580036656485234 0.172628685300772 0.400531524737123 0.0614889325450698 0.165840563019117 0.407319647018778 0.0600115461848311 0.168719229912026 0.40444098012587
0.211511476362178 0.0461713301748165 0.120905657450502 0.302117295273854 0.0485774847839709 0.116205488563645 0.306817464160711 0.0485962628446346 0.11616879547641 0.306854157247946
0.247350274825587 0.0466201970593333 0.155856123978746 0.338844425672429 0.0496707579708461 0.149897984977959 0.344802564673215 0.0503535499048491 0.148563731185138 0.346136818466037
0.280656094656623 0.0392076093236419 0.203771078394917 0.35754111091833 0.0439582960174345 0.194471385277716 0.366840804035531 0.0436672603567323 0.195041240206427 0.36627094910682
0.213376924279499 0.0668743151297221 0.0819132379579922 0.344840610601006 0.0685800250939822 0.0785987699541988 0.348155078604799 0.0670676973690442 0.08153761373238 0.345216234826618
0.283812010486217 0.0462405192740188 0.193109942495572 0.374514078476861 0.0508717800127683 0.184050858666533 0.3835731623059 0.0479597700885691 0.189747781321246 0.377876239651187
0.266971723907094 0.0451933743687018 0.178300441266653 0.355643006547536 0.0490152902300392 0.170829941387793 0.363113506426396 0.0485464313137517 0.171746733221962 0.362196714592227
0.319727086557441 0.060451933835068 0.200932670912744 0.438521502202139 0.0644230581839894 0.193203563576093 0.44625060953879 0.061839586935218 0.198233442522994 0.441220730591888
0.207872801063583 0.0574313531567179 0.0950287094056832 0.320716892721484 0.0593272395207342 0.0913389767898396 0.324406625337327 0.0595792900838286 0.0908481931002152 0.324897409026952
0.268101158485468 0.0772328348475087 0.116183672977466 0.42001864399347 0.0799829474859461 0.11084797476153 0.425354342209406 0.0779325970468892 0.114826750685382 0.421375566285554
0.251010529517623 0.0550086984824076 0.142987487704114 0.359033571331132 0.0578981958479086 0.137353849129944 0.364667209905302 0.0563889891413863 0.140297103822344 0.361723955212902
0.153542824110735 0.0782077226349168 -0.000326574004084867 0.307412222225555 0.0790345268058761 -0.00192882231973412 0.309014470541205 0.0786808087203681 -0.00124326398534352 0.308328912206814
0.33258947947353 0.0665792665807292 0.201668859444734 0.463510099502327 0.0703748127885397 0.194295486947047 0.470883472000013 0.0681098305224843 0.19869730866327 0.46648165028379
0.197332720597484 0.074738755506861 0.0503067089848516 0.344358732210116 0.0761967077840565 0.0474797621402666 0.347185679054701 0.0752967347936298 0.0492250783274007 0.345440362867567
0.316029294381853 0.0421224650841819 0.233427095040607 0.3986314937231 0.0479706120865755 0.221979052146206 0.410079536617501 0.046798848937122 0.224273387451649 0.407785201312058
0.267821628633338 0.0676428125530512 0.13479053976757 0.400852717499107 0.0702071051289408 0.129812717830186 0.40583053943649 0.0704466674071625 0.129347323042997 0.406295934223679
0.218880525276224 0.0523523015361886 0.116093135253985 0.321667915298464 0.0546473921835316 0.111616473300698 0.32614457725175 0.0548050769912953 0.111308771723212 0.326452278829237
0.269855442515638 0.0471148957122982 0.177431504420234 0.362279380611042 0.0512560940285021 0.169332884448486 0.37037800058279 0.0486143365537793 0.17449987766031 0.365211007370966
0.309816783560864 0.0511828826668544 0.209365396201637 0.41026817092009 0.0557445813371474 0.200455125288097 0.41917844183363 0.0519562211842165 0.207855619725126 0.411777947396601
0.265250630494657 0.0461367770911899 0.174742373788451 0.355758887200863 0.0500154621318472 0.167157907165916 0.363343353823398 0.0490949201988917 0.168958452313088 0.361542808676226
0.264967907736111 0.0431837651920019 0.180257100903998 0.349678714568224 0.0469420884354232 0.172906922426432 0.35702889304579 0.0463615930558906 0.174042533748383 0.355893281723839
0.268668322355641 0.045737357619046 0.178947773334958 0.358388871376323 0.0495820337337761 0.171428914477813 0.365907730233468 0.047783215977634 0.174947443690745 0.362389201020537
0.230907915224274 0.0495123360702229 0.133719120129826 0.328096710318722 0.0522086054941147 0.128456095346733 0.333359735101814 0.0510868555943256 0.130646265205924 0.331169565242624
0.31886041036906 0.0435698457471756 0.233414315892417 0.404306504845704 0.049199787225238 0.222395350614669 0.415325470123452 0.0456113914406023 0.229419480413817 0.408301340324304
0.270741435521824 0.0572134203738682 0.15840184888816 0.383081022155488 0.0608606635122258 0.151287860229009 0.390195010814638 0.0573355032125922 0.158163870131321 0.383319000912327
0.351836341216845 0.0692439772784148 0.215678350213766 0.487994332219924 0.0737656813565709 0.206892685374802 0.496779997058887 0.0708665171352973 0.212528036631223 0.491144645802467
0.277070808263913 0.0450247621538276 0.188729887961956 0.36541172856587 0.0489999944702024 0.180959671556223 0.373181944971603 0.0468406756904326 0.185181290702435 0.368960325825391
0.241366603648564 0.0470204295677517 0.149090191537554 0.333643015759574 0.0499200441909167 0.143426479110306 0.339306728186822 0.0495323921225338 0.144183926022569 0.338549281274559
0.261912258319711 0.0484573078253975 0.1668253328334 0.356999183806023 0.0519469935890622 0.160006854936982 0.363817661702441 0.0497661864992937 0.164268623261594 0.359555893377829
0.193210283530462 0.0582503425898851 0.0788183236243928 0.307602243436532 0.0600327622088303 0.0753442025163344 0.31107636454459 0.0579684278717014 0.0793675827598075 0.307052984301117
0.23955868282929 0.0468230026411138 0.147689925681053 0.331427439977527 0.0497931661479681 0.14188493428163 0.337232431376949 0.0491487883433061 0.143144662578409 0.335972703080171
0.0542867928133542 0.236242565000333 -0.41141210736611 0.519985692992818 0.236833508049731 -0.412550233899398 0.521123819526107 0.235811795796126 -0.410582596497914 0.519156182124623
0.326755480774413 0.0418934318652871 0.244595281466953 0.408915680081872 0.047847343905955 0.232942467056804 0.420568494492022 0.0456671239269339 0.23721051959603 0.416300441952795
0.135640476946331 0.0610858159352439 0.0156061945147176 0.255674759377944 0.0619655020930607 0.0138950268403252 0.257385927052337 0.062616774242898 0.0126277034665092 0.258653250426153
0.296546621450609 0.0566008345057788 0.185373114123429 0.407720128777788 0.0605276131283446 0.177720230647517 0.4153730122537 0.0582327238356565 0.182194165260893 0.410899077640324
0.319009761923476 0.0441631111143786 0.232372856415012 0.40564666743194 0.0494271763332467 0.222078086658656 0.415941437188296 0.0455634607530512 0.229635273454785 0.408384250392166
0.178708648719788 0.0923707968200219 -0.00308101765928825 0.360498315098864 0.0934402072749146 -0.00515156303424616 0.362568860473822 0.0920395696336223 -0.00243995397677291 0.359857251416348
0.283656073574653 0.109953696677021 0.0671249229935461 0.50018722415576 0.111917248479078 0.0633297961827196 0.503982350966586 0.110203240858398 0.0666428214642209 0.500669325685085
0.24455881852026 0.0465761130971448 0.153173331649249 0.335944305391271 0.0498226625681123 0.146828164799346 0.342289472241174 0.0492449885147009 0.147957532399259 0.341160104641261
0.218026167905031 0.0504753691217548 0.118948132305797 0.317104203504265 0.0529040655436834 0.114207485849498 0.321844849960565 0.0525850008647011 0.114830481760896 0.321221854049167
0.182582923017308 0.0590694047064146 0.0665140741902298 0.298651771844385 0.0605387193710653 0.0636552928823991 0.301510553152216 0.0600354335503484 0.0646347464846879 0.300531099549927
0.265769752880178 0.127752233828004 0.0140816815639689 0.517457824196387 0.129311460154878 0.0110723557023173 0.520467150058038 0.128342187532678 0.0129433339580298 0.518596171802326
0.296264996564623 0.0458354736854538 0.206364046723704 0.386165946405542 0.0506566410618851 0.196931610880088 0.395598382249158 0.0480549896085224 0.20202248881501 0.390507504314235
0.249775476718052 0.0439260782085249 0.163604614728465 0.335946338707639 0.0472710445492758 0.157063896968212 0.342487056467893 0.0466723137419727 0.158234967385579 0.341315986050526
0.27674356452401 0.050646560055814 0.177337860441935 0.376149268606086 0.0545513238794412 0.169712720893387 0.383774408154634 0.0528003928890225 0.17313292705108 0.380354201996941
0.183069115117619 0.0707398383226557 0.0440120338545313 0.322126196380707 0.0720915006244962 0.0413855130555307 0.324752717179708 0.0699869911668576 0.0454741744575885 0.32066405577765
0.266996450929405 0.0505153293870305 0.16781671338876 0.366176188470049 0.053684744640641 0.161633444882972 0.372359456975838 0.0522128790570841 0.164505800478357 0.369487101380453
0.262316439561127 0.0415912815198679 0.180736911101006 0.343895968021247 0.0454734950390789 0.173142512326517 0.351490366795736 0.0463064280899716 0.17151251335353 0.353120365768724
0.235722696342253 0.0459015130570752 0.145624139846143 0.325821252838364 0.0486446448509601 0.140269028214284 0.331176364470223 0.0496239411331948 0.138356147971038 0.333089244713469
0.269164794730961 0.0520826436083076 0.16690575183664 0.371423837625282 0.0556210347256841 0.160002714573954 0.378326874887968 0.0547503288752263 0.161702134979952 0.37662745448197
0.199422384257683 0.0586675841874491 0.0841386342915484 0.314706134223817 0.0603515043004963 0.0808624914967758 0.31798227701859 0.0611568192934548 0.0792947816691944 0.319549986846171
0.248691503071214 0.0958234822914763 0.0600680507392711 0.437314955403158 0.0975667190974896 0.0566943943554959 0.440688611786933 0.0953165705201074 0.0610484661328831 0.436334540009546
0.21416870317508 0.0829528027957607 0.0509528122975401 0.37738459405262 0.0845680609379037 0.0478226249744521 0.380514781375708 0.0832012377653291 0.0504715560408632 0.377865850309297
0.280594470320445 0.0527539907596974 0.177039422886124 0.384149517754765 0.0565437657461766 0.169641546739499 0.391547393901391 0.0535877602790612 0.175412591124018 0.385776349516872
0.329518475488923 0.051376411846419 0.228664713457578 0.430372237520268 0.0565791928624079 0.218507171166256 0.440529779811589 0.0532069011844895 0.22509278597888 0.433944164998966
0.227826536432227 0.0451970898166026 0.139151524200178 0.316501548664275 0.0481186934094773 0.133440780205395 0.322212292659059 0.0488878719097431 0.131936699144089 0.323716373720364
0.273457516094981 0.061477326571796 0.152694223396126 0.394220808793836 0.0649874178884261 0.145856091910754 0.401058940279208 0.0608162127524811 0.153981055992856 0.392933976197106
0.286353372571535 0.046001607458803 0.19610616935411 0.37660057578896 0.0507280858888454 0.186864255682348 0.385842489460723 0.0478370123639694 0.192518343939805 0.380188401203265
0.211305350055219 0.0516871468156216 0.109858428203882 0.312752271906557 0.0539175245340128 0.105503895274782 0.317106804835657 0.0525117154483067 0.108248898488543 0.314361801621896
0.217596301493187 0.0525358694484687 0.114419082793802 0.320773520192572 0.0548481248037136 0.109912513988123 0.325280088998251 0.0540058758590955 0.111554554037214 0.323638048949161
0.182269752559703 0.101478644009224 -0.0175123075646911 0.382051812684098 0.102518989357224 -0.0195244488165264 0.384063953935933 0.101345224919499 -0.0172543415709021 0.381793846690309
0.312470300951902 0.0440033879343523 0.226148967951238 0.398791633952567 0.0489829730504141 0.216410155440549 0.408530446463256 0.0462131283740795 0.221828393510097 0.403112208393708
0.277241810175875 0.0460699601563796 0.186832721033334 0.367650899318416 0.050037821154677 0.17908083121025 0.3754027891415 0.0489598049238415 0.181187710762029 0.37329590958972
0.228744987494941 0.0616039055583957 0.107701131169639 0.349788843820243 0.063865859297229 0.103298880997487 0.354191093992395 0.0622184722345892 0.106505504010602 0.350984470979279
0.288694060660554 0.0464691759046774 0.197524289120374 0.379863832200734 0.0512504324601344 0.188176606073727 0.389211515247381 0.0490100189261905 0.192557902345631 0.384830218975477
0.176642069033371 0.0766823009128299 0.0257948423073576 0.327489295759385 0.0778464390615405 0.0235377107484414 0.329746427318302 0.077820687322934 0.0235876563730129 0.32969648169373
0.229536690016487 0.0594354173451946 0.112769217581077 0.346304162451898 0.0616675162513349 0.108423381788036 0.350649998244939 0.0602553121518837 0.111173408044839 0.347899971988136
0.221452981483553 0.0438737774809082 0.135402604520082 0.307503358447023 0.0467459487281638 0.129783541710935 0.31312242125617 0.0470433188537233 0.129201632167026 0.313704330800079
0.239438013123467 0.0449211139572568 0.151279920688053 0.327596105558882 0.047916641715729 0.145428950591021 0.333447075655914 0.0490166960122258 0.143279090332771 0.335596935914164
0.284146010437359 0.0417943459346183 0.202158054035043 0.366133966839675 0.0461335413565787 0.193672007400884 0.374620013473834 0.0466695970232186 0.192623195843977 0.375668825030742
0.239014681215591 0.0519207080432541 0.137065017653443 0.340964344777738 0.0545685686092001 0.131901273375525 0.346128089055656 0.0537568323187107 0.133484828809968 0.344544533621213
0.249107684223587 0.0552026586119071 0.14068935596139 0.357526012485783 0.0578803328042161 0.13547083232507 0.362744536122104 0.0573007335550864 0.136600881365366 0.361614487081807
0.267763705798483 0.0472472493639139 0.17504605288157 0.360481358715396 0.0510223840815686 0.167670586153015 0.367856825443952 0.0503864087600884 0.168913577813844 0.366613833783122
0.263563423284953 0.0531887768526729 0.159151506051426 0.36797534051848 0.0566190317100616 0.152456385724029 0.374670460845877 0.0532415170554526 0.159048624531799 0.368078222038107
0.265363232898113 0.0573022752119035 0.152774165626581 0.377952300169645 0.0600683466551713 0.147389618356998 0.383336847439228 0.0588490728460019 0.149763962735525 0.380962503060702
0.26980341900906 0.0471870026984835 0.177230356194849 0.362376481823271 0.0511820887003985 0.169419241003285 0.370187597014835 0.0497599095296515 0.172200556699417 0.367406281318703
0.243199126921752 0.0725445855237362 0.100552441542764 0.385845812300741 0.0746401466984528 0.0964831857320931 0.389915068111412 0.0719513254174484 0.101703639337912 0.384694614505593
0.171096283853358 0.180666699301455 -0.184981376931219 0.527173944637935 0.181417513745758 -0.186428320306234 0.52862088801295 0.180341340857936 -0.184354486823865 0.526547054530581
0.295652581434055 0.0497747759919006 0.197941451256283 0.393363711611827 0.0538201448985647 0.190044981713202 0.401260181154908 0.0524417719153537 0.192736647376342 0.398568515491767
0.206946002992848 0.050575108268319 0.107595123492355 0.30629688249334 0.0524746470801895 0.103895769442902 0.309996236542793 0.0541327306642172 0.100664009326742 0.313227996658953
0.282202081949593 0.0495062652027189 0.185085169384583 0.379318994514604 0.0537553567696748 0.176776034591414 0.387628129307773 0.0499886478818304 0.184142197133765 0.380261966765422
0.245424449623302 0.0496510414345994 0.147971460020872 0.342877439225732 0.0528736838438422 0.141679085899013 0.349169813347591 0.0523599789410194 0.142682510287273 0.34816638895933
0.334608249496695 0.0442510328504723 0.247820230228011 0.421396268765378 0.0501995276806054 0.236179546950937 0.433036952042452 0.0459937124470653 0.244410946893111 0.424805552100278
0.265200327547496 0.0845418144263655 0.0988012140173391 0.431599441077653 0.0867103283027663 0.0946024946673825 0.435798160427609 0.085278658324139 0.0973751167515946 0.433025538343397
0.140031201668376 0.0725758820217713 -0.00269943101542516 0.282761834352176 0.0733578716274125 -0.00421670648175243 0.284279109818504 0.0733132043066764 -0.00413002179703753 0.284192425133789
0.287413008370384 0.0433606483498699 0.202364228057202 0.372461788683566 0.0479661390060924 0.193354227083401 0.381471789657366 0.0466834704533737 0.195864237356022 0.378961779384746
0.218100242885107 0.0544907485942785 0.111102376759995 0.32509810901022 0.0568947221827767 0.106414773367479 0.329785712402736 0.0567101072922078 0.106774904862331 0.329425580907883
0.277257686976948 0.0520495177503824 0.175066021802053 0.379449352151843 0.0554826280387542 0.168368080923249 0.386147293030646 0.0542491733483503 0.170775425705802 0.383739948248094
0.274869087172684 0.0476310303782496 0.181409462460105 0.368328711885262 0.0516373598918885 0.173579715085886 0.376158459259481 0.049212648138879 0.178319318366306 0.371418855979061
0.294174994807552 0.0439494638530648 0.207960022582838 0.380389967032265 0.0484065510282399 0.199243328438139 0.389106661176964 0.0473538859359448 0.201302653772933 0.387047335842171
0.201857095439533 0.0682624791071748 0.0676287469581957 0.33608544392087 0.0698368812966197 0.0645719398310398 0.339142251048026 0.0694010897329445 0.0654183222873605 0.338295868591705
0.238951204758372 0.0933278191184211 0.0552397882380492 0.422662621278694 0.0950375647261045 0.0519309653839714 0.425971444132772 0.0929116516157901 0.0560447063494211 0.421857703167322
0.225270127984498 0.0646367873205137 0.0982065413638475 0.352333714605148 0.0665942104976 0.0944025218815311 0.356137734087465 0.0657879372765483 0.0959698881115996 0.354570367857396
0.228769528350647 0.0501747093230471 0.130304755596561 0.327234301104733 0.0528957570604491 0.124989815751584 0.33254924094971 0.0504682858455819 0.129731513649296 0.327807543051998
0.266347992443275 0.0446380204436523 0.178776196001833 0.353919788884716 0.0486530415686221 0.170925789437906 0.361770195448643 0.0486155985733165 0.170999028254664 0.361696956631885
0.181044684856379 0.0693242077032998 0.04472858431242 0.317360785400339 0.0707260762610909 0.0420069075299205 0.320082462182839 0.0706528537415961 0.0421491173844425 0.319940252328316
0.240543430369034 0.052864132887866 0.136749915616951 0.344336945121116 0.0556210692682573 0.13137217317656 0.349714687561507 0.0543950424490028 0.133764334237784 0.347322526500283
0.321007263233922 0.0399027160256769 0.242759996675072 0.399254529792772 0.0457426715586081 0.231327138914194 0.41068738755365 0.0439094748796775 0.234916724881072 0.407097801586772
0.210943666072793 0.0545250670016454 0.103839565345051 0.318047766800535 0.0564984593403086 0.099995818796714 0.321891513348872 0.0563937941847811 0.100199768103423 0.321687564042163
0.276200637454435 0.0471949060138009 0.183587731353766 0.368813543555104 0.0513643922457927 0.175440971418105 0.376960303490765 0.0496050557126224 0.178879572400106 0.373521702508764
0.308599662820529 0.057378945661364 0.195870081669982 0.421329243971075 0.0612872049104362 0.18825838900288 0.428940936638178 0.0581169319366101 0.194433800152854 0.422765525488204
0.223157329294744 0.0527710710275366 0.119513080114118 0.326801578475371 0.055110821438408 0.114953534205609 0.33136112438388 0.0555224751784074 0.114150880229124 0.332163778360365
0.210045599227247 0.0557012263906877 0.100579004584539 0.319512193869955 0.0575819664053757 0.0969208053588027 0.323170393095692 0.0588213663960841 0.0945081489762924 0.325583049478202
0.132376797446321 0.187717054283312 -0.237597048283555 0.502350643176197 0.188336602055474 -0.238790978314669 0.50354457320731 0.187363582990257 -0.23691599651619 0.501669591408832
0.309278532394799 0.0452762162943544 0.220461899718903 0.398095165070695 0.0502993322448111 0.210637598746903 0.407919466042694 0.0485953660131521 0.213971200388186 0.404585864401412
0.305907564380958 0.0649614075167385 0.1782350000015 0.433580128760416 0.0685955450254411 0.171165193991989 0.440649934769928 0.0665424363236243 0.17516071889561 0.436654409866307
0.351125044246304 0.0488701684579724 0.255254992601518 0.446995095891089 0.0554882949252574 0.242311060631497 0.459939027861111 0.0481725016522093 0.256618586375664 0.445631502116943
0.265920855468102 0.0478969030912949 0.171935051506875 0.359906659429329 0.051522453129719 0.164850676539558 0.366991034396646 0.0504575447597955 0.166932159741156 0.364909551195048
0.24271025060636 0.0532487317621113 0.138135569981361 0.347284931231359 0.0560255510973771 0.132722742440267 0.352697758772452 0.0566241871323666 0.131555080378271 0.353865420834449
0.272668049644681 0.0486962641722191 0.177102506920908 0.368233592368454 0.0525866521979024 0.169502769551444 0.375833329737918 0.0498812630082154 0.174788498059052 0.37054760123031
0.229650559422536 0.0489660996260819 0.133558693269477 0.325742425575595 0.0518160909080704 0.127991581460566 0.331309537384506 0.0515959722015206 0.128421702356918 0.330879416488153
0.153523830510385 0.0553496728879364 0.0448300035739189 0.262217657446852 0.056463425421179 0.0426593277934167 0.264388333227354 0.0559640540523147 0.043632710986334 0.263414950034437
0.291640547352808 0.0574749985371764 0.178743344647808 0.404537750057808 0.0610132199436959 0.171849390445993 0.411431704259623 0.057985728516142 0.177748853189052 0.405532241516564
0.224899639608975 0.0473710728948574 0.131903806065262 0.317895473152689 0.0499310232136343 0.126908377652887 0.322890901565064 0.0497757383762252 0.127211524158402 0.322587755059549
0.292208680699772 0.0485360365706843 0.196971666825369 0.387445694574176 0.0530056228357778 0.188236578104173 0.396180783295372 0.0498615883517066 0.194382041031511 0.390035320368034
0.268097072614436 0.0467887797346329 0.176278116229348 0.359916028999524 0.050425474195154 0.169173411532278 0.367020733696594 0.0486781152466627 0.172587941335872 0.363606203893
0.306310997760191 0.0407238300740394 0.226442934948989 0.386179060571393 0.0457855720498754 0.216537172346106 0.396084823174276 0.0447022362194004 0.218657807160912 0.39396418835947
0.270283491919021 0.0491498281606035 0.173841758865988 0.366725224972054 0.0530937790758706 0.166134487442117 0.374432496395925 0.0503426039039791 0.171511595691903 0.369055388146139
0.215156952725273 0.0825085822999063 0.0528066609261645 0.377507244524381 0.0839723973242137 0.049970501257324 0.380343404193221 0.0831441235493241 0.0515755788857239 0.378738326564821
0.262085230922524 0.116458047532162 0.032709625404333 0.491460836440716 0.118210902944798 0.0293235683430441 0.494846893502005 0.117068279788225 0.0315311571058341 0.492639304739215
0.245352349898753 0.0866147817181512 0.0749034116150271 0.415801288182478 0.0886246572184523 0.0710100453837005 0.419694654413805 0.0870479224055159 0.0740647301960017 0.416639969601503
0.282930421056596 0.0454754411488444 0.193729219580546 0.372131622532646 0.0501513630654264 0.184582653235942 0.38127818887725 0.0481260148819299 0.188545292946443 0.377315549166749
0.249098751013671 0.0478565322122134 0.155154948778878 0.343042553248465 0.0508203444037062 0.149370226198877 0.348827275828466 0.0501813008546891 0.150617981477954 0.347579520549389
0.239730535715114 0.0607255805604913 0.120387509437027 0.359073561993202 0.0631357201873013 0.115699437748122 0.363761633682107 0.0611815398117917 0.119501040063537 0.359960031366692
0.239359054327516 0.0445541331723932 0.151948392890273 0.326769715764759 0.0477626140496122 0.145676126593828 0.333041982061204 0.0491283610387497 0.143004987701172 0.33571312095386
0.266554360532872 0.104717807787126 0.0603632606012376 0.472745460464507 0.106694888649771 0.0565402736610457 0.476568447404699 0.104834136769306 0.0601384311849546 0.47297028988079
0.174359873808054 0.0514475416009461 0.073341805264091 0.275377942352018 0.0528643307287186 0.0705792827659006 0.278140464850208 0.05348605201796 0.0693665479664004 0.279353199649708
0.266712875724205 0.0484374299212648 0.171680706055657 0.361745045392753 0.0524769232841385 0.163784089678928 0.369641661769482 0.0494926106126505 0.169618642073024 0.363807109375386
0.244424123312276 0.058821204307841 0.128875388292926 0.359972858331626 0.0614589190349591 0.123737864005221 0.365110382619332 0.0592131258641378 0.128112405197139 0.360735841427414
0.182257476002995 0.0690251522656234 0.0465436146789046 0.317971337327085 0.0703238923308991 0.0440214467291931 0.320493505276796 0.0699919453901883 0.0446662567060649 0.319848695299924
0.249392230236557 0.0689410217173003 0.113824749202348 0.384959711270766 0.0711342581507839 0.109566194778583 0.389218265694531 0.0698646141192389 0.112032051230143 0.386752409242971
0.302911154633488 0.0427821516427693 0.218995464583911 0.386826844683065 0.0479223488610834 0.208939401479702 0.396882907787274 0.0465197750825674 0.211684135407119 0.394138173859858
0.251947446906343 0.0540243461816869 0.145859387301701 0.358035506510985 0.0569723050011813 0.140111360552443 0.363783533260242 0.0558535573046749 0.142293473164381 0.361601420648304
0.295435904320889 0.054477293981296 0.188424537008646 0.402447271633132 0.0582606872273915 0.181052712855949 0.409819095785828 0.0572622628265542 0.182999220267977 0.407872588373801
0.305359865882286 0.043891764252189 0.219272541628609 0.391447190135963 0.048861826507745 0.209548207307857 0.401171524456715 0.04601608271771 0.215117030669502 0.39560270109507
0.274195121283525 0.0441087766655152 0.187657503159745 0.360732739407304 0.0480722660406797 0.179908792758322 0.368481449808727 0.047771961093246 0.180496117997132 0.367894124569917
0.215935549445712 0.0641475991211341 0.0898892928602302 0.341981806031193 0.066198204273374 0.0858990267502306 0.345972072141192 0.0637484612824563 0.0906655334881634 0.34120556540326
0.225261961656708 0.0456572171496477 0.135641854046933 0.314882069266483 0.0482077039411204 0.130663127999251 0.319860795314164 0.0502018520719336 0.126767679196538 0.323756244116878
0.189958365449514 0.05751479420925 0.076928107140217 0.30298862375881 0.059149354158731 0.0737489654124821 0.306167765486545 0.0607547937186177 0.0706239459972439 0.309292784901783
0.221260545483811 0.0495180768699819 0.124036026814351 0.31848506415327 0.0520108059726803 0.119173822485907 0.323347268481715 0.0529897148987145 0.117263230403513 0.325257860564109
0.277540627805528 0.0504150421616476 0.178568874614503 0.376512380996553 0.0541915875318356 0.171198223601983 0.383883032009073 0.0514952294270561 0.176461630196642 0.378619625414414
0.269547606641087 0.0431460750254442 0.184907991815037 0.354187221467136 0.047125297256181 0.177126281982531 0.361968931299643 0.0473338996232183 0.176718185532308 0.362377027749866
0.259221864948688 0.0632547633472186 0.134872805258616 0.38357092463876 0.0658957281149236 0.129739714208164 0.388704015689212 0.0653690854495383 0.130763873950283 0.387679855947094
0.172813095933268 0.0574105311138312 0.0600534476128171 0.285572744253719 0.0588187319193063 0.0573100901676295 0.288316101698907 0.0574084005315917 0.0600575970079638 0.285568594858572
0.157925651500471 0.0702630037738858 0.0197522361700817 0.29609906683086 0.0713356493463979 0.017670434800245 0.298180868200697 0.072034539026898 0.0163133671368232 0.299537935864119
0.199409481966068 0.0513165603149642 0.098672904711677 0.300146059220459 0.0531468374903103 0.0951014207517329 0.303717543180403 0.0534248658296449 0.0945587072253822 0.304260256706754
0.198977920974866 0.0500540137918605 0.100748757602575 0.297207084347157 0.0522326608077927 0.0964937194820347 0.301462122467697 0.0499977324633109 0.100858643330933 0.297097198618799
0.227384263534837 0.0677524267398146 0.094195926926966 0.360572600142709 0.0698214820499739 0.0901749465253965 0.364593580544278 0.0684495259204457 0.092841659308855 0.361926867760819
0.287620266511706 0.0477304928865925 0.193974991754115 0.381265541269297 0.0522039933865105 0.185229556854143 0.390010976169269 0.0498848502892314 0.189764354873902 0.38547617814951
0.223029968194324 0.0490029683835315 0.126867592063787 0.31919234432486 0.0515029928782838 0.121984064152665 0.324075872235982 0.0508676055448196 0.123225528977247 0.3228344074114
0.2938891382687 0.0858559570488759 0.12493820228347 0.46284007425393 0.0886488551617339 0.119526446642994 0.468251829894406 0.086558117460443 0.123578403164478 0.464199873372921
0.21136922544863 0.102063829057278 0.0104109438766851 0.412327507020575 0.103323361593169 0.00797561842389882 0.414762832473361 0.101856374760488 0.0108118993655185 0.411926551531741
0.323491978386513 0.07149774749984 0.182883287394202 0.464100669378823 0.0752931462629655 0.175513065599459 0.471470891173566 0.0721297498820954 0.181657033409572 0.465326923363453
0.337536189628162 0.0405764321565859 0.257957168950772 0.417115210305553 0.0466071156947651 0.246154490918374 0.428917888337951 0.0449815078764851 0.249336864605035 0.42573551465129
0.235209924982802 0.0441799917659227 0.148530489461572 0.321889360504031 0.0471787708512151 0.142668787020163 0.327751062945441 0.0476528826476782 0.141741688017911 0.328678161947692
0.252504037817967 0.0688750675087696 0.117079214999486 0.387928860636448 0.0712613685325555 0.112444285254175 0.392563790381759 0.0708307638639597 0.113281071335829 0.391727004300105
0.238838782548528 0.0530875601894243 0.134564353445463 0.343113211651592 0.0556291344666026 0.129612445564097 0.348065119532959 0.0560945853551226 0.128705009347206 0.34897255574985
0.275857409241055 0.0469575180604161 0.183723793813381 0.367991024668728 0.0510905941827125 0.175645175817329 0.37606964266478 0.0492298500079188 0.179283149640181 0.372431668841928
0.0887503199893938 0.063447860404698 -0.0359362033204209 0.213436843299208 0.0638678014902534 -0.0367527643015808 0.214253404280368 0.0644756065363631 -0.0379349197928257 0.215435559771613
0.2968511512403 0.0438649137954214 0.210805926466263 0.382896376014338 0.0487674427323321 0.201216649368127 0.392485653112474 0.0459773808115391 0.206674995088089 0.387027307392512
0.280402611911365 0.0462627630140068 0.189620031590639 0.37118519223209 0.0504052612780113 0.181525691605795 0.379279532216934 0.0493201220586164 0.183646822555505 0.377158401267224
0.265743251612887 0.0493513158161296 0.16885458214217 0.362631921083604 0.0526070073335314 0.162501824614029 0.368984678611746 0.0522938761110136 0.16311313222341 0.368373371002365
0.247933943087944 0.0541312871780429 0.141599932652762 0.354267953523125 0.0568232244886361 0.13635624702416 0.359511639151727 0.0577074669229686 0.134632520377853 0.361235365798034
0.316839950617786 0.0426852475057359 0.233110383160224 0.400569518075348 0.0480078490994061 0.222698498355813 0.410981402879759 0.0461295763786765 0.22637376112751 0.407306140108062
0.230059960666578 0.135516557889271 -0.0369401103755148 0.49706003170867 0.136700121251872 -0.0392237566356552 0.499343677968811 0.135506473957511 -0.0369206592621713 0.497040580595327
0.197804146287608 0.0538392212691402 0.0921136338321183 0.303494658743097 0.0557671752310316 0.0883517306817116 0.307256561893504 0.0541277824240538 0.091550735667482 0.304057556907734
0.154542120386752 0.0637951432506971 0.0292033482984519 0.279880892475051 0.0648129351142085 0.0272225874211886 0.281861653352315 0.0636418442588669 0.0295016099193292 0.279582630854174
0.328656265650508 0.0463648132940035 0.237685129923619 0.419627401377397 0.0516470914871047 0.227359116662156 0.42995341463886 0.0473382704405881 0.235783105212565 0.421529426088451
0.253456570098307 0.0684640477920274 0.118816564030952 0.388096576165662 0.0707894791413604 0.114302158780662 0.392610981415951 0.0708076550995346 0.114266851106089 0.392646289090524
0.284859945804335 0.0435709368893167 0.199379632948968 0.370340258659703 0.0479908192453278 0.19073768816188 0.378982203446791 0.045824177804833 0.194975004170647 0.374744887438024
0.270824143250278 0.0400416960341531 0.1922932856088 0.349355000891757 0.044297343729067 0.183965598128863 0.357682688371694 0.0456029064509589 0.181409860445578 0.360238426054978
0.32831057314904 0.04858120825588 0.232970494674655 0.423650651623425 0.053798791535644 0.222776596305851 0.43384454999223 0.0505309698268691 0.229162710168052 0.427458436130028
0.251327520080898 0.0406673674295317 0.171572190219853 0.331082849941943 0.0444174216229713 0.164233561154462 0.338421479007334 0.0447697391421317 0.163543908305738 0.339111131856058
0.215608306142086 0.0496967859355928 0.118023163546394 0.313193448737777 0.0519840717505269 0.113563098720463 0.317653513563708 0.0522468257572043 0.113050491390774 0.318166120893397
0.275917538395843 0.0554524370924617 0.166987801385271 0.384847275406415 0.0588436269739199 0.160381244468206 0.39145383232348 0.0578333983963195 0.162350302671353 0.389484774120333
0.204522469016255 0.0540520025809255 0.0984460334223899 0.310598904610121 0.0562356097385658 0.0941815510075308 0.31486338702498 0.0531317660504869 0.100242437165777 0.308802500866734
0.320391379719833 0.0512542007087768 0.219792680937434 0.420990078502232 0.0562489097397195 0.210037921253456 0.43074483818621 0.0512360472110103 0.219828109537082 0.420954649902584
0.303328172836189 0.0508545787502652 0.203531880743 0.403124464929378 0.0555501813898779 0.19435736649186 0.412298979180519 0.051195459151731 0.202866214889306 0.403790130783072
0.262654599364438 0.045589825322257 0.173196385452758 0.352112813276119 0.0491516431957021 0.166236345023 0.359072853705877 0.0496415562076516 0.165278563266756 0.360030635462121
0.293021405236864 0.0435166179439062 0.20764516467169 0.378397645802037 0.0480724948534554 0.198737840169572 0.387304970304155 0.0478039294563623 0.199263146424914 0.386779664048813
0.265760403208212 0.0575495415103125 0.15266967052989 0.378851135886534 0.060378379646291 0.14716501067026 0.384355795746163 0.0597650686959353 0.148359094058704 0.38316171235772
0.234663857073164 0.0676069487801418 0.101720909711371 0.367606804434956 0.0696690723618502 0.0977169274665755 0.371610786679752 0.068998636846312 0.0990191942333651 0.370308519912963
0.176774468318213 0.0528276609707578 0.0729895012029028 0.280559435433523 0.0542704894870967 0.070180661627418 0.283368275009008 0.0570885185404167 0.0646892869292458 0.28885964970718
0.172927486649828 0.0579936163424174 0.0589719649540919 0.286883008345564 0.0593021423067409 0.0564261435939479 0.289428829705708 0.0589798626560165 0.0570533148221985 0.288801658477458
0.238684766691081 0.0470732437806408 0.146281469827571 0.33108806355459 0.0498048427965604 0.140949688799271 0.33641984458289 0.0494209689842787 0.141699259546919 0.335670273835242
0.311742227843028 0.0466703423531373 0.220165572685215 0.403318883000842 0.0516844083426942 0.210365762122682 0.413118693563375 0.049178191037131 0.215265478996758 0.408218976689298
0.244252446521419 0.0447452881437988 0.156465245550535 0.332039647492302 0.048035441141878 0.150033562885922 0.338471330156915 0.0496947016997887 0.146788369504296 0.341716523538541
0.291215333448419 0.0461283474206595 0.200705717907977 0.381724948988861 0.0504200240994657 0.192317568084627 0.390113098812212 0.0491363222166194 0.194827430324691 0.387603236572148
0.308233415730606 0.0420487681778301 0.225757869288271 0.390708962172942 0.047381895268048 0.215323653669692 0.40114317779152 0.0461729589602946 0.217689659933275 0.398777171527937
0.245353940214412 0.0705247391753909 0.106716483824246 0.383991396604577 0.0728985888866247 0.102102864689064 0.38860501573976 0.07109634576234 0.105606038632071 0.385101841796753
0.254454525009764 0.0839797908676709 0.0891756751978323 0.419733374821696 0.0859212545188831 0.0854158622906771 0.423493187728851 0.0851691527354453 0.086872867248507 0.422036182771022
0.197133934871734 0.0967299951087353 0.00663979144926027 0.387628078294208 0.0978177969549431 0.00453783771589431 0.389730032027574 0.0983309958175786 0.00354572243412754 0.390722147309341
0.229400204902791 0.0912116510008421 0.0498903174462501 0.408910092359331 0.0928433999580528 0.0467305916781045 0.412069818127477 0.0904943278654817 0.0512784493520511 0.40752196045353
0.302796096079385 0.0515266460829255 0.201627681542341 0.403964510616429 0.0556221410706284 0.193637227216484 0.411954964942286 0.0541296576041011 0.196550390474136 0.409041801684634
0.280304483703306 0.0440540606144289 0.193864658342269 0.366744309064344 0.0482603884712471 0.185643277964918 0.374965689441694 0.0469636607031783 0.188178631028691 0.372430336377922
0.312440148821619 0.0502416170993469 0.213807431095319 0.411072866547919 0.0546812296534542 0.205142115875607 0.419738181767631 0.05198558939585 0.210404999657649 0.41447529798559
0.190231115146889 0.0754647888661407 0.0418041085735417 0.338658121720236 0.0767419554449537 0.0393264887311129 0.341135741562664 0.07571140931968 0.0413258169714935 0.339136413322284
0.23195183698907 0.0743131626174934 0.0857737647350703 0.37812990924307 0.0761143507397233 0.0822801912212113 0.381623482756929 0.0755861701410693 0.0833050110765055 0.380598662901635
0.301175870792176 0.0492708054095211 0.20448378598461 0.397867955599742 0.0539163226572281 0.195407927107214 0.406943814477138 0.0518565983185715 0.199433258624985 0.402918482959367
0.334600351087881 0.0447973370164626 0.246730090061223 0.42247061211454 0.0508037711602113 0.234979433285049 0.434221268890713 0.0452312603934181 0.245881587361343 0.423319114814419
0.303295543274336 0.0489983062764248 0.207174094455489 0.399416992093184 0.0539270825872128 0.197535512858162 0.409055573690511 0.0482477557437898 0.208641039831959 0.397950046716714
0.222136735504737 0.0465889517416544 0.130705702696588 0.313567768312886 0.0492927471876747 0.125424815503018 0.318848655506456 0.0501994593052438 0.123653015793389 0.320620455216085
0.258915469742942 0.0468111930114544 0.167045100238297 0.350785839247587 0.0499410580279515 0.160932258338457 0.356898681147426 0.0492135472113776 0.162353622086918 0.355477317398966
0.191199695374539 0.112343576458504 -0.0300507801180832 0.412450170867161 0.113430995584331 -0.0321516725140323 0.414551063263111 0.111988362467061 -0.0293647672643365 0.411764158013415
0.223733137384522 0.141921494070361 -0.0559501734538242 0.503416448222869 0.143133635718246 -0.0582873126440484 0.505753587413093 0.141684717682477 -0.055493799981443 0.502960074750488
0.181717344613182 0.0554647901468133 0.0727563959734106 0.290678293252954 0.0569894419828258 0.0697878734712134 0.293646815755151 0.0578041212665374 0.0682008372314717 0.295233851994893
0.274870290364558 0.0599177166954012 0.157205863408073 0.392534717321043 0.0630179747053437 0.151161539927766 0.39857904080135 0.0587621415247536 0.159457002920045 0.390283577809071
0.286744873641606 0.0439512757470917 0.200541286234292 0.37294846104892 0.0486467826859188 0.191354198940862 0.38213554834235 0.0479028669232384 0.192810129086553 0.38067961819666
0.262440709382983 0.0496843824301065 0.164930399706751 0.359951019059215 0.0533843443225737 0.157703979874974 0.367177438890992 0.0516062394901756 0.161177716839703 0.363703701926263
0.227197052639917 0.0519224811818597 0.125224791867808 0.329169313412026 0.0544065289759339 0.120383164684515 0.334010940595319 0.0547688372449246 0.119676591036977 0.334717514242857
0.230656813751796 0.0481788462567328 0.136099014546122 0.325214612957469 0.0508794474026848 0.130825432060852 0.330488195442739 0.0524272407680164 0.127801239471796 0.333512388031795
0.277483379198668 0.0460431160849335 0.187141778444986 0.367824979952349 0.049909545050765 0.179584958325137 0.375381800072198 0.0479024314304784 0.183508659591598 0.371458098805737
0.290781937199928 0.0472851513275298 0.198003934007013 0.383559940392843 0.0518571383943812 0.189067411157137 0.39249646324272 0.0484199156261023 0.195786768812137 0.38577710558772
0.207823953820214 0.0499315802363023 0.109750950728136 0.305896956912293 0.0520452947136264 0.105632638503734 0.310015269136695 0.0543877047596852 0.101064461213104 0.314583446427324
0.238650026217328 0.0499995243519428 0.1405143253464 0.336785727088257 0.052870480612131 0.134908736146715 0.342391316287942 0.0525480297392017 0.13553855691182 0.341761495522837
0.229603541725106 0.0465866948765857 0.138172162360447 0.321034921089765 0.0493107732989494 0.132852395240483 0.326354688209729 0.0497517633809564 0.131990810268456 0.327216273181757
0.246096259156162 0.0534845631693464 0.141067427174034 0.351125091138289 0.0562385609792178 0.135697858346482 0.356494659965841 0.0547632887489738 0.138574957747691 0.353617560564633
0.222179473793049 0.0582108346935611 0.107824792727648 0.336534154858451 0.060354060828315 0.103651309481016 0.340707638105083 0.0586573540532201 0.106955621250575 0.337403326335524
0.255013487833305 0.048096269960862 0.160596101659189 0.349430874007421 0.0512639194133267 0.154413864598707 0.355613111067904 0.0507724260827823 0.155373526178297 0.354653449488313
0.22020334936871 0.0480466741179324 0.125897784695322 0.314508914042098 0.0506253641513463 0.120863390688846 0.319543308048573 0.0518453744707234 0.118480228234473 0.321926470502946
0.240961467213158 0.0501290857897563 0.14256314481103 0.339359789615285 0.0530199900791258 0.136919889976981 0.345003044449334 0.0521755869762774 0.138568746009946 0.343354188416369
0.311542667416632 0.0518539958279153 0.209800333561309 0.413285001271956 0.0570779784508658 0.19958915923471 0.423496175598555 0.0520359258358511 0.209444912511623 0.413640422321642
0.258259042601248 0.056643194327979 0.14696462702829 0.369553458174206 0.0594227876513466 0.141553745847535 0.374964339354961 0.0584112990516498 0.143523570792103 0.372994514410393
0.0809976184188023 0.1487806569788 -0.212113568748238 0.374108805585843 0.14928500167356 -0.213086747882536 0.375081984720141 0.147673795182714 -0.209978524820429 0.371973761658034
0.216901130262557 0.0481952888968637 0.122328937596296 0.311473322928817 0.0505851237845705 0.117659989417933 0.31614227110718 0.0504410576035283 0.117941526935999 0.315860733589114
0.192043575954959 0.044978440650917 0.103797264927208 0.280289886982711 0.0471872893611519 0.099480096167074 0.284607055742845 0.0489409574617755 0.096051075192561 0.288036076717358
0.204052732654312 0.0540597966786851 0.0979217244697179 0.310183740838906 0.0561413572298908 0.093860810065063 0.314244655243561 0.0545433728872655 0.0969785755957801 0.311126889712844
0.211816961707647 0.104852740939119 0.005376603827601 0.418257319587692 0.106267567584284 0.0026405648008089 0.420993358614484 0.104119352334276 0.00679404877430553 0.416839874640988
0.275008579360337 0.0520321763383541 0.17285573259922 0.377161426121453 0.0555168617539027 0.166056264981308 0.383960893739365 0.0532692547172494 0.170442810777259 0.379574347943414
0.228052400810671 0.0555802425682184 0.118915250830899 0.337189550790443 0.058043403635208 0.114112220781808 0.341992580839534 0.0569003853234959 0.116341576947415 0.339763224673927
0.257708380234286 0.0526791052073573 0.154290587597123 0.361126172871449 0.0560038213204036 0.147802599911503 0.367614160557069 0.0542397116476932 0.151246024527344 0.364170735941228
0.201387777126215 0.062756288968202 0.0780438314617428 0.324731722790687 0.0644187390855937 0.0748115180051428 0.327964036247287 0.0638264038646453 0.0759635115677118 0.326812042684718
0.255522462110252 0.0482127673676233 0.160905504942797 0.350139419277707 0.0515252109206622 0.154435253681881 0.356609670538623 0.049150818670015 0.159073803091054 0.35197112112945
0.29807269359832 0.0546513863143652 0.190777787852908 0.405367599343732 0.0588372519770185 0.182609482986024 0.413535904210616 0.0556932829812899 0.188745651390088 0.407399735806552
0.276267982521733 0.0482740297610312 0.181578693112126 0.370957271931339 0.0527544459580366 0.17281453370699 0.379721431336475 0.0486026730312116 0.180936055211242 0.371599909832223
0.275922378823016 0.0454695298827752 0.186719445498015 0.365125312148016 0.0495616008818482 0.178718353807882 0.373126403838149 0.0481263135938402 0.181525461988807 0.370319295657225
0.168001097551745 0.0601973998476464 0.049726697643505 0.286275497459985 0.0614101270475012 0.0473666706426684 0.288635524460821 0.0615630549252819 0.0470689713273403 0.288933223776149
0.315844865873034 0.0487655447484725 0.220130100751892 0.411559630994176 0.0536979793858547 0.210496905399178 0.42119282634689 0.0511262434401403 0.215521234357555 0.416168497388513
0.223523134670837 0.0533397179048892 0.118765961769547 0.328280307572127 0.0556678581074764 0.114228601699634 0.33281766764204 0.0550929155126019 0.115349521839057 0.331696747502617
0.287517716566471 0.0436820997515874 0.20184330344463 0.373192129688312 0.0483313132777946 0.192746481869559 0.382288951263383 0.0467021847237173 0.195934788045722 0.37910064508722
0.247300225002328 0.0442493865901539 0.160460199092258 0.334140250912398 0.0473877045165476 0.15433020076468 0.340270249239976 0.0497686063881223 0.149676291415917 0.344924158588738
0.234896761390726 0.0734157281916545 0.0905587334920431 0.379234789289409 0.0755978498159603 0.0863194950222642 0.383474027759188 0.0733809025057063 0.0906263529237877 0.379167169857664
0.296939469289113 0.0507366230236222 0.197348194091373 0.396530744486852 0.0548820598334857 0.189254679035875 0.40462425954235 0.0519749594760266 0.194931538838771 0.398947399739455
0.313188444285435 0.0464897697239318 0.221964112850333 0.404412775720537 0.051420347635686 0.212328064263036 0.414048824307834 0.0483918203071862 0.218248198833704 0.408128689737165
0.295728614576401 0.0535441990988092 0.19061821409636 0.400839015056442 0.0576289351790364 0.182645126742344 0.408812102410458 0.0535593989889195 0.190588564183858 0.400868664968945
0.224802976506061 0.0486494363452018 0.129319331163858 0.320286621848264 0.0512775053177662 0.124187786592704 0.325418166419418 0.0508265117722532 0.125068674904433 0.32453727810769
0.271554642284421 0.0760565998598544 0.121918445837833 0.421190838731009 0.0785103458797286 0.117161031549891 0.425948253018951 0.0781296065561325 0.117899650199257 0.425209634369584
0.248153189562018 0.103918434179498 0.0435215236085928 0.452784855515443 0.105593088791434 0.0402842539880158 0.45602212513602 0.104068052783637 0.0432324159278984 0.453073963196138
0.341888632051965 0.0516326300351888 0.240554023168783 0.443223240935148 0.0571618326292701 0.229752935904056 0.454024328199875 0.0515928974624954 0.240631581383761 0.44314568272017
0.278300461902109 0.0542714629489348 0.171734162758286 0.384866761045931 0.057981811442433 0.164497385195971 0.392103538608247 0.0550663191866853 0.170184665912678 0.38641625789154
0.200004437453587 0.0690047664232747 0.064307570744026 0.335701304163148 0.0705729557016678 0.0612634314113754 0.338745443495798 0.0711636934408508 0.060116033371311 0.339892841535863
0.221343018704573 0.0488811322130096 0.125431286589049 0.317254750820097 0.051478176868562 0.120356506486685 0.322329530922462 0.0509913552045503 0.121308020822893 0.321378016586254
0.223401769077299 0.0440109059846348 0.137053006505986 0.309750531648612 0.0468106548139232 0.131580644478313 0.315222893676286 0.0484083647170777 0.128456278177774 0.318347259976824
0.269189568690374 0.0654602062910749 0.140527416401398 0.39785172097935 0.0684958575884478 0.134623887574581 0.403755249806166 0.0668411210053542 0.137842955688539 0.400536181692209
0.313689360094689 0.0511556705419897 0.213302838897989 0.414075881291389 0.0560433069538796 0.203752798037657 0.423625922151722 0.0522758568748786 0.211115080134924 0.416263640054454
0.249245723228995 0.0529829617023022 0.145198429726832 0.353293016731157 0.0556774540258346 0.139945395308996 0.358546051148994 0.0554047352433735 0.140477318906968 0.358014127551022
0.317198761646714 0.0475734150155582 0.223864957655019 0.410532565638409 0.0531041857648002 0.213050618500304 0.421346904793124 0.0493790575144488 0.220335662505243 0.414061860788184
0.161089196598987 0.101298485393794 -0.0383836747818715 0.360562067979846 0.102210902024907 -0.0401471079064334 0.362325501104408 0.102119084274035 -0.0399696106407407 0.362148003838715
0.252275984230504 0.0509231983987396 0.152312044518168 0.352239923942839 0.0539463467313437 0.146411657148593 0.358140311312414 0.0536116235865727 0.147065221183458 0.357486747277549
0.261938125318087 0.0471754660635753 0.169359983730895 0.35451626690528 0.0506573377266949 0.162557968201261 0.361318282434914 0.0498058036223513 0.16422205458621 0.359654196049964
0.192724346233566 0.0471276948537547 0.100211982118898 0.285236710348235 0.0490077770593693 0.0965430377444515 0.288905654722681 0.0509100533838578 0.0928284662938358 0.292620226173297
0.251203971351866 0.0383231476051412 0.176038092538956 0.326369850164777 0.042057028566583 0.168732945885502 0.333674996818231 0.0434961319518439 0.165916271085789 0.336491671617944
0.287625628691995 0.0512782774036916 0.18699791302462 0.388253344359369 0.0555443305695995 0.17866309750884 0.396588159875149 0.0502964767441398 0.188914781627538 0.386336475756451
0.245883446730933 0.0765720141829744 0.0952660203898494 0.396500873072016 0.0788452430873226 0.090856058147947 0.400910835313918 0.0774290891718786 0.0936039669199569 0.398162926541908
0.33346433179466 0.0484920100992711 0.238337914555129 0.428590749034191 0.054296787812211 0.22698489079387 0.439943772795449 0.0482236115378204 0.238862556988291 0.428066106601028
0.331372654066198 0.0895881740616847 0.155084467811014 0.507660840321383 0.0929687894558168 0.148532390192511 0.514212917939886 0.0889251396736418 0.156368164124743 0.506377144007654
0.332830009714041 0.054053851067726 0.226693098669445 0.438966920758638 0.0588508510054698 0.217334751207426 0.448325268220656 0.0547208788810899 0.225392747471304 0.440267271956779
0.105386382956491 0.0822782197691514 -0.0565314835562408 0.267304249469222 0.0827647391920771 -0.0574734919694175 0.268246257882399 0.0834652915514928 -0.0588303889131988 0.26960315482618
0.177565467672163 0.0505697062746392 0.0782810722208721 0.276849863123454 0.0521938341057425 0.0751132151663475 0.280017720177978 0.0520913567205683 0.0753131533870662 0.27981778195726
0.250168399069429 0.069735997129915 0.113051824121435 0.387284974017423 0.0723601454447045 0.107954547277457 0.392382250861401 0.0716253033170168 0.109382620965981 0.390954177172877
0.202927250496286 0.0465492375130242 0.111552422015939 0.294302078976633 0.0486936258255289 0.107367222007472 0.2984872789851 0.0502634601213646 0.104301522686144 0.301552978306428
0.270380366570084 0.0752306425081263 0.122427584150198 0.41833314898997 0.0777202065654089 0.117595160331957 0.423165572808211 0.0746689032787809 0.12351707253351 0.417243660606658
0.303849090931162 0.0475188132406191 0.2106121306523 0.397086051210025 0.0521079204797498 0.201642267912487 0.406055913949837 0.0477971582614111 0.2100683550264 0.397629826835925
0.33198793470232 0.0436969820015846 0.246272108561744 0.417703760842895 0.0491871294158036 0.235532946599599 0.42844292280504 0.0460060141502227 0.241756705983608 0.422219163421031
0.221620434709318 0.0930529148425409 0.0384706859105187 0.404770183508117 0.0946317599122969 0.0354142740907979 0.407826595327838 0.0933625823224116 0.0378714208256879 0.405369448592948
0.252866688888909 0.124429162472226 0.00775560245223617 0.497977775325581 0.125989660211474 0.00474267218558475 0.500990705592232 0.124717737532164 0.00719861065996899 0.498534767117848
0.304319260971691 0.0559929563436167 0.194338917299519 0.414299604643863 0.0599001942243972 0.186724233821644 0.421914288121738 0.0575689603584586 0.191268924088867 0.417369597854514
0.216963283473513 0.0615058750991126 0.096046610838519 0.337879956108508 0.0633630255583221 0.0924381407511224 0.341488426195904 0.0649041617137761 0.0894410090369089 0.344485557910118
0.245607489064127 0.0469401313865127 0.153498788705531 0.337716189422724 0.0501331383099629 0.147259935250661 0.343955042877594 0.0489358055573152 0.149600006350399 0.341614971777856
0.234446065724966 0.0447566092088868 0.146660199237902 0.322231932212029 0.0480891596507894 0.14014103614083 0.328751095309101 0.0464011847998818 0.143443516367522 0.325448615082409
0.301259728583759 0.0493328859275757 0.204448964034915 0.398070493132604 0.0537584829815924 0.195802269096042 0.406717188071476 0.0510504511948899 0.201094332242344 0.401425124925174
0.201381232390207 0.0740555500569852 0.0558009190280586 0.346961545752355 0.0757303400392258 0.0525466614560217 0.350215803324392 0.0728019260409628 0.0582350684733336 0.34452739630708
0.236157151672208 0.0973110722455964 0.0445758021883113 0.427738501156105 0.0989684377173104 0.0413699057945771 0.430944397549839 0.0975595847933864 0.0440952827613553 0.428219020583061
0.255997303492164 0.0493554997595389 0.159126480010994 0.352868126973333 0.0526594027159114 0.152674978731735 0.359319628252592 0.0509564103827333 0.156001176694137 0.35599343029019
0.350029251073301 0.0451261895453316 0.261518057988829 0.438540444157773 0.0515383782944362 0.248971939995629 0.451086562150973 0.0463941534110834 0.259038122983895 0.441020379162707
0.29709415673985 0.0446468315755937 0.20949949883575 0.38468881464395 0.0490684057128039 0.200855220910962 0.393333092568738 0.0479658239559569 0.203011535708937 0.391176777770763
0.233014320661463 0.0469403784230963 0.140925983602089 0.325102657720837 0.0499453976812829 0.135051026905304 0.330977614417622 0.048951586134391 0.13699437522592 0.329034266097006
0.253517266588887 0.0424740443657777 0.170216465199027 0.336818067978746 0.0461380638244537 0.163046821900612 0.343987711277161 0.0456438763979492 0.164014047953453 0.34302048522432
0.264749952375874 0.074113367820352 0.118939940929568 0.41055996382218 0.0763258752158587 0.114650211155022 0.414849693596726 0.0759506884904022 0.115378027295365 0.414121877456384
0.300968943890955 0.0500669333852361 0.202694108111137 0.399243779670773 0.0542431979476703 0.194539900594797 0.407397987187113 0.0522184462144938 0.198494497287541 0.403443390494368
0.235436387484023 0.0524457914882053 0.132472921463497 0.338399853504548 0.055115039022672 0.127265080610998 0.343607694357048 0.0537088476726587 0.130009224802534 0.340863550165511
0.195318917719952 0.0858651819486903 0.026358423681511 0.364279411758393 0.0871553340191198 0.0238591366695752 0.366778698770329 0.0861589636859156 0.0257894651397168 0.364848370300187
0.237516147091675 0.0533029149724634 0.132824022696467 0.342208271486883 0.0556888748359709 0.128174815413169 0.346857478770181 0.0556719870644683 0.128207738609813 0.346824555573537
0.275678929328155 0.0584571279410354 0.160814577742108 0.390543280914203 0.061597737408348 0.15470141808933 0.396656440566981 0.0602889695467068 0.157249993007153 0.394107865649158
0.239057360525013 0.0420679422802576 0.156528973332105 0.321585747717921 0.0452488051674944 0.150309682788358 0.327805038261668 0.0466450116720143 0.147578544640363 0.330536176409662
0.331088290044277 0.0863669991826165 0.161093344411358 0.501083235677195 0.0895525874139711 0.154924073573834 0.507252506514719 0.0881196532575455 0.157700461783683 0.50447611830487
0.297456185004092 0.0451891408739571 0.208814548636006 0.386097821372177 0.0496641214855562 0.200061658416294 0.39485071159189 0.0472576513295064 0.204769466557311 0.390142903450873
0.21759958728209 0.0683966057164656 0.0831427702772656 0.352056404286915 0.070223819711496 0.0795921714718078 0.355607003092373 0.0685737270157766 0.0827987374507077 0.352400437113473
0.178059154862331 0.0554875818210786 0.069059240906298 0.287059068818363 0.0568517407184137 0.066402890242311 0.28971541948235 0.0571471739277818 0.0658273928319653 0.290290916892696
0.271585502879278 0.043030155779862 0.187200757463989 0.355970248294567 0.0474559013033481 0.178538471679477 0.364632534079079 0.0457370120232759 0.181903313826934 0.361267691931621
0.266501752073302 0.0456533595702413 0.176949320236623 0.356054183909981 0.049462250288854 0.169499748377054 0.363503755769549 0.0466399374907964 0.17502023334808 0.357983270798524
0.325548510385104 0.0463044428750206 0.23471263834715 0.416384382423059 0.0520508503064788 0.223473829972519 0.427623190797689 0.0480624905515438 0.231275486554004 0.419821534216204
0.270143180959077 0.0475975696768372 0.176747562046691 0.363538799871463 0.0514691980524878 0.169181521669873 0.371104840248281 0.0508844801373718 0.170324619268555 0.369961742649599
0.184974451436863 0.0533679466957879 0.0801773586401203 0.289771544233606 0.0549681678991552 0.077057800439654 0.292891102434072 0.0557653654261558 0.0755029909771578 0.294445911896569
0.231040188447296 0.0446105191832212 0.143501203730799 0.318579173163793 0.0474207773330206 0.138010632197364 0.324069744697228 0.0479381604848772 0.136999355000223 0.325081021894368
0.307168673637654 0.0586211153494006 0.192009635713572 0.422327711561735 0.0628250843333847 0.18381961011985 0.430517737155458 0.0594413011675029 0.190412900322316 0.423924446952992
0.279532882454741 0.0410982545455969 0.198911506715988 0.360154258193494 0.0450552351332613 0.191172919011762 0.36789284589772 0.0463947143541699 0.188552077841328 0.370513687068154
0.268427785362559 0.0465087948614564 0.177182413123568 0.35967315760155 0.0505944747375885 0.16919469459242 0.367660876132698 0.0490425222877374 0.172229625734437 0.364625944990681
0.262662239333053 0.0602077029624242 0.144350481147941 0.380973997518164 0.0629637032204081 0.138987485121031 0.386336993545074 0.0616011003004379 0.141639890189126 0.383684588476979
0.222972777265331 0.0562650988931613 0.112447118547398 0.333498435983264 0.0583892669740221 0.108309996341357 0.337635558189306 0.0583431915297184 0.108399775024725 0.337545779505938
0.24715675212208 0.0498021827316373 0.149398621635898 0.344914882608263 0.0528354012455741 0.143477657936182 0.350835846307979 0.052358969939847 0.144408035523023 0.349905468721138
0.292222746176062 0.0448568459396039 0.204221551111597 0.380223941240526 0.0492144890546053 0.195700993980238 0.388744498371885 0.0466665603789775 0.200683916529044 0.383761575823079
0.270292676831592 0.0414850643564115 0.188927665921484 0.351657687741701 0.0456486752990073 0.180781060365451 0.359804293297734 0.0461190830544786 0.179860346640452 0.360725007022732
0.265206548087838 0.0526256843483475 0.161878212821659 0.368534883354017 0.0558885969491767 0.15551344305889 0.374899653116785 0.0532734592554643 0.160615238888707 0.369797857286968
0.321983600455459 0.0509749975237451 0.221979806087996 0.421987394822922 0.0563797614882952 0.211411375467363 0.432555825443554 0.0507892081763508 0.222342902864582 0.421624298046335
0.226089853944464 0.0652315385871592 0.0978595072417507 0.354320200647177 0.0671154321442206 0.0941982703419922 0.357981437546935 0.0656613952637795 0.097024424147207 0.355155283741721
0.23956716243234 0.0826931734251487 0.0768244762782812 0.4023098485864 0.0845626306491108 0.073203891818472 0.405930433046209 0.0836934292564198 0.0748877645485289 0.404246560316152
0.27234059964642 0.0493829018788582 0.17538053953367 0.36930065975917 0.0527434644226382 0.168824725043425 0.375856474249415 0.0522646216434639 0.169759332919224 0.374921866373615
0.252652159880279 0.0545072430042262 0.145661335729836 0.359642984030722 0.0576702878505325 0.139486610865204 0.365817708895354 0.0558297251015071 0.143080343274624 0.362223976485934
0.189943925603259 0.0937135220066734 0.00548666508461956 0.374401186121897 0.094900922995233 0.00318854876446864 0.376699302442048 0.093675427507656 0.00556036902070003 0.374327482185817
0.175950361921924 0.0527253505957634 0.0724462469205647 0.279454476923284 0.0542794659118409 0.0694139772817591 0.28248674656209 0.0534615472850612 0.0710100367794137 0.280890687064435
0.260146197239496 0.0486258351977302 0.164712359128057 0.355580035350934 0.0519580562097453 0.158204611805257 0.362087782673734 0.051267324141019 0.159554086831669 0.360738307647322
0.231609674125225 0.0644749405709261 0.104887146584227 0.358332201666224 0.0666536684861002 0.100650616320408 0.362568731930043 0.0652432704741974 0.103393649749758 0.359825698500693
0.326980245864065 0.0443661800983519 0.239969208700846 0.413991283027284 0.0506885054857959 0.227595782447265 0.426364709280864 0.0468942212398204 0.235022757056894 0.418937734671236
0.219182167340106 0.0540251333647134 0.113080369278844 0.325283965401369 0.0562201007187917 0.108802521731604 0.329561812948608 0.054363063383165 0.112422023893636 0.325942310786576
