estimate std_1 lowerCI_1 upperCI_1 std_2 lowerCI_2 upperCI_2 std_3 lowerCI_3 upperCI_3
0.263188775510204 0.0524304610871676 0.160240122777177 0.366137428243231 0.0557669101704376 0.153732431615092 0.372645119405316 0.0620308772122893 0.141497767579848 0.384879783440561
0.272086237639812 0.10125414511379 0.0727205956732089 0.471451879606415 0.103429220417156 0.0685141239747317 0.475658351304892 0.106294348734049 0.0629661704174935 0.48120630486213
0.221333333333333 0.0644419360857287 0.0946540176919987 0.348012648974668 0.0664733346884868 0.090706044998473 0.351960621668194 0.072686498242419 0.0786090763716273 0.364057590295039
0.25497461928934 0.063400389310954 0.130381709184998 0.379567529393682 0.0660527025880176 0.125221613853645 0.384727624725035 0.0700957396341537 0.117345203922618 0.392604034656063
0.247710526315789 0.0496220717086597 0.150300821211623 0.345120231419956 0.0528375245701432 0.144024827846054 0.351396224785525 0.0596970026578694 0.130619188960763 0.364801863670816
0.240869565217391 0.0873060065884326 0.0690036437373134 0.412735486697469 0.0890701210917964 0.0655899212005408 0.416149209234242 0.0930765904873423 0.0578250093822492 0.423914121052533
0.290315789473684 0.050847631756563 0.190484459642652 0.390147119304716 0.0551021247963584 0.182182671017121 0.398448907930247 0.0607272572855573 0.171191785430116 0.409439793517252
0.144417989417989 0.0809655198705207 -0.0149378832939034 0.303773862129882 0.0818183469712971 -0.0165886634011019 0.305424642237081 0.08931923507138 -0.0311401724934773 0.319976151329456
0.228935185185185 0.0865062708032611 0.0586347448146523 0.399235625555718 0.088063571708894 0.0556218593616421 0.402248511008728 0.0921969180399509 0.047612588348646 0.410257782021724
0.285889423076923 0.0552653387084026 0.177328391562734 0.394450454591113 0.0587879438537472 0.170465419467919 0.401313426685928 0.0636105584426529 0.161055838673112 0.410723007480735
0.311052631578947 0.0472191556341968 0.218401239287309 0.403704023870586 0.0523818593133375 0.208310252633037 0.413795010524858 0.0563868867369167 0.200475590227936 0.421629672929958
0.184577464788732 0.0642717648019592 0.0581821119763041 0.310972817601161 0.0656131405586417 0.0555787056706216 0.313576223906843 0.0727246215702965 0.0417468353462018 0.327408094231263
0.24954128440367 0.0561154700995095 0.139295409176202 0.359787159631137 0.0586815501656078 0.134298908577774 0.364783660229566 0.0638355947887601 0.124248297962076 0.374834270845263
0.112401960784314 0.0930477956933405 -0.0707816538770091 0.295585575445637 0.0935720330337288 -0.0717954695786805 0.296599391147308 0.0988349080904864 -0.0819888895455987 0.306792811114226
0.26752358490566 0.0451698744606465 0.178877013758391 0.356170156052929 0.0488089316612988 0.171768526558207 0.363278643253113 0.0549878811083747 0.159685482938449 0.375361686872872
0.320287958115183 0.0498635671013424 0.222417143026835 0.418158773203531 0.0550428654966141 0.212301875670671 0.428274040559696 0.0584915184392319 0.205559998116392 0.435015918113975
0.180263157894737 0.0784456423549372 0.0258717130398861 0.334654602749588 0.0795818949459531 0.0236718971894397 0.336854418600034 0.0857617237019218 0.0116834629535673 0.348842852835906
0.165 0.0832865497941287 0.00110827408224454 0.328891725917756 0.0843053940431558 -0.000865113609922197 0.330865113609922 0.0896608533829493 -0.0112549839475124 0.341254983947512
0.285820512820513 0.0811922262816512 0.126063865154718 0.445577160486308 0.0838922804842049 0.120830342172646 0.450810683468379 0.0865669185016059 0.115639059753446 0.45600196588758
0.249340659340659 0.0614963441683826 0.128515292431426 0.370166026249893 0.0643150592868966 0.123027893564571 0.375653425116747 0.069906545796508 0.112125888185382 0.386555430495937
0.3089592760181 0.0507465191089893 0.209322747148754 0.408595804887446 0.0548938867403101 0.201230901813271 0.416687650222928 0.0577762227743171 0.195601342527209 0.42231720950899
0.241153846153846 0.0607067411803127 0.121846739660962 0.36046095264673 0.063060476064698 0.117268564436354 0.365039127871339 0.0682984637691572 0.107063967437604 0.375243724870089
0.226894736842105 0.0497402678283297 0.129232775823242 0.324556697860969 0.0524595282281718 0.123928679254901 0.329860794429309 0.0611051360072324 0.107037743062504 0.346751730621706
0.272765957446809 0.0499853966861698 0.174636285572121 0.370895629321496 0.0538619163055251 0.167070638347886 0.378461276545731 0.0601722703537786 0.154738778365627 0.39079313652799
0.291455399061033 0.0450888711558155 0.202978426826044 0.379932371296021 0.049355621460086 0.194640582622672 0.388270215499394 0.0546751282770223 0.184235596790718 0.398675201331347
0.274088541666667 0.061400482473429 0.153422018239588 0.394755065093745 0.0646080915733405 0.147181226165053 0.40099585716828 0.0699607751281204 0.13674929315142 0.411427790181913
0.346616915422886 0.0744838052443445 0.200104621573561 0.49312920927221 0.0785275410234737 0.192256599364406 0.500977231481365 0.0800422780852255 0.189312879351802 0.503920951493969
0.254951923076923 0.0621013832609657 0.132876504110154 0.377027342043692 0.0646672080009325 0.127888770649155 0.382015075504691 0.0699412789613065 0.117618546327931 0.392285299825915
0.267328042328042 0.0538055838011038 0.161664665083739 0.372991419572345 0.0572865829912593 0.154877485382213 0.379778599273872 0.063029455971117 0.143664313605309 0.390991771050775
0.274321608040201 0.0569170866001061 0.162521417645976 0.386121798434426 0.0602277078221101 0.156070992065633 0.392572224014769 0.0644022667417973 0.147926680435359 0.400716535645043
0.260408163265306 0.0580684475627306 0.146307193643146 0.374509132887466 0.0610648518723358 0.140474938062874 0.380341388467738 0.0669232146052979 0.129052545398199 0.391763781132413
0.30631067961165 0.0511666285468885 0.205826264682654 0.406795094540647 0.0555038998103543 0.197368699468428 0.415252659754873 0.060010261497322 0.18856908035448 0.424052278868821
0.31 0.0574609065815697 0.197100616856824 0.422899383143176 0.0615845519199083 0.189070755327879 0.430929244672121 0.0655858657423677 0.181267247858898 0.438732752141102
0.284665178571429 0.0619036857611131 0.162933062037951 0.406397295104906 0.0648561821947209 0.157199056235778 0.412131300907079 0.069476825056575 0.148208302011715 0.421122055131142
0.167546012269939 0.0736448483753823 0.0226568714512177 0.31243515308866 0.0749783844696035 0.020072039482779 0.315019985057098 0.0848131744055025 0.000957121296024432 0.334134903243853
0.222512195121951 0.065513476812681 0.0936833612167358 0.351341029027167 0.0674447799115259 0.0899336714303888 0.355090718813514 0.0737465750848696 0.0776741252143264 0.367350265029576
0.181731843575419 0.0744055456102004 0.0353996965775331 0.328063990573305 0.0757868137114738 0.0327194147717085 0.33074427237913 0.082622274531049 0.0194304429882239 0.344033244162614
0.183428571428571 0.0596886066854457 0.0660708326104645 0.300786310246678 0.0611150221517664 0.0633005284943128 0.30355661436283 0.0685138650282001 0.048899393066993 0.31795774979015
0.272351351351351 0.0527277334882046 0.168811936168461 0.375890766534242 0.0564751253953764 0.161503544244808 0.383199158457894 0.0624950109319837 0.149746397832505 0.394956304870198
0.313387096774194 0.057541007319201 0.20036189066032 0.426412302888067 0.062044728543489 0.191584828032126 0.435189365516261 0.0656242504677658 0.18459963174811 0.442174561800277
0.269473684210526 0.0541481246758551 0.163109981023493 0.37583738739756 0.0573397055514759 0.156891834993577 0.382055533427476 0.0619226566690083 0.14795029580862 0.390997072612433
0.212286432160804 0.0567465769566006 0.100795406598233 0.323777457723375 0.0587940399663581 0.0968097436357018 0.327763120685906 0.065318513183816 0.0840877841929229 0.340485080128685
0.2256 0.0549817630797411 0.117613528022259 0.333586471977741 0.0573255115228533 0.113046317422753 0.338153682577247 0.0639082488522161 0.100199503235002 0.351000496764998
0.181820512820513 0.0729201735751816 0.0383863440706174 0.325254681570408 0.0742131498027547 0.0358786355285891 0.327762390112437 0.0805151725114362 0.0236328347489467 0.340008190892079
0.351764705882353 0.0550278361981484 0.243686762505003 0.459842649259703 0.0603591620649784 0.233292262335259 0.470237149429447 0.0625455591678607 0.229024310443508 0.474505101321197
0.268592964824121 0.061090961522893 0.148540645832505 0.388645283815736 0.0640846991661368 0.142715432426814 0.394470497221428 0.068827941390011 0.133471766785796 0.403714162862445
0.270304568527919 0.0534836578047393 0.165273887254483 0.375335249801355 0.056916819684826 0.158579927248848 0.382029209806989 0.0624139109675068 0.147846897200862 0.392762239854976
0.295959595959596 0.047410889980339 0.202897571413837 0.389021620505355 0.0519204613685539 0.194092038758424 0.397827153160768 0.0572872760404732 0.183600215468698 0.408318976450494
0.202716346153846 0.0756003549036227 0.0539292934136108 0.351503398894082 0.0770413721968601 0.0511388849768565 0.354293807330836 0.0831034419062554 0.0393756192574 0.366057073050292
0.281915422885572 0.053289017404431 0.177256587911586 0.386574257859558 0.0569494458825801 0.170121082175229 0.393709763595915 0.0622508719804459 0.15977166272818 0.404059183042964
0.27275 0.048966289873441 0.176620306896373 0.368879693103627 0.052686063564949 0.169360801677685 0.376139198322315 0.0586453113553833 0.157715681725179 0.387784318274821
0.236802030456853 0.0586109135298737 0.121629744959595 0.351974315954111 0.0610829488900479 0.116819366060613 0.356784694853093 0.0668797584881415 0.105520418817458 0.368083642096248
0.287589743589744 0.0494310039196826 0.190546890130441 0.384632597049046 0.05360991933016 0.182390969146 0.392788518033488 0.0594495501302868 0.170978945554032 0.404200541625455
0.255735294117647 0.0570314788217252 0.143665201685199 0.367805386550095 0.0598622158499513 0.138156457888592 0.373314130346702 0.0661412295944112 0.125914871714471 0.385555716520823
0.192054455445545 0.0581248457974791 0.0778427984459132 0.306266112445176 0.0597643538235362 0.0746526335114607 0.309456277379628 0.0671964438912151 0.0601649721588012 0.323943938732288
0.231560975609756 0.0542928634703186 0.1248767721763 0.338245179043212 0.0567318084876434 0.120130236335739 0.342991714883773 0.0644529226370374 0.105073102817401 0.358048848402111
0.221979695431472 0.0539657000928703 0.115963433878181 0.327995956984764 0.0563156597581878 0.111387134973858 0.332572255889086 0.064703634505295 0.0950206726005641 0.34893871826238
0.201961722488038 0.0838334533242924 0.0369464882398906 0.366976956736186 0.0851534257133923 0.0343918260889252 0.369531618887151 0.0901743580950646 0.0246575938722324 0.379265851103844
0.339646464646465 0.0509658398128692 0.239597354686812 0.439695574606117 0.0564513762118243 0.22888766398769 0.45040526530524 0.0589106024908594 0.224081631230244 0.455211298062685
0.227487046632124 0.0694235361775481 0.0909463917303302 0.364027701533919 0.071459244906563 0.0869959228444722 0.367978170419776 0.0777108873580791 0.0748396688180834 0.380134424446165
0.164878048780488 0.069563038275823 0.0280909205556734 0.301665177005302 0.0706309978652007 0.0260177691917054 0.30373832836927 0.0768020821951832 0.0140176239034032 0.315738473657572
0.306027027027027 0.0809239633482791 0.146816822065935 0.46523723198812 0.0841579155059209 0.140545465142172 0.471508588911882 0.0867522356776843 0.135507452065978 0.476546601988076
0.225896320983154 0.0687250722616919 0.0907282950432412 0.361064346923067 0.0707516484546796 0.0867956281780916 0.364997013788217 0.0772694925829681 0.0741210826221973 0.377671559344111
0.303723958333333 0.0553163231039391 0.195087564006818 0.412360352659848 0.059577063693225 0.186780339721254 0.420667576945413 0.0640280181087387 0.178090644142809 0.429357272523857
0.280441176470588 0.0621272415642486 0.15832987863038 0.402552474310797 0.0652538994290033 0.152249025204656 0.408633327736521 0.0697326116739207 0.143524643627806 0.417357709313371
0.1843 0.0685562048421717 0.0494630945939841 0.319136905406016 0.0699098310136837 0.0468368811305552 0.321763118869445 0.0771425189008099 0.0327745373223943 0.335825462677606
0.209494949494949 0.0688091163720039 0.0741818466574262 0.344808052332473 0.0705255466816679 0.0708498756362589 0.34814002335364 0.0765188047203633 0.0591942023523385 0.35979569663756
0.253995098039216 0.056041518521882 0.143894196032264 0.364096000046168 0.0588763134516787 0.138374183425256 0.369616012653175 0.0649846203027558 0.126460015452563 0.381530180625869
0.273165137614679 0.0478270670031446 0.179259554668907 0.367070720560451 0.0513353977006436 0.17241522026532 0.373915054964038 0.056854839829436 0.161632817993213 0.384697457236145
0.300689655172414 0.0514981143852905 0.199569989739938 0.401809320604889 0.0557184380901554 0.191337358004083 0.410041952340745 0.0602885937020767 0.182410842554624 0.418968467790204
0.261492890995261 0.0584198429767806 0.146681039297044 0.376304742693477 0.0612179315468592 0.141237742975146 0.381748039015376 0.0668141466032811 0.130331866529369 0.392653915461152
0.25026455026455 0.0501709438754029 0.151767284707712 0.348761815821388 0.0534360470320128 0.145396116729637 0.355132983799463 0.0601434560602249 0.132290410143378 0.368238690385722
0.271741293532338 0.0513739731772872 0.170849119080793 0.372633467983884 0.0549008733984367 0.163972905929721 0.379509681134955 0.061200882900494 0.151670970525608 0.391811616539069
0.248529411764706 0.0517227149258814 0.146941740717683 0.350117082811729 0.0546410229974395 0.141254375273454 0.355804448255958 0.0615097007472239 0.127846090323575 0.369212733205836
0.174 0.0476336245991689 0.080452255620714 0.267547744379286 0.0491861294836666 0.0774266477005698 0.27057335229943 0.0583743886848241 0.0594865053480062 0.288513494651994
0.197673796791444 0.0658520695852111 0.0682094224184773 0.32713817116441 0.0675407140499615 0.0649288631531069 0.330418730429781 0.0737573065413253 0.0528301210870461 0.342517472495842
0.280975609756098 0.0537605375476328 0.175361206449012 0.386590013063183 0.0573056422822468 0.168455867595042 0.393495351917153 0.0633724699647549 0.156618024056818 0.405333195455377
0.246633663366337 0.0513710363819523 0.145747809043643 0.347519517689031 0.0542909392303662 0.140055607882558 0.353211718850115 0.0613538927478558 0.126264685015348 0.367002641717325
0.307768361581921 0.0519285722716673 0.205838053157798 0.409698670006043 0.056913957359035 0.196103519283674 0.419433203880168 0.0617048276393565 0.186738487373527 0.428798235790315
0.223798076923077 0.12065463827737 -0.0138639476946063 0.46146010154076 0.121905836082582 -0.0162799611935005 0.463876115039654 0.123971474508901 -0.0202718202754152 0.467867974121569
0.231231527093596 0.0685241884213593 0.0965133803076806 0.365949673879512 0.0705352152551965 0.0926063096917843 0.369856744495408 0.0750059164417105 0.0839078477485171 0.378555206438675
0.250911330049261 0.060373105382177 0.132286844780778 0.369535815317744 0.0629794939747166 0.127213691252672 0.37460896884585 0.0674002100570982 0.118597246785778 0.383225413312744
0.204144385026738 0.0493987100563312 0.107115882573131 0.301172887480345 0.0516795727041045 0.102671982744783 0.305616787308693 0.062454527554151 0.0816325682509409 0.326656201802535
0.231542553191489 0.0471623029206983 0.138978988440004 0.324106117942975 0.0501499702422589 0.133144696964713 0.329940409418266 0.0581711748051749 0.11746143712241 0.345623669260569
0.221846153846154 0.0599097042175415 0.104121858450316 0.339570449241992 0.0620759527606317 0.0999068517585942 0.343785455933714 0.0687688847531309 0.0868612103194721 0.356831097372836
0.246065989847716 0.0652551742931204 0.117796676060621 0.37433530363481 0.0676783476923876 0.113085966799013 0.379046012896418 0.0724115845600461 0.103870258049584 0.388261721645848
0.21366028708134 0.0623919222136606 0.0909862784634538 0.336334295699226 0.0642220834113478 0.0874315914225425 0.339888982740137 0.0705857176522302 0.0750471289652265 0.352273445197453
0.290174129353234 0.0942903871715233 0.104543962496985 0.475804296209483 0.0966799344068333 0.0999204843237706 0.480427774382697 0.0989552234787344 0.0955127788218822 0.484835479884586
0.230374331550802 0.0605159835693844 0.111465454210047 0.349283208891557 0.0629164185784763 0.106793797607127 0.353954865494477 0.0694624531699804 0.0940324401389557 0.366716222962649
0.246302083333333 0.0430245146119363 0.161893249167932 0.330710917498734 0.046592848340912 0.154916965765529 0.337687200901137 0.0559559375471936 0.136593056565781 0.356011110100885
0.241792929292929 0.123506329049731 -0.00152624953370512 0.485112108119564 0.124976880476739 -0.00436454420443749 0.487950402790296 0.127442057196318 -0.00912707511734145 0.4927129337032
0.298480662983425 0.0550120366948856 0.190464956009926 0.406496369956925 0.0593930617637374 0.181918237804898 0.415043088161952 0.0642009993398226 0.172527002044745 0.424434323922106
0.257395833333333 0.0786504830862302 0.102656003571886 0.41213566309478 0.0809701881766361 0.0981587651294315 0.416632901537235 0.0845524238266969 0.0912035373495819 0.423588129317085
0.238647342995169 0.0627694238793856 0.115249450677577 0.362045235312761 0.065026166974759 0.110863856961976 0.366430829028362 0.0703337941445813 0.100531447449793 0.376763238540545
0.283951219512195 0.0540094674102443 0.177869523886073 0.390032915138317 0.0576077448083537 0.170856715705373 0.397045723319017 0.0621912880439578 0.16191124385679 0.405991195167601
0.233762626262626 0.0581375257578899 0.119503387515099 0.348021865010154 0.0605580467465073 0.114795276700692 0.35272997582456 0.0677376034180636 0.100802484818986 0.366722767706266
0.2075 0.0514480930138184 0.106408374878309 0.308591625121691 0.0534414943946322 0.102528966858991 0.312471033141009 0.0622327590624828 0.0853820267107947 0.329617973289205
0.233193717277487 0.055116462706515 0.124939351692825 0.341448082862149 0.0577217542531186 0.119862654456013 0.346524780098961 0.0650544844796058 0.105550700351946 0.360836734203028
0.260343137254902 0.149873419557962 -0.0349907697680895 0.555677044277893 0.151316796410104 -0.0377744353682591 0.558460709878063 0.152498447477431 -0.0400546232195031 0.560740897729307
0.177941176470588 0.147287189482217 -0.112255871466079 0.468138224407255 0.148220804345229 -0.114056999013777 0.469939351954954 0.150353275725015 -0.11817363273969 0.474055985680866
0.170102564102564 0.071175576282144 0.0300938698184635 0.310111258386665 0.0723477443238479 0.027820823661196 0.312384304543932 0.0795827889895653 0.0137608413115491 0.326444286893579
0.263994974874372 0.0463626816736584 0.173005450753434 0.35498449899531 0.0500470064039708 0.165809008091019 0.362180941657725 0.0564928818334316 0.153204492284457 0.374785457464286
0.303478260869565 0.0526110131483475 0.20016981217057 0.40678670956856 0.0567465787361388 0.19210347276801 0.41485304897112 0.0597275233272208 0.186282822274481 0.42067369946465
0.326445497630332 0.0494105885611781 0.229435791772593 0.423455203488071 0.0543373828069372 0.219820884568079 0.433070110692584 0.0578600196880723 0.212938190273756 0.439952804986908
0.218913717523789 0.0579872373473691 0.104965791043543 0.332861644004035 0.0602408042423795 0.100580863305321 0.337246571742258 0.0682166777864278 0.0850304926006049 0.352796942446973
0.239925 0.0800287315711328 0.0824316943798673 0.397418305620133 0.0819654256493823 0.0786803550262347 0.401169644973765 0.0865098282097729 0.0698628287356575 0.409987171264342
0.259473684210526 0.0506117797577183 0.160103999020354 0.358843369400698 0.0540650724386448 0.153366699227841 0.365580669193212 0.0612607338865407 0.139307711893426 0.379639656527627
0.249296116504854 0.0581778015837823 0.134964002967882 0.363628230041826 0.060804067105135 0.129854658756728 0.368737574252981 0.0660223242070462 0.119685777357432 0.378906455652276
0.231061320754717 0.0502529802379085 0.132352300602359 0.329770340907075 0.0527660497375384 0.127456123285028 0.334666518224406 0.0608155367626188 0.111743898552571 0.350378742956863
0.271497175141243 0.0491021878952241 0.175128932315625 0.367865417966861 0.053233580791873 0.167059507798418 0.375934842484068 0.0609247340371813 0.15201903186096 0.390975318421525
0.283523316062176 0.0537529793719425 0.177969633459363 0.389076998664989 0.0575687082161038 0.170528164978489 0.396518467145863 0.0629614379282001 0.159996955912227 0.407049676212126
0.20908085833459 0.0851087974082023 0.0415553113090896 0.37660640536009 0.0865490428669212 0.0387677897987473 0.379393926870432 0.0915590699882086 0.0290544119800484 0.389107304689131
0.292526315789474 0.0560268476031394 0.182488125767218 0.402564505811729 0.0599910250947078 0.174760771716162 0.410291859862786 0.0647056581959522 0.165557944218811 0.419494687360136
0.227430939226519 0.0662633516569015 0.0971922149093733 0.357669663543665 0.0685047919325603 0.0928338489673299 0.362028029485709 0.0746858286337146 0.0807947961705323 0.374067082282506
0.192371134020619 0.0619058789756731 0.0706506885004921 0.314091579540745 0.063539258425115 0.0674785306976933 0.317263737343544 0.0717206254008457 0.0515526688197502 0.333189599221487
0.286363636363636 0.054068060270568 0.180133960286579 0.392593312440694 0.0573260185044772 0.173790159345748 0.398937113381525 0.0617680812092043 0.165127400416283 0.40759987231099
0.32542328042328 0.0580264473807128 0.211450973202121 0.43939558764444 0.0627520620706548 0.202239822269687 0.448606738576874 0.065888690308191 0.196118280599816 0.454728280246745
0.221559405940594 0.0813361456596816 0.0614652010811543 0.381653610800034 0.0829797830722427 0.0582834488525655 0.384835363028623 0.0880204833585296 0.0485078357312287 0.394610976149959
0.203977272727273 0.0603540853747708 0.0854010542368895 0.322553491217656 0.0623849729533347 0.0814475424336874 0.326507003020858 0.0703794791462145 0.0658568779890485 0.342097667465497
0.340273224043716 0.0672558285313838 0.208072202111371 0.47247424597606 0.0719230451096382 0.198994483123296 0.481551964964136 0.074260842410975 0.194441121787867 0.486105326299564
0.251906297657441 0.0818785298424328 0.0907811437275975 0.413031451587285 0.0839437041522987 0.0867802294491193 0.417032365865764 0.0871412507527527 0.0805770138880646 0.423235581426818
0.251081081081081 0.0775753544376674 0.0984556052747768 0.403706556887385 0.0799010123336051 0.0939468560086704 0.408215306153492 0.0848392358889374 0.0843558810710789 0.417806281091083
0.238268292682927 0.0636448461376721 0.113139838851291 0.363396746514563 0.065890436521425 0.108776919405973 0.367759665959881 0.0715746020731151 0.0977129705429024 0.378823614822951
0.259521531100478 0.0447823331522709 0.171620650510606 0.347422411690351 0.0482947379961706 0.16476267525786 0.354280386943097 0.0553924452472804 0.150886161685549 0.368156900515408
0.292642487046632 0.0678120482248743 0.15933684388064 0.425948130212624 0.0711245271459718 0.152897533805628 0.432387440287637 0.0745073348497802 0.146312162500618 0.438972811592646
0.25015306122449 0.0571926511222619 0.137776676741878 0.362529445707101 0.0600071577216733 0.132298142918444 0.368007979530535 0.066914292641854 0.118828296573063 0.381477825875916
0.235416666666667 0.0525362304310243 0.132230319976196 0.338603013357137 0.0549916099530909 0.127445747807603 0.343387585525731 0.0614188324783784 0.114902145631984 0.35593118770135
0.282570754716981 0.0500071080517785 0.184386755451468 0.380754753982494 0.0536992482186683 0.177183422276249 0.387958087157714 0.0577021297988824 0.169364871808024 0.395776637625938
0.276813725490196 0.0509382090697076 0.176803517142433 0.37682393383796 0.0545622273321253 0.169732891074098 0.383894559906295 0.0596866749123351 0.159722449359616 0.393905001620776
0.222905759162304 0.0489524849628895 0.126794856394869 0.319016661929738 0.0516052545890898 0.12161984549162 0.324191672832987 0.0602768524111059 0.104676577942444 0.341134940382164
0.160997732426304 0.11032166273878 -0.05630591900131 0.378301383853918 0.111197928996786 -0.0579979444147679 0.379993409267376 0.115428700055325 -0.0661780258038436 0.388173490656451
0.30440414507772 0.0460134502948722 0.214108029869082 0.394700260286358 0.0510121828990924 0.204340374476166 0.404467915679275 0.0556632579035115 0.195243272945808 0.413565017209632
0.209041450777202 0.055936880934412 0.099144076330176 0.318938825224228 0.0580122500740468 0.0951037419834226 0.322979159570982 0.0655730641500654 0.0803574661796882 0.337725435374716
0.179740566037736 0.054860866569867 0.0719565826436166 0.287524549431855 0.056311043789528 0.0691338171303949 0.290347314945077 0.0638719483834903 0.0543901204443213 0.30509101163115
0.228829787234043 0.0472228443543096 0.136138194452562 0.321521380015523 0.0501428261190785 0.130437658491885 0.327221915976201 0.0592349388708657 0.112662330655939 0.344997243812146
0.281932989690722 0.050305424634179 0.183165088476287 0.380700890905156 0.0542885862555987 0.175393257429324 0.388472721952119 0.0609171315357924 0.162441349064956 0.401424630316488
0.259653465346535 0.058855019030118 0.144003878899368 0.375303051793701 0.0617145549881259 0.138438654018624 0.380868276674445 0.0662536282088447 0.129591531394699 0.38971539929837
0.320481651376147 0.0547576748215699 0.212899716971362 0.428063585780932 0.0589754859499025 0.204684747903977 0.436278554848316 0.0624749638555756 0.197858844948375 0.443104457803919
0.321325 0.0456810804579866 0.231677984791412 0.410972015208588 0.0510659180550888 0.221156254763243 0.421493745236757 0.0553877117401418 0.212703312019862 0.429946687980138
0.294296875 0.0622859719242653 0.171898293480188 0.416695456519812 0.0659072226112944 0.164850865088979 0.423742884911021 0.0699364278437 0.156997932273742 0.431595817726258
0.268874345549738 0.0540337583709368 0.162751170294925 0.374997520804552 0.0575061839183921 0.155982739549298 0.381765951550178 0.0637997110923758 0.143696327611628 0.394052363487849
0.277305555555556 0.0539472560138121 0.171372455051521 0.38323865605959 0.057848102542529 0.163764502918887 0.390846608192224 0.0639815580050464 0.151785173227846 0.402825937883265
0.22997641509434 0.0505488984452099 0.130673826914777 0.329279003273902 0.0530283806792137 0.125844795293543 0.334108034895137 0.060434058874958 0.111394237430141 0.348558592758538
0.240331753554502 0.0564786448588745 0.129337716663709 0.351325790445295 0.0589365891982425 0.124556084896889 0.356107422212116 0.0654329817980021 0.111894100955548 0.368769406153457
0.266872037914692 0.0522108399447797 0.164311665162575 0.369432410666809 0.0554189561153663 0.158061474991107 0.375682600838277 0.0617313401579282 0.145742430844055 0.388001644985329
0.219086538461538 0.0555913634209489 0.109847963625366 0.328325113297711 0.0577125527188085 0.105720510480717 0.33245256644236 0.0651788624233764 0.091163866451412 0.347009210471665
0.261892655367232 0.0530881769069911 0.157666449999469 0.366118860734994 0.0566934372859706 0.150631684348469 0.373153626385994 0.063540465608844 0.13725348257525 0.386531828159213
0.235098522167488 0.0589454217938548 0.119274007694621 0.350923036640354 0.0613006968186637 0.11469040731783 0.355506637017146 0.0674254939091048 0.102751008146259 0.367446036188716
0.247769230769231 0.0543287606088286 0.141057182751917 0.354481278786545 0.0572306438160855 0.135402863897045 0.360135597641417 0.0638641199010904 0.122456629207645 0.373081832330816
0.235105877646941 0.112035906324216 0.0144268504371118 0.455784904856771 0.113501923836858 0.0115955643740692 0.458616190919813 0.116235991338366 0.00630970958559054 0.463902045708292
0.233888888888889 0.0553082010941082 0.125219279765682 0.342558498012096 0.0577284683747292 0.120507990024392 0.347269787753386 0.0646362398775401 0.107036761822429 0.360741015955349
0.278724489795918 0.0561863013605369 0.168356127893497 0.38909285169834 0.0596900569790462 0.161529689052198 0.395919290539639 0.064840048809419 0.15148091432196 0.405968065269877
0.253592964824121 0.0560354349547114 0.143478436588863 0.363707493059378 0.0589208607785503 0.137863367386153 0.369322562262088 0.0654680682509683 0.125098101604129 0.382087828044112
0.216186868686869 0.0418588994268168 0.134042614243569 0.298331123130168 0.0446338055467307 0.128621843438483 0.303751893935254 0.055161352317369 0.108027930278622 0.324345807095115
0.282560975609756 0.0510349223873909 0.182335996666804 0.382785954552708 0.0547832623694675 0.175027457935259 0.390094493284253 0.0604327899595237 0.163995528164147 0.401126423055365
0.252910447761194 0.0473946302528878 0.159868746996371 0.345952148526017 0.0506968779150234 0.15342393787194 0.352396957650448 0.0580621713540482 0.13902920879687 0.366791686725519
0.27746192893401 0.0529563420579835 0.173462384023671 0.381461473844349 0.0565970366167969 0.166364267556683 0.388559590311337 0.0622368855144442 0.155352459505268 0.399571398362752
0.265601851851852 0.0615502355634015 0.144612028723907 0.386591674979797 0.0642422171994709 0.139378594498648 0.391825109205056 0.0684152276073099 0.131253261175255 0.399950442528449
0.267824074074074 0.048188417140234 0.17321596809858 0.362432180049569 0.0515735176241992 0.166610928085391 0.369037220062757 0.0572959620120495 0.155430621492726 0.380217526655422
0.273826815642458 0.0585667852955504 0.158762654027208 0.388890977257708 0.0621358032504013 0.151812399642045 0.395841231642871 0.0675995511741613 0.141155236040734 0.406498395244182
0.240273631840796 0.0527003778712726 0.136756587024225 0.343790676657368 0.0554323975329858 0.131433827613439 0.349113436068153 0.0626401671393201 0.117366601056584 0.363180662625008
0.202421052631579 0.0581402654892736 0.0881912102650358 0.316650894998122 0.0600588625366399 0.0844566111899868 0.320385494073171 0.0675318874011801 0.0698844052537928 0.334957700009365
0.210507614213198 0.0993202235105507 0.0149299435600362 0.40608528486636 0.100662289766974 0.0123358098615529 0.408679418564843 0.10464129745191 0.00463391312669217 0.416381315299704
0.291693989071038 0.0644481014330872 0.165031567823842 0.418356410318235 0.0680703688381843 0.157984628329043 0.425403349813033 0.072314167346349 0.149715814132369 0.433672164009708
0.197810810810811 0.0571236539106516 0.0855806572164559 0.310040964405166 0.0590389747007274 0.0818521891733158 0.313769432448306 0.0678774957394247 0.0646127141985141 0.331008907423108
0.330099502487562 0.0625959956288215 0.207047702565631 0.453151302409494 0.0668870053604632 0.198703682755835 0.461495322219289 0.0694770261870123 0.193659703048966 0.466539301926159
0.234756097560976 0.054992317811517 0.126720703033705 0.342791492088246 0.0574633707014761 0.121908795501103 0.347603399620848 0.0644725948451344 0.108235654916514 0.361276540205437
0.296925 0.0560997508705582 0.186702947263314 0.407147052736686 0.0599822071346053 0.179142443244649 0.414707556755351 0.0646093321257749 0.170117408927098 0.423732591072902
0.218970588235294 0.0611043115691821 0.098864325286501 0.339076851184087 0.0630968457186907 0.0949907086040154 0.342950467866573 0.0696637915416575 0.082200182494878 0.35574099397571
0.301809045226131 0.0677844300262181 0.168515065267937 0.435103025184325 0.0711988884269282 0.161883238835084 0.441734851617177 0.0746312764226841 0.155205896802733 0.448412193649528
0.293946078431373 0.0518930584926501 0.192049096179508 0.395843060683237 0.0558895951859292 0.184253704928151 0.403638451934595 0.0599378008042638 0.176347942128391 0.411544214734354
0.225 0.0629821803227989 0.101147396940106 0.348852603059894 0.0649554921644978 0.0973161432374025 0.352683856762598 0.0716820898334382 0.0842280856423902 0.36577191435761
0.151194029850746 0.0969073826544589 -0.0396254687269036 0.342013528428396 0.097699302917351 -0.041156142612582 0.343544202314075 0.102812189861126 -0.051054149621174 0.353442209322667
0.27919512195122 0.0463862111271034 0.188143975144165 0.370246268758274 0.0503693439715199 0.180366967579085 0.378023276323354 0.0548325381309685 0.171643139413145 0.386747104489294
0.26634328358209 0.0623477329712739 0.143803589528345 0.388882977635834 0.0652158620499306 0.138225256700657 0.394461310463522 0.0699944922398505 0.128916275028275 0.403770292135904
0.290024752475248 0.0469592643001884 0.197862858736123 0.382186646214372 0.0512508720118143 0.189479981493192 0.390569523457303 0.0560492769298712 0.180097648977192 0.399951855973303
0.1942 0.0544154911619105 0.0872935781162127 0.301106421883787 0.056202986383216 0.0838136912458324 0.304586308754168 0.0648750004114987 0.0668976125402918 0.321502387459708
0.251061320754717 0.0468663864622126 0.159064626422074 0.34305801508736 0.0499891359156181 0.152968867915082 0.349153773594352 0.0563672585965689 0.140502965332022 0.361619676177412
0.274275 0.0429544172326781 0.189989927495097 0.358560072504903 0.0471716820221518 0.181747770954715 0.366802229045285 0.0547900831337113 0.166842202768747 0.381707797231253
0.213862559241706 0.0725615494048134 0.071120975872132 0.35660414261128 0.0741695903359427 0.0680027425016901 0.359722375981722 0.0794035194258706 0.0578354114024581 0.369889707080954
0.292707182320442 0.0518049824034057 0.191010945731484 0.3944034189094 0.0562546588842407 0.182324911818785 0.403089452822099 0.0615412913421189 0.17199289965436 0.413421464986524
0.26615 0.0620186199548614 0.14424054887448 0.38805945112552 0.064912762390038 0.138613703872511 0.393686296127489 0.0698262967735332 0.129044374255714 0.403255625744286
0.329454976303318 0.0631343400875538 0.205352681345384 0.453557271261251 0.0671810569869983 0.197482880476022 0.461427072130613 0.0693366275699461 0.193285198627369 0.465624753979266
0.214779411764706 0.0590504322216328 0.0987229164192669 0.330835907110145 0.0610284553995125 0.0948762554846306 0.334682568044781 0.067868838430285 0.0815485551077933 0.348010268421619
0.282485875706215 0.0831534955505088 0.118864786136199 0.44610696527623 0.0860025388139132 0.113342879348004 0.451628872064425 0.0896708149312333 0.106221896890803 0.458749854521626
0.248190954773869 0.0541018669510561 0.141950718286444 0.354431191261295 0.0569623220393095 0.1363733939257 0.360008515622038 0.0626875500641217 0.125195534366721 0.371186375181018
0.115726726586877 0.0924893842135786 -0.0663576728061146 0.297811125979868 0.0929981728019928 -0.0673416066521723 0.298795059825925 0.0973792697414204 -0.0758253203510434 0.307278773524797
0.321986301369863 0.0673330200013573 0.189555627491564 0.454416975248162 0.0708705442986665 0.18268801356166 0.461284589178066 0.0736011632612051 0.177378543685314 0.466594059054412
0.19155612244898 0.0747961094741416 0.044408039201224 0.338704205696735 0.0761828903361594 0.0417196482116655 0.341392596686294 0.0825940874910268 0.0292664162886913 0.353845828609268
0.332879581151832 0.0424272505441965 0.249672774490841 0.416086387812824 0.0488178478548162 0.237164937595678 0.428594224707987 0.0509558626482917 0.232978539874764 0.432780622428901
0.268192488262911 0.0638123548041699 0.142710878478536 0.393674098047285 0.0665101845761059 0.137471501933624 0.398913474592198 0.0708158965876788 0.129094984852468 0.407289991673354
0.200273631840796 0.0557940166570377 0.0906465433872026 0.309900720294389 0.0576396614111546 0.0870545977967386 0.313492665884853 0.0652232894850455 0.0722677467369482 0.328279516944644
0.280082872928177 0.0531218668660822 0.175785075071214 0.38438067078514 0.0571277532441007 0.167969184083678 0.392196561772675 0.0627440528803482 0.156997124691594 0.403168621164759
0.287738693467337 0.0585909591809416 0.172630674022649 0.402846712912025 0.0621082172381121 0.165780704499699 0.409696682434974 0.0660971741256084 0.158001428099874 0.417475958834799
0.263455497382199 0.0506840305505158 0.163949905468107 0.362961089296291 0.0542149120143935 0.15706005625833 0.369850938506067 0.0601392232482078 0.145485069408692 0.381425925355706
0.263119047619048 0.0419492605167775 0.180814201567546 0.34542389367055 0.0457476746224404 0.173389114478736 0.352848980759359 0.0532938045737461 0.158623289730518 0.367614805507577
0.253165829145729 0.0535085037209416 0.148094476037626 0.358237182253831 0.056507841546766 0.1422456174159 0.364086040875557 0.0619927267555092 0.131535988537913 0.374795669753545
0.214170854271357 0.0595568990966701 0.0971221180949476 0.331219590447766 0.0615576323828215 0.0932309871568334 0.33511072138588 0.068916368310167 0.0788913847485541 0.349450323794159
0.312729591836735 0.0490241650601032 0.216500965349874 0.408958218323596 0.0539291085405919 0.206923086785716 0.418536096887754 0.0581471897362302 0.198677539057645 0.426781644615825
0.25617816091954 0.0874678693367771 0.0840559893250047 0.428300332514076 0.0897947379639319 0.0795477937839994 0.432808528055081 0.0939182315927713 0.0715463547180461 0.440809967121034
0.34758883248731 0.0764021979784695 0.197279147547918 0.497898517426701 0.0804588740138176 0.189409641134498 0.505768023840121 0.0816719627350924 0.187053302314499 0.50812436266012
0.267692307692308 0.0487877670722428 0.171914176981498 0.363470438403117 0.0522553528909393 0.165146897714349 0.370237717670267 0.0586479596137092 0.152654767355039 0.382729848029576
0.22654028436019 0.0526361395396156 0.123127827469848 0.329952741250531 0.0549722072646237 0.118579533793665 0.334501034926714 0.0626154372940417 0.103669422055508 0.349411146664871
0.257814070351759 0.0529779019476209 0.153784722275225 0.361843418428293 0.0561107114427384 0.147675394430686 0.367952746272831 0.0619950718372869 0.136184648069943 0.379443492633575
0.182593582887701 0.0602160850786719 0.0642857928819349 0.300901372893466 0.0617768571164632 0.0612479633461211 0.30393920242928 0.0695898081021709 0.0460146833376632 0.319172482437738
0.229408866995074 0.0500371349971051 0.131161901593972 0.327655832396176 0.0526269409229092 0.126110747114355 0.332706986875793 0.0599328976068853 0.111840226663672 0.346977507326476
0.109655172413793 0.201468728509908 -0.28747564439655 0.506785989224136 0.202089950919645 -0.288672292452627 0.507982637280213 0.203650111593283 -0.291678731252352 0.510989076079938
0.32089552238806 0.046302728102973 0.230020992093328 0.411770052682791 0.0515871056181681 0.219697861755106 0.422093183021013 0.055662225292492 0.211728898754204 0.430062146021916
0.16046875 0.0614260340650863 0.0397205759630547 0.281216924036945 0.0626163527994678 0.0374075489731009 0.283529951026899 0.0710060828808004 0.021069619097254 0.299867880902746
0.297589743589744 0.0521049131931479 0.195280130048476 0.399899357131012 0.0563614002860801 0.186976648522774 0.408202838656714 0.0610779913559213 0.17776378719339 0.417415699986097
0.313732057416268 0.0538947345521226 0.207871869604902 0.419592245227634 0.0581703099955609 0.199538759126588 0.427925355705948 0.0621288509038553 0.191812760167735 0.435651354664801
0.19655612244898 0.0687229531904371 0.0614210809316147 0.331691163966344 0.0702668052405524 0.0584237025997063 0.334688542298253 0.0765033237333839 0.0462933914879334 0.346818853410026
0.238397129186603 0.182282363080532 -0.120876518979308 0.597670777352514 0.183438363001437 -0.123104265763985 0.599898524137191 0.184128409128389 -0.124434523226613 0.601228781599819
0.241237113402062 0.0538251394061455 0.135538929673815 0.346935297130309 0.0566164897478311 0.130096591927209 0.352377634876915 0.0629564181340547 0.117718145039504 0.364756081764619
0.226314432989691 0.0547406019043856 0.118796645366907 0.333832220612474 0.0571802265288742 0.114043113678646 0.338585752300736 0.0641722770180805 0.100397587849257 0.352231278130125
0.166881188118812 0.0753411707167952 0.0186752859315204 0.315087090306103 0.0763917012833949 0.0166383538731606 0.317124022364463 0.0822936718670518 0.00517468447880629 0.328587691758818
0.285252553849058 0.114246407493728 0.0602069025565436 0.510298205141571 0.116142853347414 0.0565445752628046 0.51396053243531 0.117647654831673 0.0536360752264876 0.516869032471627
0.300710526315789 0.0511195972674284 0.200361576552227 0.401059476079352 0.0556420391668108 0.191532922111143 0.409888130520436 0.0595611710469622 0.183873977786704 0.417547074844875
0.246033653846154 0.0502948901886896 0.147265679636534 0.344801628055773 0.0531733149928073 0.141653625048575 0.350413682643732 0.0600341781328064 0.128256157614736 0.363811150077571
0.270447368421053 0.0589239980618562 0.154691620515617 0.386203116326488 0.0621943121144398 0.148321940392378 0.392572796449727 0.0667263765081303 0.139482487916033 0.401412248926073
0.162748691099476 0.0828351956584833 -0.000229443116817912 0.325726825315771 0.0838365627671257 -0.00216988160262704 0.32766726380158 0.0892407429094824 -0.0126586184822944 0.338156000681247
0.261545454545455 0.0535961563950471 0.156250163247248 0.366840745843661 0.0564937272490419 0.150607468915122 0.372483440175787 0.0623302283948756 0.139222465578195 0.383868443512714
0.259951219512195 0.0521145227116105 0.157567657516022 0.362334781508368 0.0552604328807891 0.151440741403136 0.368461697621254 0.0615184217456077 0.139230994964607 0.380671444059783
0.241123853211009 0.0482239201709047 0.146427791042651 0.335819915379368 0.0509718894990378 0.141069330908688 0.34117837551333 0.0580610523874698 0.127223868036984 0.355023838385034
0.281443298969072 0.0572844888118571 0.168906532996575 0.393980064941569 0.060828934850241 0.162002708683295 0.400883889254849 0.0653134068093363 0.153255288289895 0.40963130964825
0.20397619047619 0.0692271911205906 0.067805218866503 0.340147162085878 0.0707663469576817 0.0648198297794164 0.343132551172965 0.0765671974521763 0.0535468577817551 0.354405523170626
0.224292682926829 0.102454983513217 0.0225411744952438 0.426044191358415 0.103859895183691 0.0198255892322643 0.428759776621394 0.107121042551601 0.0135144790287537 0.435070886824905
0.190868421052632 0.0959150228832403 0.00204497670469811 0.379691865400565 0.0971198817792938 -0.000285697310488053 0.382022539415751 0.101552846951191 -0.00887308521642741 0.390609927321691
0.274845360824742 0.0558106608268098 0.165209944947269 0.384480776702215 0.0592782915023052 0.158454726445721 0.391235995203763 0.0650434561746352 0.147205681961855 0.402485039687629
0.297908163265306 0.0658874673256042 0.168364532707419 0.427451793823193 0.0693520952778565 0.161632125744679 0.434184200785933 0.0734443180414645 0.153666724829 0.442149601701613
0.22419689119171 0.0515558780115193 0.122949127912236 0.325444654471183 0.0540945245556417 0.118000401468201 0.330393380915218 0.0616912022637576 0.10316768163009 0.345226100753329
0.279414312944031 0.0588561624668231 0.163803869559246 0.395024756328815 0.0626463634758402 0.156418764970367 0.402409860917694 0.0685262202465722 0.144944310459164 0.413884315428897
0.294203296703297 0.0490164564428968 0.197994850882785 0.390411742523808 0.0537079065330884 0.188832908994397 0.399573684412196 0.060129825540697 0.176276332524173 0.41213026088242
0.202051282051282 0.056083383581767 0.0918559588873761 0.312246605215188 0.0580078672530762 0.0881104842386689 0.315992079863895 0.0665295680105409 0.0714918386003892 0.332610725502175
0.22258883248731 0.0626097408489683 0.0994963485320813 0.345681316442538 0.0646955190596935 0.0954439749404337 0.349733690034186 0.0719112414385532 0.0813951505912517 0.363782514383368
0.192373737373737 0.0701097622315072 0.0545248220323926 0.330222652715082 0.0715542920583042 0.0517195902282263 0.333027884519248 0.0769972683300649 0.0411328022385973 0.343614672508877
0.300023474178404 0.0506447407490547 0.200568611330503 0.399478337026304 0.0547195142493977 0.192622263854799 0.407424684502009 0.0594553661620519 0.183373923329021 0.416673025027787
0.276756097560976 0.0475753784142818 0.183357941503232 0.370154253618719 0.0514072220634188 0.175879263104748 0.377632932017203 0.0578949037097075 0.163199827077803 0.390312368044148
0.231709844559585 0.053234751629035 0.127162481459461 0.33625720765971 0.055861080952031 0.122043169900919 0.341376519218252 0.0633655133558633 0.107391814789705 0.356027874329466
0.267403314917127 0.0499808523322946 0.169278834448554 0.3655277953857 0.0538544064688784 0.161719728725471 0.373086901108783 0.061592474455909 0.146596832329241 0.388209797505013
0.171834170854271 0.0762398535134407 0.0218111173253693 0.321857224383173 0.0773579854918262 0.0196452036764607 0.324023138032082 0.0839144431010632 0.0069187019674527 0.33674963974109
0.218694581280788 0.0637082474657351 0.0934457669193721 0.343943395642204 0.0656382387096091 0.0896959682871614 0.347693194274415 0.0718144631261196 0.077673772331485 0.359715390230091
0.215890052356021 0.0468421199604526 0.12395187562546 0.307828229086582 0.0494335634638499 0.118892057879473 0.312888046832569 0.0581249770695598 0.101899566605344 0.329880538106698
0.25102380952381 0.0547448089759741 0.143459794635845 0.358587824411774 0.0574984189686114 0.138099355343469 0.36394826370415 0.063447489272124 0.126498227187034 0.375549391860585
0.283901869158878 0.0423830835582661 0.20074422982774 0.367059508490017 0.0466522817069794 0.19239887336203 0.375404864955727 0.0522587372297799 0.181429538069517 0.38637420024824
0.256899038461538 0.0553244682482681 0.148195442036132 0.365602634886945 0.0582013281835902 0.142595043300245 0.371203033622832 0.0644108210196969 0.130485477029802 0.383312599893275
0.224518820517683 0.0574710940710708 0.11158955642032 0.337448084615045 0.059587465354108 0.107471240919264 0.341566400116101 0.0652937509064611 0.0963492313588445 0.352688409676521
0.253435897435897 0.0529544621985672 0.149421949831674 0.357449845040121 0.0560540033830466 0.143382358762481 0.363489436109314 0.0630414931236231 0.129743563991438 0.377128230880357
0.26042328042328 0.0587950952479635 0.144919502602115 0.375927058244446 0.0618617421712141 0.138946925109718 0.381899635736843 0.0675915576062564 0.127770363930192 0.393076196916369
0.263968609865471 0.0481992480076944 0.169349349127969 0.358587870602973 0.0513897396630444 0.163122465910123 0.364814753820818 0.0569070588127906 0.152341466633158 0.375595753097784
0.260718085106383 0.0522887604112352 0.158052753704533 0.363383416508233 0.0557084838982317 0.151381647689802 0.370054522522964 0.0616833485483885 0.139710632060481 0.381725538152285
0.242598039215686 0.0559695405111521 0.132642513317517 0.352553565113856 0.0585706208608774 0.127577347752341 0.357618730679032 0.0650758503920942 0.114888228405858 0.370307850025515
0.178298825357649 0.175342317639175 -0.167304652448764 0.523902303164062 0.176126041086773 -0.1688147676919 0.525412418407198 0.177275457430047 -0.171030352887471 0.527628003602768
0.271438679245283 0.0556852158559967 0.162013003235795 0.380864355254771 0.0588035390600001 0.155944250100267 0.3869331083903 0.0643751868445127 0.14508159714191 0.397795761348656
0.216123348017621 0.0530556467049087 0.111848830564272 0.32039786547097 0.0550357487584805 0.107997910904944 0.324248785130298 0.0627883285132173 0.0928873411991842 0.339359354836058
0.269510869565217 0.0554281936808506 0.160692821645174 0.37832891748526 0.0589549485014003 0.153811104988026 0.385210634142409 0.0632745240001183 0.145373637659514 0.393648101470921
0.237043010752688 0.0550064937193638 0.129001675784839 0.345084345720537 0.0577697876450461 0.123617325214907 0.350468696290469 0.0646707258468629 0.110148967773669 0.363937053731708
0.326517412935323 0.0517937463899943 0.224833377626805 0.428201448243842 0.0567445071615279 0.215170894285486 0.437863931585161 0.05949723999656 0.209792792208709 0.443242033661938
0.237365853658537 0.12227079345233 -0.00350859627717268 0.478240303594246 0.123657176479661 -0.00618474890376516 0.480916456220838 0.126118492749568 -0.0109402847503011 0.485671992067374
0.147621359223301 0.0749845339537591 9.24794781690941e-05 0.295150238968433 0.0758277775556385 -0.00154162050196563 0.296784338948568 0.0822700842730455 -0.0140499938663808 0.309292712312983
0.285858585858586 0.0479153722174954 0.191810003259126 0.379907168458046 0.0520978592965871 0.183642757388214 0.388074414328958 0.0576831060512488 0.172723780979644 0.398993390737528
0.222146739130435 0.0605853355465426 0.103082279458544 0.341211198802325 0.0628641505794055 0.098649476698947 0.345644001561923 0.0699909195248415 0.0847601445891104 0.359533333671759
0.285047169811321 0.0586663038280493 0.169761765529758 0.400332574092883 0.061931734499507 0.163406997354786 0.406687342267855 0.0656495206573227 0.156161471661111 0.41393286796153
0.270932642487047 0.0537735228528549 0.165338020437106 0.376527264536988 0.0572731434951822 0.158513505142154 0.383351779831939 0.0628958876471515 0.147533805028587 0.394331479945506
0.282240566037736 0.0512158887081418 0.181670047209288 0.382811084866183 0.0548236628664655 0.17463395971137 0.389847172364101 0.0590062318885121 0.166466841105448 0.398014290970024
0.211330049261084 0.0762443022679835 0.0613223700995264 0.361337728422641 0.0778179717147162 0.0582721734318985 0.364387925090269 0.0830860313827231 0.0480432045962158 0.374616893925952
0.2714 0.0741905006261976 0.125448554401354 0.417351445598646 0.0767710012515522 0.120443808629301 0.422356191370699 0.0811562713729865 0.111923976661905 0.430876023338095
0.211517084722826 0.0893250185554306 0.0356579831836695 0.387376186261983 0.090693132059293 0.0330117294267439 0.390022440018909 0.0949476707414747 0.0247698213411742 0.398264348104479
0.220759162303665 0.0564490820337265 0.109878614408414 0.331639710198916 0.0587499459729881 0.105396449019318 0.336121875588011 0.0660629070952154 0.0911271805330779 0.350391144074252
0.280494791666667 0.0511077045631277 0.180152545918069 0.380837037415265 0.0550358610009965 0.172488020408989 0.388501562924344 0.0601743734707901 0.162449290575158 0.398540292758176
0.180513513513514 0.0646258472339439 0.0534625127222056 0.307564514304821 0.0660942274773072 0.0506098362734937 0.310417190753533 0.0741500421771519 0.0349264358539174 0.32610059117311
0.248844221105528 0.0575570730027403 0.135757686435323 0.361930755775733 0.0602863540802837 0.130444402287936 0.367244039923119 0.0661878052908832 0.118936706702939 0.378751735508116
0.319106280193237 0.0418560063837777 0.23700512340173 0.401207436984744 0.0474011870208993 0.226156996272418 0.412055564114055 0.0518991945682694 0.217351703946863 0.420860856439611
0.209194312796209 0.0595590347299061 0.0921231133378342 0.326265512254583 0.06136892042533 0.0886049017027296 0.329783723889687 0.0682904730706227 0.0751237314959446 0.343264894096472
0.280558510638298 0.050284987292094 0.181831018560147 0.379286002716449 0.054354088654469 0.173891332616901 0.387225688659694 0.060915861123862 0.161069669404357 0.400047351872238
0.292404761904762 0.065647369283491 0.163314006373654 0.42149551743587 0.068787051125608 0.157216031355496 0.427593492454028 0.072922453398835 0.14917018318282 0.435639340626704
0.224019607843137 0.0594008516216263 0.107268789675031 0.340770426011243 0.0615312190821595 0.103126284247168 0.344912931439107 0.068313123907859 0.089913422305271 0.358125793381003
0.210529953917051 0.0519111399205181 0.108539304219118 0.312520603614983 0.0539144932129522 0.104639367377349 0.316420540456752 0.0620288092604852 0.0888113049890761 0.332248602845025
0.139793577981651 0.161929025627633 -0.179311185839529 0.458898341802832 0.162551766298771 -0.180511792320292 0.460098948283595 0.163896870536165 -0.183106111997311 0.462693267960614
0.303258706467662 0.0487670321645701 0.207533481534079 0.398983931401244 0.0533064968237439 0.198669993039002 0.407847419896321 0.0573801543407304 0.190707578516957 0.415809834418366
0.288165829145729 0.0910140762257873 0.109012343153335 0.467319315138123 0.093463749743481 0.104270282590218 0.472061375701239 0.0952937027670668 0.10072395112385 0.475607707167607
0.333472222222222 0.0533709025808231 0.228705012817495 0.438239431626949 0.0589419663973432 0.217827761009443 0.449116683435002 0.0622982743292636 0.211267958359505 0.455676486084939
0.266507537688442 0.0537737631287086 0.160888923477839 0.372126151899046 0.0570703800234691 0.154464370187586 0.378550705189299 0.0624387552867936 0.143986890353629 0.389028185023255
0.2432 0.0528916310551905 0.139301187236158 0.347098812763842 0.0556926129363526 0.133844879949374 0.352555120050626 0.062310630198052 0.12093098124864 0.365469018751361
0.269947916666667 0.0566056421648159 0.158744662190634 0.381151171142699 0.0599495552128768 0.152231661450417 0.387664171882916 0.0660023970682651 0.140422868806735 0.399472964526599
0.193342245989305 0.0553700112859934 0.0845742761472322 0.302110215831377 0.0572329507864702 0.0809461723094516 0.305738319669158 0.065988992920614 0.0638617746798028 0.322822717298807
0.135 0.0612659994210346 0.0145960368174974 0.255403963182503 0.0620926160908562 0.0129887415009709 0.257011258499029 0.0699266049347413 -0.00227184403033334 0.272271844030333
0.29125 0.0652664929524289 0.162944159149579 0.419555840850421 0.0684236274504592 0.156807445919174 0.425692554080826 0.0718735477137285 0.150091774231261 0.432408225768739
0.217644230769231 0.0572500256573839 0.105125139166298 0.330163322372164 0.0592943487663982 0.101149520814412 0.334138940724049 0.0669295124321318 0.0862703372655234 0.349018124272938
0.295026178010471 0.0475558345394911 0.201711027003109 0.388341329017833 0.0521763043294392 0.192681188272334 0.397371167748609 0.0575061729969018 0.182255431133269 0.407796924887674
0.272427184466019 0.0501397407126907 0.17396789392788 0.370886475004159 0.0536751687879717 0.167073259129276 0.377781109802763 0.0599502107596413 0.154817515819754 0.390036853112285
0.299367206402382 0.045180178753355 0.210697789259766 0.388036623544998 0.0496036552956478 0.202056781925981 0.396677630878783 0.0541986818992593 0.193071496126126 0.405662916678639
0.279184782608696 0.0527572244737355 0.175616799371496 0.382752765845895 0.0566975827804608 0.167926098162201 0.39044346705519 0.0619367658969081 0.157688608644233 0.400680956573158
0.220896226415094 0.0756611796450571 0.0720513756887 0.369741077141489 0.077302327103828 0.0688693362576902 0.372923116572499 0.0814546761177699 0.0608062815051214 0.380986171325067
0.265888324873096 0.0656569838598566 0.136799008341735 0.394977641404458 0.0684488595719114 0.1313746460217 0.400402003724493 0.0730341996516096 0.122450717421827 0.409325932324366
0.243691863573185 0.0713086247605717 0.103445828022406 0.383937899123965 0.0736268644179616 0.0989466072514192 0.388437119894951 0.0789569637791418 0.0885831511201482 0.398800576026222
0.278038674033149 0.0511045009714484 0.177711515747492 0.378365832318806 0.0551922299969044 0.169733613174179 0.386343734892119 0.0613657958316052 0.1576691812052 0.398408166861098
0.238032407407407 0.0521056693019868 0.135689791604947 0.340375023209867 0.0546321066234684 0.130766918302657 0.345297896512158 0.0612267606352856 0.117896311073941 0.358168503740874
0.259751243781095 0.0586540864188241 0.144477391397937 0.375025096164253 0.0615411797887067 0.138861065226663 0.380641422335526 0.0678966525666765 0.126474086919839 0.39302840064235
0.230178571428571 0.0491740416037116 0.133634630476971 0.326722512380171 0.0519121407321569 0.128292794886818 0.332064347970325 0.0586651031151594 0.115100231194503 0.345256911662639
0.280906735751295 0.0766865150317201 0.130050234130702 0.431763237371888 0.0794550807427552 0.124680069056786 0.437133402445804 0.0829445491083544 0.117901246605456 0.443912224897134
0.173418604651163 0.056120511937409 0.0631438669709645 0.283693342331361 0.0574349298825882 0.0605865374732934 0.286250671829032 0.0651384648389382 0.0455703410422119 0.301266868260114
0.263757062146893 0.0538167691991997 0.158080568106605 0.36943355618718 0.0574305208444516 0.151032810576848 0.376481313716937 0.0646105189406288 0.137008710744065 0.39050541354972
0.252666666666667 0.060557728908214 0.133660360389491 0.371672972943842 0.0633001990043032 0.128324570570293 0.377008762763041 0.0692457823826637 0.116736741018098 0.388596592315235
0.186460396039604 0.0612775528585447 0.0660124550630676 0.30690833701614 0.0627670732507166 0.063117194987123 0.309803597092085 0.0699775131897443 0.0490748345026412 0.323845957576567
0.231705607476635 0.0661437514344871 0.10163378665607 0.361777428297201 0.0681236892164788 0.0977899448471804 0.365621270106091 0.0735008579352233 0.0873317720765696 0.376079442876701
0.292575757575758 0.0478532757046532 0.198646992120365 0.386504523031151 0.0522292179080553 0.190102225516395 0.395049289635121 0.0575844841536663 0.179633068157732 0.405518446993783
0.248618090452261 0.0631603137430262 0.124465321731829 0.372770859172693 0.0656776425859565 0.119571500874112 0.377664680030411 0.0709526892837811 0.109299122555942 0.387937058348581
0.275574162679426 0.0744039432430219 0.129183291931188 0.421965033427663 0.0769424023211256 0.124262036598174 0.426886288760678 0.0808867743536761 0.116602193148361 0.43454613221049
0.303578431372549 0.0497907486614309 0.205848926105197 0.401307936639901 0.0541918038500654 0.197254796596298 0.4099020661488 0.0578255040171245 0.190152295412911 0.417004567332187
0.272091346153846 0.0488896555190619 0.176107571798182 0.368075120509511 0.0524606461189645 0.169139457212587 0.375043235095105 0.0581159663446835 0.158089892858076 0.386092799449617
0.209048913043478 0.0641063393211315 0.0830641389949424 0.335033687092014 0.0660441626809134 0.0792951109131116 0.338802715173845 0.0727620269479807 0.0662065982631742 0.351891227823782
0.200138888888889 0.0572442831543134 0.0875973911336641 0.312680386644114 0.0589322519248248 0.0843179220527051 0.315959855725073 0.0666003850769054 0.0693859107938881 0.33089186698389
0.19134328358209 0.0654938953416519 0.0625427892331928 0.320143777930986 0.0669876263503165 0.0596436904966469 0.323042876667532 0.073964166138864 0.0460746798315833 0.336611887332596
0.224824120603015 0.0516957636548281 0.123276999982935 0.326371241223095 0.054170855208347 0.11845547337773 0.3311927678283 0.0625343864602211 0.102131848698982 0.347516392507048
0.285 0.0585107891597949 0.170037432239828 0.399962567760172 0.061988098684669 0.163267238293933 0.406732761706067 0.0668263848213561 0.153832573403325 0.416167426596675
0.273795447827372 0.0488440898532905 0.177902304846634 0.36968859080811 0.0525287875230218 0.170711942588012 0.376878953066732 0.0579925597978782 0.160036311371537 0.387554584283208
0.263317073170732 0.0518333645684874 0.161520506811729 0.365113639529734 0.0550671276347521 0.155216562876583 0.371417583464881 0.0609188803297317 0.143792079408742 0.382842066932722
0.176649484536082 0.0614455451127921 0.0559000668102993 0.297398902261866 0.0628418011877094 0.0531842742517943 0.300114694820371 0.0704475014741301 0.038363899932995 0.31493506913917
0.16093085106383 0.0661969600504388 0.0307602900673732 0.291101412060286 0.0673553462849161 0.0285116316826 0.29335007044506 0.0755202001531779 0.0126268477124251 0.309234854415235
0.181441860465116 0.0547257327034493 0.0739202142724917 0.288963506657741 0.0561849013742063 0.0710801792279965 0.291803541702236 0.0635261277444054 0.0567661391978573 0.306117581732375
0.197103825136612 0.0550754575678436 0.0889208692979127 0.305286780975311 0.0570565559639022 0.0850618925080047 0.309145757765219 0.0665349255676309 0.0665634738076504 0.327644176465574
0.209818652849741 0.0776629001804606 0.057016235804377 0.362621069895105 0.0792729266178837 0.0538957862962836 0.365741519403198 0.0849068727575911 0.0429563559121547 0.376680949787327
0.270695187165775 0.0548016586874591 0.163060916425276 0.378329457906274 0.0583471765209213 0.156150488085871 0.38523988624568 0.0641949217725801 0.144735612925045 0.396654761406505
0.214529702970297 0.0686083309052569 0.0796231258826872 0.349436280057907 0.070368823025196 0.0762047134929362 0.352854692447658 0.0752643991065471 0.0666837184369655 0.362375687503629
0.290899470899471 0.0687905400849476 0.155635092722114 0.426163849076828 0.0720968208248045 0.14921256682143 0.432586374977512 0.0759510749038795 0.141713454910488 0.440085486888453
0.233140096618357 0.0839031499681678 0.0680107320375457 0.398269461199169 0.0856158311835507 0.0646942693286352 0.40158592390808 0.0896759220177035 0.0568202882017039 0.409459905035011
0.331417525773196 0.0664595907044232 0.200762675082055 0.462072376464337 0.0707034060876425 0.19251235373293 0.470322697813462 0.0731961630352193 0.187659214943082 0.47517583660331
0.338899082568807 0.0425548746816853 0.255413461878596 0.422384703259018 0.0483840919415309 0.244013869214181 0.433784295923433 0.0508155162243811 0.239255774835866 0.438542390301749
0.232926829268293 0.0473921256961085 0.139884336375991 0.325969322160594 0.0501633352832984 0.134477303920449 0.331376354616137 0.0583137616315543 0.118550491492865 0.34730316704372
0.257611940298507 0.0726804643690789 0.114660118082039 0.400563762514976 0.0750490831970931 0.110063829213409 0.405160051383606 0.0786648271645471 0.103037156545868 0.412186724051147
0.23169014084507 0.0551028235257955 0.123416446752043 0.339963834938098 0.0574234057673319 0.118900191914197 0.344480089775944 0.0641119372119408 0.105859195659837 0.357521086030304
0.298394736842105 0.0508624848097803 0.198540770066641 0.39824870361757 0.0553412528326996 0.189799585106051 0.40698988857816 0.0603477198918639 0.180016476834152 0.416772996850059
0.114260204081633 0.0647962175470244 -0.01312215021447 0.241642558377735 0.0654224121967568 -0.0143385032424901 0.242858911405755 0.0733520214848147 -0.0297715729880677 0.258291981151333
0.293265306122449 0.047659166724997 0.199710790226931 0.386819822017967 0.0521149886361328 0.19101152042815 0.395519091816748 0.0585358190739911 0.178459411059739 0.408071201185159
0.294422110552764 0.0526276823784362 0.191070737746431 0.397773483359096 0.0566842457128977 0.183160640576736 0.405683580528792 0.0614863458679207 0.173783901811425 0.415060319294102
0.259884792626728 0.0564841079780519 0.148891240788289 0.370878344465167 0.0592552611012097 0.143498367116847 0.376271218136609 0.0643616406827601 0.133544684666193 0.386224900587263
0.270518867924528 0.0473919109878718 0.177475506106349 0.363562229742708 0.0509578987913108 0.170517043585227 0.37052069226383 0.056484528404223 0.159718618752991 0.381319117096066
0.318325358851675 0.0567013995631744 0.206918581127628 0.429732136575721 0.0609062596216622 0.198730276565351 0.437920441137998 0.0639574339965398 0.192780291627859 0.44387042607549
0.251543778801843 0.0884152689511691 0.0774846732205569 0.42560288438313 0.0902176934261782 0.0739973685840561 0.42909018901963 0.0936634882343891 0.0673209894143595 0.435766568189327
0.188046875 0.0589056350076761 0.0723180777832032 0.303775672216797 0.0605413133353641 0.0691340306792255 0.306959719320774 0.0680599825878855 0.0544730873497233 0.321620662650277
0.133762376237624 0.0708644152981554 -0.00557798014244992 0.273102732617697 0.0716118008006799 -0.00702887094405114 0.274553623419299 0.0777495376655012 -0.0189632899660033 0.286488042441251
0.335428571428571 0.0466674886810534 0.243840759871262 0.427016382985881 0.0521384414231217 0.233152223745975 0.437704919111168 0.055730069786379 0.226128513604707 0.444728629252436
0.234736842105263 0.0867731065412189 0.0638915487168902 0.405582135493636 0.0884532785387224 0.0606419376769102 0.408831746533616 0.0927824992906607 0.0522547213522322 0.417218962858294
0.280990099009901 0.0592607273516695 0.164511664131184 0.397468533888618 0.0625655007095397 0.158084090209735 0.403896107810067 0.0680579007289369 0.147381762575088 0.414598435444714
0.272961165048544 0.0428978934914311 0.188787369832986 0.357134960264101 0.0469652727528311 0.180838195494948 0.36508413460214 0.0533221742500919 0.168401945832371 0.377520384264716
0.330735294117647 0.0464776670253001 0.239520420851648 0.421950167383647 0.0519736558857097 0.228782796728192 0.432687791507103 0.0557664577376005 0.221365437376438 0.440105150858856
0.24 0.0473818142896289 0.146983025149111 0.333016974850889 0.0503861595616979 0.141119978520916 0.338880021479084 0.0580972144373281 0.126050078609241 0.353949921390759
0.204174757281553 0.0580084861278854 0.0901489750916116 0.318200539471495 0.0598207911133225 0.0866262249249615 0.321723289638145 0.0678770662962346 0.0709316771875267 0.33741783737558
0.255497512437811 0.0628131204029049 0.132007316995136 0.378987707880486 0.0654527288225908 0.126877932087418 0.384117092788204 0.0707298666165757 0.116604555253548 0.394390469622074
0.211536312849162 0.0629203760935043 0.0879087991340322 0.335163826564292 0.0649840431743173 0.08389238981532 0.339180235883004 0.0715917771016285 0.071011585511294 0.35206104018703
0.319870466321243 0.0694346153056778 0.18333989333808 0.456401039304407 0.0732757419572525 0.175877468742278 0.463863463900208 0.0762278219496102 0.170133546008687 0.4696073866338
0.300833333333333 0.0512363711029656 0.200251206883361 0.401415459783305 0.0558470237245533 0.191251153058023 0.410415513608643 0.0611437626768271 0.18089928790537 0.420767378761297
0.261835748792271 0.0533145594682407 0.157112220387351 0.366559277197191 0.0564073603557327 0.151086152724344 0.372585344860197 0.0617195088564995 0.140720325060436 0.382951172524105
0.304807692307692 0.0477069534993174 0.211154483345442 0.398460901269942 0.0522319003450104 0.202321342274856 0.407294042340529 0.0562995885564959 0.194371753883094 0.415243630732291
0.246077981651376 0.0579774830988661 0.132128125237928 0.360027838064824 0.060410846838034 0.127395612813676 0.364760350489077 0.0661631375555449 0.116188174584349 0.375967788718403
0.245 0.0624715052979267 0.122199227650448 0.367800772349552 0.0648619629791323 0.117552379130207 0.372447620869793 0.0702817627226496 0.106998515526515 0.383001484473485
0.183808411214953 0.0563865028390804 0.0729683585181684 0.294648463911738 0.0578577571955023 0.070108971348615 0.297507851081292 0.0658713655091903 0.0544996146889112 0.313117207740995
0.177105263157895 0.0625993592112433 0.0540425174356885 0.300168008880101 0.0638890748711861 0.051536775254888 0.302673751060902 0.0710980754840143 0.0375031749548842 0.316707351360905
0.225363636363636 0.0508336253770595 0.125513647878839 0.325213624848433 0.0531213843332713 0.12105674821515 0.329670524512122 0.0606937756578946 0.106278133528116 0.344449139199157
0.312261306532663 0.0510462112430724 0.212028020901657 0.412494592163669 0.0557030877517718 0.202943310838882 0.421579302226444 0.0600550086713697 0.194442417368113 0.430080195697214
0.249343434343434 0.048454948772361 0.154221727075416 0.344465141611453 0.0516516750029156 0.147982771268005 0.350704097418864 0.0573539073145415 0.136840403409607 0.361846465277262
0.286908212560386 0.0491655841180688 0.190397690490934 0.383418734629839 0.0531104362375288 0.182696507013964 0.391119918106809 0.0574652939673579 0.174185839500258 0.399630585620515
0.318875 0.0444127092589339 0.231733360694012 0.406016639305988 0.0498499184424468 0.221104274350087 0.416645725649913 0.0540274929431173 0.21293069117158 0.42481930882842
0.240187165775401 0.084127116448851 0.0746397584654089 0.405734573085393 0.0861175998278212 0.0707835018131847 0.409590829737617 0.0901460139546991 0.0629672587008592 0.417407072849943
0.253785046728972 0.0629371222588634 0.130056550204938 0.377513543253006 0.0653832339286321 0.125302825549363 0.382267267908581 0.0698761004691071 0.116557402627797 0.391012690830147
0.183273542600897 0.0919741899343618 0.00216493317231811 0.364382152029476 0.0929662425730803 0.000247387541480931 0.366299697660313 0.0975022156172613 -0.00853379288780023 0.375080878089594
0.223207070707071 0.0655669441467135 0.0943039859330086 0.352110155481133 0.0675713770886883 0.0904095459189641 0.356004595495177 0.0736779666992733 0.0785233792128492 0.367890762201292
0.303419811320755 0.048696966273334 0.207817830757092 0.399021791884417 0.053022860846657 0.199374820650713 0.407464801990796 0.0569907953845823 0.191621607842843 0.415218014798666
0.272696078431373 0.0497824564197107 0.174938770419045 0.3704533864437 0.0533810468575987 0.16792077185745 0.377471385005295 0.0601111344828257 0.154775163767438 0.390616993095307
0.317558685446009 0.0548839711333104 0.209732840680581 0.425384530211438 0.059113694870647 0.201493818598856 0.433623552293162 0.0628050193329648 0.194292941761132 0.440824429130887
0.201899038461538 0.0569580460281063 0.0899840196161691 0.313814057306908 0.0587374478801758 0.0865211507630733 0.317276926160004 0.0659690383928027 0.07242252576417 0.331375551158907
0.231939252336449 0.0546837391000837 0.124501165264007 0.33937733940889 0.0570124462585968 0.119967634471229 0.343910870201668 0.0634847428198443 0.107345501469883 0.356533003203014
0.305785340314136 0.0563718397202786 0.195055232054778 0.416515448573494 0.0606402414360486 0.186737277209877 0.424833403418395 0.064422494735578 0.179356684027106 0.432213996601167
0.321377294636448 0.0525291902325138 0.218228303075548 0.424526286197347 0.0573933455539005 0.208740001693168 0.434014587579727 0.0616742631663944 0.200378403390118 0.442376185882777
0.307404371584699 0.0518351347707755 0.205662510209768 0.409146232959631 0.0566598832572632 0.196240638371968 0.418568104797431 0.061250711925231 0.187266230421055 0.427542512748344
0.226005154639175 0.0544791547861549 0.118991924088433 0.333018385189918 0.0569244267296929 0.114228482995176 0.337781826283175 0.0640627574692049 0.100299437464202 0.351710871814149
0.268733333333333 0.0491250678523567 0.172268506559915 0.365198160106751 0.0523463948013642 0.165986365682455 0.371480300984212 0.0577610609779493 0.155412199665228 0.382054467001438
0.204988024575653 0.116628531039901 -0.0247436334943425 0.434719682645649 0.117818937623908 -0.0270422459493574 0.437018295100664 0.120937141357025 -0.0330697142333593 0.443045763384666
0.218906234057749 0.137156531237518 -0.0513414557796076 0.489153923895106 0.138351351309103 -0.0536463909465429 0.491458859062041 0.140411380482983 -0.0576233495478957 0.495435817663394
0.17256157635468 0.0612991861661746 0.0520418671363064 0.293081285573053 0.0625890915453978 0.0495365272432769 0.295586625466083 0.0708914889273395 0.0333743633611776 0.311748789348182
0.274802955665025 0.0824566411031253 0.112567190560969 0.43703872076908 0.0848378762865338 0.107951348064996 0.441654563265053 0.087380443377274 0.103016734151243 0.446589177178806
0.266178010471204 0.0507323251639624 0.166582068692566 0.365773952249843 0.0543288423748122 0.159563241697902 0.372792779244506 0.0598320109326208 0.148810492551402 0.383545528391007
0.274016393442623 0.0592885233333486 0.157526750692585 0.390506036192661 0.0627496447655793 0.150788001394953 0.397244785490293 0.0683394732739147 0.13988675409007 0.408146032795176
0.226716417910448 0.061219894490553 0.106366662081744 0.347066173739151 0.063376355931662 0.102175807120748 0.351257028700147 0.0701508348330254 0.0889836960008162 0.364449139820079
0.220073891625616 0.0497064068496088 0.122459295011935 0.317688488239297 0.0521167944050608 0.117760481891746 0.322387301359485 0.0590215678749943 0.104279271356678 0.335868511894554
0.264809523809524 0.0556078511713369 0.155561288225167 0.374057759393881 0.0586110616137297 0.149712987847706 0.379906059771342 0.0639826153107775 0.139236142004721 0.390382905614326
0.297738693467337 0.0490017172810148 0.201556124750539 0.393921262184134 0.0536553203525235 0.192468867169557 0.403008519765117 0.0596408159855945 0.180766718587111 0.414710668347562
0.209230769230769 0.0533836353311214 0.10431211304057 0.314149425420969 0.0554022077445196 0.100386295845517 0.318075242616021 0.0641125436067319 0.0834060895779596 0.335055448883579
0.234619289340102 0.0669924219812542 0.102902447524051 0.366336131156152 0.0691637444539223 0.0986846629855262 0.370553915694677 0.0739944618729556 0.0892857997378947 0.379952778942308
0.224635922330097 0.0540070494482315 0.118534017157485 0.330737827502709 0.0563067043048634 0.114056256168185 0.335215588492009 0.0635318632752044 0.0999623344204467 0.349309510239747
0.240509708737864 0.0603445516721433 0.121900855717522 0.359118561758206 0.0627232367966659 0.117275601082693 0.363743816393036 0.0688268427515862 0.105385578261959 0.375633839213769
0.209729064039409 0.064135422007368 0.0836439004163867 0.335814227662431 0.0659104963666296 0.0801949707183205 0.339263157360497 0.0723912389230299 0.0675794712304508 0.351878656848367
0.270971563981043 0.0508493138756584 0.171106504119844 0.370836623842242 0.0542276868647032 0.164520581981007 0.377422545981078 0.0603193229971997 0.152626826887189 0.389316301074896
0.219128205128205 0.0481315307636532 0.124631925046626 0.313624485209784 0.050686253072043 0.119647829097348 0.318608581159062 0.0593034155910707 0.102810073093244 0.335446337163167
0.250678391959799 0.0552687332436147 0.142124154192048 0.35923262972755 0.0581323511068147 0.136543915399813 0.364812868519785 0.0639233451401268 0.125242731890268 0.37611405202933
0.315610465116279 0.0595423769055392 0.198683275106861 0.432537655125697 0.0643112236147088 0.189383294445 0.441837635787558 0.0671981435905365 0.183747224304152 0.447473705928406
0.270610328638498 0.0506719589332972 0.171101691816787 0.370118965460208 0.0540203389070046 0.164572840361897 0.376647816915099 0.0598632324006013 0.153163349847848 0.388057307429147
0.0950564971751412 0.1101924173674 -0.121938315868375 0.312051310218657 0.110694067739825 -0.122907621352239 0.313020615702522 0.115783792203198 -0.132755498130915 0.322868492481198
0.213260051495346 0.0550918960799569 0.105037610965145 0.321482492025546 0.0571575490939548 0.101014613906234 0.325505489084457 0.0637880926344583 0.0880804502879337 0.338439652702757
0.190459459459459 0.0470425204865077 0.0981144904576314 0.282804428461288 0.0491432741620102 0.0940147253030725 0.286904193615846 0.0596830752383699 0.0734126638635282 0.307506255055391
0.196728723404255 0.0617824184133136 0.0753316438790164 0.318125802929494 0.0635284647648053 0.0719340542125321 0.321523392595979 0.070429699837343 0.0584828546096365 0.334974592198874
0.189697802197802 0.0615169890303485 0.0687814271651996 0.310614177230405 0.0632152449376882 0.0654800866096491 0.313915517785955 0.072259009495755 0.047859973054816 0.331535631340788
0.286504854368932 0.0605635883245027 0.167469499521568 0.405540209216296 0.0638621425414204 0.161053567371853 0.411956141366011 0.0683590286724547 0.15229235728066 0.420717351457204
0.215807291666667 0.0672076021923351 0.0836718620861021 0.347942721247231 0.0691092171401569 0.0799778857841573 0.351636697549176 0.0751202520001112 0.0682803385621835 0.36333424477115
0.261090425531915 0.0587505572344897 0.145667157155695 0.376513693908135 0.0618513297427571 0.139629076350093 0.382551774713737 0.0674667030304628 0.128677171315834 0.393503679747996
0.212058823529412 0.0605379049720957 0.0930348636798936 0.33108278337893 0.062434137213617 0.0893513000174741 0.334766347041349 0.0701625714131288 0.0743041854752746 0.349813461583549
0.245422885572139 0.0518151514937932 0.143686244693557 0.347159526450721 0.0546957236998679 0.138067568421888 0.352778202722391 0.0613942328487406 0.12498379873089 0.365861972413388
0.302722513089005 0.0597568238582805 0.185326799442466 0.420118226735544 0.0637349983042004 0.177578096695152 0.427866929482859 0.0671738830124052 0.170871051192435 0.434573974985576
0.275614035087719 0.0546674642073249 0.168281442901547 0.382946627273892 0.0586685989802408 0.160475008139909 0.390753062035529 0.0648856077331347 0.148329238737888 0.402898831437551
0.278838383838384 0.0513844520820039 0.177954416541215 0.379722351135553 0.0551365484418148 0.170633334924687 0.387043432752081 0.0602649613430027 0.160614516102114 0.397062251574654
0.197463768115942 0.0582980080596509 0.0828990172890934 0.312028518942791 0.0599811604684828 0.0796249555858383 0.315302580646046 0.0668580076095173 0.0662239807522079 0.328703555479676
0.319725 0.0568798969949912 0.207981767337816 0.431468232662184 0.0612891675352244 0.199392191045282 0.440057808954718 0.0645464285004275 0.193038096410576 0.446411903589424
0.213504901960784 0.0529170558779539 0.109542743087088 0.317467060834481 0.0550650077404754 0.105360660695119 0.321649143226449 0.06365750003574 0.0885969921953029 0.338412811726266
0.271641025641026 0.0530461206035566 0.167465680700412 0.37581637058164 0.0565725945373217 0.160590317044323 0.382691734237729 0.0619036276825615 0.150182099127702 0.393099952154349
0.243402777777778 0.0491904964996251 0.146793651926879 0.340011903628676 0.0519655407190518 0.141384716200236 0.345420839355319 0.0581370235686719 0.129336774570291 0.357468780985265
0.236675824175824 0.067993226091107 0.10302664053268 0.370325007818969 0.0703431716591094 0.0984582585720579 0.37489338977959 0.0753477562381781 0.0887143632961172 0.384637285055531
0.318292682926829 0.0505128996181295 0.219132266464552 0.417453099389107 0.0552452315529366 0.209894100032844 0.426691265820814 0.0585399545717821 0.203455713722128 0.43312965213153
0.324170731707317 0.0500154926247138 0.22597192901834 0.422369534396294 0.0549601439302527 0.216322597406332 0.432018866008303 0.0588902972450318 0.20864366595801 0.439697797456624
0.294591836734694 0.0551579311987336 0.186273238963153 0.402910434506235 0.0591089903253366 0.178568938905578 0.410614734563809 0.0633799064607541 0.170230514749179 0.418953158720209
0.214566326530612 0.057140230362117 0.102305386617737 0.326827266443487 0.0592472181300856 0.0982034453753614 0.330929207685863 0.0665653336278614 0.0839312412991016 0.345201411762123
0.262961165048544 0.0532181564833268 0.158415842705571 0.367506487391516 0.0563577978942088 0.152300214447727 0.37362211564936 0.0621049010393393 0.141087158599023 0.384835171498064
0.254207920792079 0.108234179116002 0.0410438661655749 0.467371975418584 0.109934976215116 0.0377576694489418 0.470658172135217 0.112616499917965 0.0325708210668547 0.475845020517304
0.341065989847716 0.055126431100396 0.232807732888385 0.449324246807046 0.06031654666187 0.222685643870856 0.459446335824576 0.0627588362545991 0.217917068887806 0.464214910807625
0.287789473684211 0.0578723665604733 0.174095974979245 0.401482972389177 0.061611193766814 0.166813623519791 0.40876532384863 0.0666925901623205 0.156900933543595 0.418678013824826
0.199497487437186 0.0670798208878059 0.0675885072667781 0.331406467607594 0.0686744647411019 0.0644927815191472 0.334502193355225 0.0747902816118865 0.0525977711957512 0.346397203678621
0.235963541666667 0.0516757682269607 0.134487110827562 0.337439972505772 0.0544802220336631 0.12901895383621 0.342908129497123 0.0612132512803121 0.115871295242502 0.356055788090831
0.22315 0.0497037125899679 0.125549365887453 0.320750634112547 0.0522133272759564 0.120655823413319 0.325644176586681 0.0598392558879715 0.105762358648258 0.340537641351742
0.258891891891892 0.0467293892004745 0.167203899658062 0.350579884125722 0.0505062724768599 0.159822180573372 0.357961603210412 0.057413657385708 0.146309267788464 0.371474515995319
0.298605263157895 0.054525701251249 0.191541272626964 0.405669253688825 0.0587437859318947 0.183313228925493 0.413897297390296 0.0625174643427872 0.175943627945522 0.421266898370267
0.253617511520737 0.0588357225557718 0.137979522365134 0.36925550067634 0.0613900994574655 0.133011713136761 0.374223309904713 0.0663431077195011 0.123362989755195 0.383872033286279
0.319807692307692 0.0513268501249104 0.219066425256975 0.420548959358409 0.0565978602661402 0.20877170105905 0.430843683556335 0.0601753649002646 0.201777780276744 0.43783760433864
0.17811170212766 0.0803875290712782 0.0198925295361546 0.336330874719164 0.0816035290923755 0.0175385432558228 0.338684860999496 0.0886123478771389 0.00394072426458139 0.352282679990738
0.268536585365854 0.0522036494851185 0.166006189491518 0.371066981240189 0.0555399017894602 0.159503480252581 0.377569690479127 0.0607568900446321 0.149320204237365 0.387752966494342
0.25409756097561 0.0535905459058951 0.148835539879995 0.359359582071225 0.0565256603540332 0.143116379851179 0.365078742100041 0.0627085562685841 0.131049832052665 0.377145289898554
0.191721698113208 0.0529236474705076 0.087761104140663 0.295682292085752 0.0546097191335637 0.084477365018112 0.298966031208303 0.0621003754870475 0.0698636543080576 0.313579741918357
0.252240566037736 0.0419884291036907 0.169839514271687 0.334641617803785 0.0454633974385816 0.16305106484818 0.341430067227292 0.0543485386326332 0.145670896035678 0.358810236039794
0.269375 0.0607441499681072 0.150022825825506 0.388727174174494 0.0640069510253612 0.143670942889426 0.395079057110574 0.0697284665330124 0.132514340061372 0.406235659938628
0.233396739130435 0.0748775486172408 0.0860808258087894 0.38071265245208 0.0769839117834037 0.0819972412214375 0.384796237039432 0.0831525906139003 0.0700132905082457 0.396780187752624
0.326063829787234 0.0534625350395374 0.221115747854754 0.431011911719714 0.0585779697734721 0.211128925779249 0.440998733795219 0.0613787420834498 0.205655769633641 0.446471889940827
0.311595744680851 0.0886431475954481 0.137141918335199 0.486049571026503 0.0916954615039161 0.131229015823192 0.49196247353851 0.0937993561349166 0.127148205361654 0.496043284000048
0.3365625 0.0557879377883747 0.226977875899605 0.446147124100395 0.0605459634892196 0.21770517877948 0.45541982122052 0.0630621533312088 0.212795357057187 0.460329642942812
0.0868689320388349 0.0708473552959071 -0.0524953114234108 0.226233175501081 0.0712363552191202 -0.0532494549041779 0.226987318981848 0.0789995010403917 -0.068331731633083 0.242069595710753
0.156709183673469 0.0591284136786154 0.0405270455579968 0.272891321788942 0.0602729441082144 0.0383002105132295 0.275118156833709 0.0686728012449841 0.0219264189348084 0.29149194841213
0.246488764044944 0.0655749900880781 0.117569728221786 0.375407799868102 0.0682522714791173 0.112367126566596 0.380610401523292 0.0742679747271047 0.100655031537445 0.392322496552443
0.202004830917874 0.0538170371413923 0.0962580050457025 0.307751656790046 0.0556986109630595 0.0925964566292791 0.31141320520647 0.0640232526473757 0.0763629554432886 0.32764670639246
0.278817733990148 0.054912913151552 0.170959688434315 0.386675779545981 0.0583703863301541 0.164221870431621 0.393413597548675 0.0635853335293423 0.154044306724024 0.403591161256271
0.298186274509804 0.0530106581589081 0.194100334549096 0.402272214470512 0.057038578896344 0.18624269889946 0.410129850120148 0.061222448533392 0.178071206189871 0.418301342829736
0.317004608294931 0.0490841230133866 0.220640787170063 0.413368429419799 0.053647958729289 0.211733518078311 0.422275698511551 0.0570172121298649 0.20515047389545 0.428858742694412
0.226772486772487 0.0651559392562245 0.0987099109519459 0.354835062593028 0.0673238017272884 0.0944946905142095 0.359050283030764 0.0727513997302864 0.0839245265346703 0.369620447010303
0.263241206030151 0.0974102007496075 0.0714426428811075 0.455039769179194 0.0993877577113011 0.0676183688504243 0.458864043209877 0.102271297772877 0.0620350249812669 0.464447387079035
0.279210526315789 0.0435547092287501 0.193741350872768 0.364679701758811 0.0476867906158946 0.185667293041387 0.372753759590192 0.0546572889083207 0.17203186642235 0.386389186209229
0.232593457943925 0.0658815259947093 0.103006519666821 0.36218039622103 0.067886258663659 0.0991171745401506 0.3660697413477 0.0731150224047082 0.0889534044572702 0.37623351143058
0.240909090909091 0.0528503006667265 0.137112305710804 0.344705876107377 0.0556270334004779 0.131700280260115 0.350117901558066 0.0628762713265587 0.117548033667035 0.364270148151147
0.222611111111111 0.0525994123101789 0.119334069977073 0.325888152245149 0.0552290308027816 0.114205224609793 0.331016997612429 0.0639367021285889 0.0971950768458474 0.348027145376375
0.314477611940298 0.0557426880605802 0.204984639072124 0.423970584808473 0.0600703165877621 0.196550834616438 0.432404389264159 0.063286458947578 0.190275042343594 0.438680181537003
0.195198863636364 0.0873892790697125 0.0232435262881539 0.367154200984573 0.0888138744601971 0.020483513387303 0.369914213885424 0.0939466932513555 0.0105235635505654 0.379874163722162
0.239103681673674 0.0795374294458684 0.0826040114278246 0.395603351919524 0.0815069837748028 0.078787060231947 0.399420303115402 0.0859472973911368 0.0701677768092019 0.408039586538147
0.267323232323232 0.0500310186695453 0.169085119110484 0.365561345535981 0.0535805327089421 0.162161553830121 0.372484910816343 0.0605675163286844 0.14851222076537 0.386134243881094
0.336155778894472 0.0527563860696133 0.232582474783277 0.439729083005668 0.0579510912463477 0.222443507097889 0.449868050691056 0.060182463084314 0.218084071051294 0.454227486737651
0.305744186046512 0.0479964161590479 0.211519203173347 0.399969168919677 0.0523826183625117 0.202957936108406 0.408530435984618 0.0561777192550635 0.195542075594579 0.415946296498444
0.246560846560847 0.0486605992216205 0.151053224597867 0.342068468523826 0.0519179811621712 0.144692686884042 0.348429006237651 0.0591808830837995 0.130493680766917 0.362628012354776
0.249824120603015 0.0421187078743133 0.167189032391342 0.332459208814688 0.0457298694077144 0.16012966026649 0.339518580939541 0.0542093124737103 0.14353647595965 0.35611176524638
0.271121076233184 0.0684932238098851 0.136402340351176 0.405839812115191 0.0709704007005882 0.131595329439314 0.410646823027054 0.0744740064429417 0.124785964580768 0.417456187885599
0.306042654028436 0.0536307846742873 0.200716241059772 0.4113690669971 0.0576881382169738 0.192805720043641 0.419279588013231 0.0607746484304781 0.186780957250365 0.425304350806507
0.23280303030303 0.0581148842986094 0.118634400814227 0.346971659791833 0.060510385006463 0.113969691873404 0.351636368732657 0.0664506181939705 0.102384753018641 0.363221307587419
0.169314720812183 0.0757534227040474 0.020293655833605 0.31833578579076 0.0768538099901727 0.0181602070589218 0.320469234565444 0.0829420882823606 0.00633486454808305 0.332294577076282
0.222242152466368 0.0635380296615314 0.0973046415688245 0.347179663363911 0.0653579187990926 0.0937707709505155 0.35071353398222 0.0708435236697165 0.0830993549155764 0.361384950017159
0.277971014492754 0.0505579209092016 0.178695198956683 0.377246830028824 0.0541860594036476 0.171618805913951 0.384323223071556 0.0597817228616615 0.160689726395412 0.395252302590095
0.217918660287081 0.0463696483242797 0.126876561584726 0.308960758989436 0.0488141842558614 0.122108150808278 0.313729169765885 0.0576823335738875 0.104780714669817 0.331056605904345
0.300995145631068 0.144782020569241 0.0156885772640281 0.586301713998108 0.146616882187083 0.0121497626248857 0.58984052863725 0.147385033938296 0.0106674101770606 0.591322881085075
0.303785714285714 0.0497063347512896 0.206219344885476 0.401352083685953 0.0539991544274717 0.197837247541238 0.40973418103019 0.0570814061824899 0.191813356426752 0.415758072144677
0.21635 0.0619831740825422 0.0945376569120797 0.33816234308792 0.0639421329746415 0.0907274528227612 0.341972547177239 0.0698929278922176 0.079134151812255 0.353565848187745
0.184018264840183 0.0608016506690166 0.0645074500747858 0.303529079605579 0.0621524340534709 0.0618818417052083 0.306154687975157 0.0685480378725204 0.0494283319396516 0.318608197740714
0.265672043010753 0.0463868225307336 0.174661593974972 0.356682492046533 0.0503579878761004 0.166898792910218 0.364445293111287 0.056865803068682 0.154166152283281 0.377177933738224
0.251717171717172 0.0518365577152493 0.149936459284651 0.353497884149693 0.0549030071487967 0.143955355166094 0.359478988268249 0.0613291286348416 0.131403929302491 0.372030414131853
0.321772486772487 0.0519258179261246 0.219830639321354 0.423714334223619 0.0570217915302287 0.209884189036915 0.433660784508059 0.0606414921068234 0.20281125164312 0.440733721901853
0.265129533678756 0.0536366669455935 0.159805958941166 0.370453108416347 0.0570026778287949 0.153241749585186 0.377017317772327 0.0619433083848231 0.143594669427276 0.386664397930237
0.190652173913043 0.0567644072566341 0.079103717295199 0.302200630530888 0.0583772943703993 0.0759661514685974 0.30533819635749 0.0659471067162227 0.0612120499360987 0.320092297889988
0.214119047619048 0.0544045473172595 0.107207825731286 0.32103026950681 0.0564564882232389 0.103215646799595 0.3250224484385 0.064452270181955 0.0876265690978987 0.340611526140197
0.297751322751323 0.0602761600917395 0.179282507264987 0.416220138237658 0.0641495796706928 0.171747101071493 0.423755544431153 0.0693953076384143 0.1615232101203 0.433979435382345
0.284004329004329 0.045302476295028 0.195085199416619 0.372923458592039 0.0490485770066573 0.187770141371348 0.38023851663731 0.0523993016590605 0.18122097835577 0.386787679652888
0.261630434782609 0.0503572537670304 0.162778377531223 0.360482492033995 0.053988557989658 0.155690164243298 0.367570705321919 0.0609335981119178 0.14211611999259 0.381144749572628
0.253571428571429 0.0601552447316588 0.135337233507652 0.371805623635205 0.0627409767752029 0.130308806393611 0.376834050749247 0.0680380885200185 0.119989958005487 0.38715289913737
0.234882075471698 0.0548777091381428 0.127040488896611 0.342723662046786 0.0572803569638132 0.122365656424823 0.347398494518573 0.0639387580886489 0.10938553452122 0.360378616422177
0.24865 0.0558983869248838 0.138839725075218 0.358460274924782 0.0586792523879098 0.133423497259489 0.363876502740511 0.0646019129809948 0.121869841496199 0.375430158503801
0.292214285714286 0.0503094415972575 0.193425123339042 0.39100344808953 0.0542610992070459 0.185717526123862 0.398711045304709 0.0593325368035619 0.175812291643569 0.408616279785002
0.270837438423645 0.0410484778809042 0.190319963463684 0.351354913383607 0.0452690984744527 0.182063978883391 0.359610897963899 0.0515619525228546 0.169745624396822 0.371929252450468
0.249729064039409 0.0680901683006661 0.115826489705529 0.383631638373289 0.0704291292805802 0.1112855762553 0.388172551823517 0.0756899805853881 0.101053434036945 0.398404694041873
0.300966850828729 0.0556552493069751 0.191702135448252 0.410231566209206 0.0600569040074177 0.183112357220464 0.418821344436995 0.0636631134566642 0.176067638532186 0.425866063125273
0.216428571428571 0.0698423815041712 0.0790642061488399 0.353792936708303 0.0714885487836831 0.075870030768789 0.356987112088354 0.0765236000077138 0.0660837000105935 0.366773442846549
0.23220297029703 0.121515043571865 -0.00718544965282888 0.471591390246888 0.122878667964972 -0.0098175681051284 0.474223508699188 0.125635043164079 -0.0151433586494918 0.479549299243551
0.27425 0.0576987385365413 0.160851563086508 0.387648436913492 0.0606719239131472 0.15506787358388 0.39343212641612 0.065308944662278 0.146032597771859 0.402467402228141
0.227135135135135 0.0631906013830454 0.102951582918374 0.351318687351897 0.0654682533713304 0.0985210555507034 0.355749214719567 0.071418830037809 0.0869268995259981 0.367343370744272
0.198575129533679 0.11724074378863 -0.0323468405759584 0.429497099643316 0.118376826903863 -0.0345409739238469 0.431691232991204 0.121383024967767 -0.0403527091520734 0.437502968219431
0.187871794871795 0.0497907447325613 0.0901013874249879 0.285642202318602 0.0516439002647881 0.0864882431783166 0.289255346565273 0.0616046236660405 0.0670327825540107 0.308710807189579
0.273121951219512 0.0519193753368569 0.171166376267111 0.375077526171914 0.0553788022500093 0.164420484465368 0.381823417973656 0.0603800603211077 0.154655038157251 0.391588864281773
0.233181818181818 0.0685337467840791 0.0983867403278611 0.367976896035775 0.0706349664441521 0.0943094243588799 0.372054212004757 0.0766854551675396 0.0825450217135532 0.383818614650083
0.321424581005587 0.0469740421947293 0.229260408831427 0.413588753179746 0.0528091147105893 0.217852558227584 0.424996603783589 0.0573310931118914 0.209004520825855 0.433844641185318
0.227463414634146 0.0622372801402222 0.10513699631921 0.349789832949083 0.0643317980634688 0.101064402425152 0.35386242684314 0.0702303147245888 0.0895756584201755 0.365351170848117
