estimate std lowerCI upperCI
0.832303197353765 0.271715305360568 0.29699508387192 1.36761131083561
0.695331739354168 0.287561716070145 0.12874627742285 1.26191720128548
0.603782599246995 0.604890595263956 -0.58876120406067 1.79632640255466
0.640747578839322 0.355350881499983 -0.0596383949488648 1.34113355262751
0.530122531826108 0.401042658288505 -0.260306855690413 1.32055191934263
0.799943254689531 0.272518529166615 0.263159741810018 1.33672676756904
0.788666596988384 0.252320435568835 0.2916435294403 1.28568966453647
0.653380511721255 0.261648555089704 0.137952451965098 1.16880857147741
0.826072266024204 0.232818514302423 0.367522371048271 1.28462216100014
0.570467120304481 0.244639574885848 0.0886182821386435 1.05231595847032
0.965845383427026 0.381276364144505 0.214330517723177 1.71736024913087
0.9544344789954 0.348008779632282 0.268603079590985 1.64026587839982
0.611740859436447 0.239130478683447 0.140759925140358 1.08272179373254
0.57559751992763 0.296118094504156 -0.00782281174367039 1.15901785159893
0.558418802437959 0.234807013726775 0.0959541013755061 1.02088350350041
1.08472383609715 0.20010232921714 0.690718779995465 1.47872889219884
0.585546547367561 0.29776156860943 -0.0011445377042143 1.17223763243934
0.788946495049729 0.283450432229162 0.230458904109051 1.34743408599041
0.671136393554182 0.401400503426801 -0.120047064651073 1.46231985175944
0.497681632008358 0.386186291921543 -0.263479794931292 1.25884305894801
0.613746387567158 0.233857268915228 0.153163701410233 1.07432907372408
0.758204401223266 0.497083196370318 -0.221722155498969 1.7381309579455
0.850051705772269 0.238382903675846 0.380565321027884 1.31953809051665
0.634377736613744 0.419079643831047 -0.191655380313321 1.46041085354081
0.494394881350024 0.253112745334408 -0.00416395184679019 0.992953714546838
0.679114186929444 0.313187200108766 0.0619256142345839 1.2963027596243
0.322938222758197 0.655075423975754 -0.968528804219225 1.61440524973562
1.33961019312512 0.393276077864988 0.564486113902073 2.11473427234816
0.540859408959495 0.539678764539794 -0.523093812678584 1.60481263059757
0.335741949473933 0.385260738492656 -0.423609863366182 1.09509376231405
0.420182576649106 0.35425696209863 -0.277979507392763 1.11834466069097
0.543860910867921 0.389254143220655 -0.223384003408895 1.31110582514474
1.02457976405589 0.2403555928795 0.551145975960688 1.49801355215109
0.852114854212541 0.2638542901607 0.33246659763235 1.37176311079273
0.880528981356817 0.289032364356732 0.311013252792332 1.4500447099213
0.873191319080033 0.380992487617528 0.122272631364001 1.62411000679606
0.899451098692394 0.252456905444808 0.402154824876634 1.39674737250815
0.576017340302705 0.218595101124006 0.145635708718408 1.006398971887
1.39687334704142 0.485202790628461 0.440431614961015 2.35331507912183
0.612776537482965 0.220939386197523 0.177669778635308 1.04788329633062
0.93520844822115 0.273229659781154 0.396964744794652 1.47345215164765
0.576987868713906 0.262530492561982 0.0598724807262337 1.09410325670158
1.00244600897213 0.197525973729442 0.613532589863984 1.39135942808028
0.462562843961463 0.266061846885345 -0.0615603618040241 0.98668604972695
0.576168160234545 0.356346705577618 -0.126136068972805 1.2784723894419
0.969854412416232 0.351862978318937 0.276394244445268 1.6633145803872
1.13413299027544 0.253059150381136 0.635611136124866 1.63265484442601
0.919950668155988 0.240260957552838 0.446765454992381 1.3931358813196
1.0367648997727 0.251564929980363 0.541263670409202 1.53226612913619
0.726310993455353 0.228662008954292 0.275926677094807 1.1766953098159
0.290663311473141 0.47034380291123 -0.636494601099194 1.21782122404548
0.444249643526652 0.567367877847471 -0.674260098601164 1.56275938565447
1.00878101795831 0.273300059250644 0.470336757425034 1.54722527849159
0.729543654084859 0.495316082585363 -0.246904003140984 1.7059913113107
1.07778411354889 0.210455557270101 0.663475569202492 1.49209265789529
0.753337426105528 0.318247961705173 0.126207666635595 1.38046718557546
0.458375790222163 0.199026537857557 0.0665009543671912 0.850250626077135
1.03408021328896 0.434191594863966 0.178249347184461 1.88991107939345
0.902279978175209 0.372595858912283 0.167888166311306 1.63667179003911
0.380730827415087 0.280268058385012 -0.171426800456567 0.932888455286741
1.09135207766945 0.315656091803769 0.469321080063403 1.71338307527549
0.842440114343991 0.310674483833335 0.230235613591638 1.45464461509634
1.10525936956276 0.550327033454616 0.0203109920105904 2.19020774711493
1.04109269434363 0.240184117216714 0.567999863012409 1.51418552567485
1.09715829501278 0.78590912304247 -0.452382557896857 2.64669914792242
0.690741245294557 0.232294700422406 0.233214781441932 1.14826770914718
0.654209876731421 0.303090558350959 0.056974853185904 1.25144490027694
0.643998331886488 0.178462144615731 0.292837953658794 0.995158710114182
1.59141778428683 0.378084516812482 0.846287979006512 2.33654758956715
1.07033663975442 0.321847480135157 0.4361033788269 1.70456990068195
0.39007008672462 0.301605125155121 -0.20419259743109 0.98433277088033
0.913827295381434 0.757141993151757 -0.579007446649995 2.40666203741286
0.94117325876522 0.538520354940263 -0.12044003786396 2.0027865553944
0.566341410614879 0.247740120845134 0.0783758623845155 1.05430695884524
0.334809765658067 0.342782453551494 -0.340695791551109 1.01031532286724
0.429733366399344 0.61960543100744 -0.791836579825299 1.65130331262399
0.671674264351262 0.353381364107276 -0.02479943976587 1.36814796846839
0.857099288242379 0.288175555539001 0.289299553419486 1.42489902306527
1.0147801883552 0.361512019860001 0.302286718769217 1.72727365794118
0.489871201388716 0.230591960516428 0.0357353902842976 0.944007012493135
0.708622693553711 0.204004873161148 0.306944553764911 1.11030083334251
0.533347348188259 0.250091858962167 0.0406820717510109 1.02601262462551
0.918137826338808 0.204396676752119 0.51569952504753 1.32057612763009
0.244016573441824 0.298856492913621 -0.344779446856077 0.832812593739724
0.487008515469107 0.211820588348897 0.0699067450413148 0.904110285896899
0.879578736607728 0.557531594209017 -0.219547786329493 1.97870525954495
0.848805667082021 0.219651968082086 0.416257369835941 1.2813539643281
0.906442297559725 0.368512605294141 0.18013005124552 1.63275454387393
0.814848806790848 0.366611503781315 0.092320419215956 1.53737719436574
0.485404748125847 0.525081921077706 -0.549685457773169 1.52049495402486
1.39621900400736 0.263366354526187 0.87745906526676 1.91497894274796
0.398505156437923 0.459811679800169 -0.507924059494811 1.30493437237066
1.16183966666632 0.418234945233186 0.337457849669123 1.98622148366352
1.11707088391949 0.439935826811663 0.249869625961359 1.98427214187763
0.911098570359225 0.243285262994738 0.431969664578882 1.39022747613957
1.01464336550578 0.271393674107538 0.479939719878382 1.54934701113318
0.511978085393936 0.289602523297648 -0.0586642139258604 1.08262038471373
0.783749072941447 0.154316807069134 0.480206300558386 1.08729184532451
0.976225556472643 0.268576566804005 0.447088283040908 1.50536282990438
0.647293277850044 0.351345014688525 -0.0451428634818868 1.33972941918197
0.195635024328085 0.306509487803396 -0.408305301111314 0.799575349767483
0.927352290281921 1.02497374058103 -1.09363861582175 2.94834319638559
0.445640416701747 0.317498488072852 -0.180016951284355 1.07129778468785
0.588608406124483 0.350897198127678 -0.102915796973256 1.28013260922222
0.705478728958738 0.184251371974563 0.34278526114238 1.0681721967751
0.996189391863634 0.269808008264939 0.464705940623063 1.5276728431042
0.971249527855903 0.3827132026931 0.216928954382978 1.72557010132883
0.741546073942966 0.452236610123953 -0.149912408484024 1.63300455636996
0.84243292109184 0.252693126193789 0.344613059248437 1.34025278293524
0.821784769869169 0.258689419505533 0.312184327428094 1.33138521231024
0.88785130762574 0.205541283324407 0.483117622070032 1.29258499318145
0.395361175482522 0.262301374085477 -0.121383460541324 0.912105811506367
0.873551613022515 0.58468747398111 -0.279135881456601 2.02623910750163
0.996832708824742 0.480091450192416 0.0504004295637782 1.94326498808571
0.85172420084373 0.163064736274887 0.530872279629948 1.17257612205751
0.912453280297673 0.184361429734801 0.549637423413586 1.27526913718176
1.01407866660649 0.84108667665236 -0.644245353772161 2.67240268698514
0.438707405042079 0.280285126731631 -0.113551392673492 0.990966202757651
0.814249252113455 0.257180760136967 0.307604470006987 1.32089403421992
0.512756487711259 0.287166123839604 -0.0530788654401546 1.07859184086267
0.707022948855545 0.239061989007201 0.236155237790871 1.17789065992022
1.35307146797056 0.314498426044671 0.733368763953239 1.97277417198789
0.851245913199416 0.363854037152477 0.134144482072196 1.56834734432664
0.717096171019578 0.301120355157213 0.12376315122676 1.3104291908124
0.469285625818242 0.242693090017595 -0.00876192364858691 0.947333175285071
0.109403139451508 0.603140013063641 -1.07961848340645 1.29842476230946
0.934459615618901 0.534799453084404 -0.119816953673904 1.98873618491171
0.487195449426433 0.334307203406446 -0.171638026351679 1.14602892520454
0.814976046307566 0.352646068666147 0.120008032782089 1.50994405983304
0.852667440710104 0.260182570839707 0.340075989508148 1.36525889191206
0.925114133712505 0.280714872025155 0.372066811061599 1.47816145636341
0.995732334888948 0.501035390673341 0.00801835329702638 1.98344631648087
0.608319177486918 0.374658844600879 -0.130123617991902 1.34676197296574
0.307387601711577 0.210188594327812 -0.10649080495218 0.721266008375333
0.512076091191095 0.226122648649777 0.0667473262482854 0.957404856133905
0.645013252536791 0.265975560104707 0.121011867680373 1.16901463739321
0.0236368042693587 0.23625706223666 -0.441648054412223 0.48892166295094
1.02907467822233 0.319455636809029 0.39956497744786 1.65858437899681
1.49220665462021 0.542349518383276 0.423044627859909 2.56136868138051
0.555986654785978 0.324803787263067 -0.0840761657962431 1.1960494753682
0.543202292618409 0.523323626869874 -0.488478922300175 1.57488350753699
0.840062134138524 0.25125466308229 0.345077637639822 1.33504663063723
0.580413022715259 0.301738174617639 -0.0141734773146808 1.1749995227452
0.836556234166463 0.225891629380717 0.3917460991094 1.28136636922353
0.527285955521686 0.223204550567913 0.0878240248917749 0.966747886151597
1.40920633350387 0.547010321996829 0.330850171775823 2.48756249523191
0.865119747202624 0.245663584842384 0.381180093390699 1.34905940101455
0.52168050680236 0.557128988549843 -0.576647717942151 1.62000873154687
0.610305763212168 0.587548746532269 -0.548052261164554 1.76866378758889
0.863791778098748 0.33248562323765 0.208558052721854 1.51902550347564
1.02526635008791 0.179233783199647 0.67246099612005 1.37807170405576
0.803131934995496 0.306278588185816 0.199603355483064 1.40666051450793
0.817436709615906 0.564407972392622 -0.295258749550394 1.93013216878221
1.00549748478934 0.192359948045033 0.626841367050889 1.38415360252778
0.521662136273492 0.360020621844063 -0.187845932624525 1.23117020517151
0.816993413283482 0.180640460641639 0.461422840250737 1.17256398631623
0.658988806411884 0.191856811465177 0.281277930813742 1.03669968201003
0.972644691021553 0.181738315936315 0.615021391850943 1.33026799019216
0.512276980309471 0.272121761588643 -0.0238268054861089 1.04838076610505
0.86021343001166 0.240110604681121 0.387243533953819 1.3331833260695
0.872635891903338 0.61805999319039 -0.345904391300259 2.09117617510694
0.672399658047067 0.456193248234219 -0.226868630669569 1.5716679467637
0.189451520649589 0.473499978627539 -0.743902175412953 1.12280521671213
0.316989223293823 0.603270009411087 -0.872317908927189 1.50629635551484
0.980924597562005 0.312331438441886 0.365450548971554 1.59639864615246
1.44151454791664 0.251331303929639 0.946477816701895 1.93655127913138
0.499095816521186 0.202018427749225 0.101354161705311 0.896837471337061
0.634918110681633 0.259278721752346 0.12411763883978 1.14571858252349
1.07154185065691 0.373482678116794 0.335411784905698 1.80767191640813
0.825844746283082 0.369294374051785 0.097980873640181 1.55370861892598
0.959496857033271 0.568405341993791 -0.161075214338044 2.08006892840459
0.558570298322318 0.253008857788687 0.0601356689169354 1.0570049277277
1.15140036690356 0.604386079189146 -0.0400983910957893 2.3428991249029
0.61042921312969 1.34631632027371 -2.04424289618884 3.26510132244822
0.896155231067352 0.256801879192573 0.390282601076213 1.40202786105849
1.05231533902305 0.19011328621349 0.678159374790793 1.42647130325531
0.601241468305719 0.206363251294569 0.194927992936408 1.00755494367503
0.824904958051066 0.387867436812773 0.0604472731916187 1.58936264291051
0.341621157120131 0.332473182702359 -0.313506654046274 0.996748968286536
0.399711085480803 0.186694931781379 0.0322136920346386 0.767208478926968
0.826260936839425 0.342129561339515 0.151959428909986 1.50056244476886
0.945360689576416 0.374307323208779 0.207648153370753 1.68307322578208
0.666390307471232 0.461042383087224 -0.242453207945721 1.57523382288818
0.823917398007046 0.476430377807262 -0.115258634091308 1.7630934301054
0.538647047536821 0.394056172952307 -0.238080167611071 1.31537426268471
0.604036606700266 0.264755310758696 0.0824605054107752 1.12561270798976
0.59454052817625 0.444532693411757 -0.281678685458663 1.47075974181116
0.644298298973001 0.385996561184697 -0.116452056889524 1.40504865483553
0.840157606628095 0.22045217692741 0.406027447661588 1.2742877655946
0.566169041182196 0.342891085221566 -0.10960605873468 1.24194414109907
1.05450115142687 0.456098898320936 0.155535702660729 1.953466600193
0.68939216628503 0.294232274926182 0.109641804358909 1.26914252821115
0.986490894416379 0.414199536457346 0.170065629073588 1.80291615975917
0.899149572430864 0.39715953236849 0.116346933119196 1.68195221174253
0.567043477110385 0.305676870107006 -0.0352748667751525 1.16936182099592
0.834088613137243 0.232459212454482 0.376262180203527 1.29191504607096
0.720464508151503 0.538303588095809 -0.340718221302712 1.78164723760572
0.786676949810635 0.609219271121759 -0.414365928920244 1.98771982854151
0.692743480687346 0.366314587223288 -0.0292622334261262 1.41474919480082
0.984270931295834 0.783023154269005 -0.559583698075798 2.52812556066747
0.722887257870121 0.360608843765441 0.0121117853669562 1.43366273037329
0.739393014537334 0.210694046915046 0.32468511626942 1.15410091280525
0.850079336625751 0.325544989000622 0.208562960956227 1.49159571229527
0.755721746336994 0.266096255140927 0.231510940738607 1.27993255193538
0.783628148867285 0.379081229411947 0.0365016847188065 1.53075461301576
0.751250596869111 0.26430281411111 0.230561403766241 1.27193978997198
1.10904357910624 0.340403657666482 0.438308495968854 1.77977866224362
0.798578277696008 0.373948113101862 0.0615986011524694 1.53555795423955
1.05803709034123 0.252507167763628 0.560673365399634 1.55540081528282
0.528507915959434 0.459251079038602 -0.376767519823988 1.43378335174286
0.638736563225739 0.2089668702982 0.227243703387526 1.05022942306395
0.90770531284292 0.220106571615061 0.474352395966011 1.34105822971983
1.03566684350875 0.186324311666939 0.668918310198306 1.40241537681919
0.676223534046595 0.261084579876598 0.16189555431616 1.19055151377703
0.652405846795259 0.349495850325586 -0.036354510879808 1.34116620447033
0.615446095136623 0.221723742816143 0.178803701047645 1.0520884892256
1.04115772489957 0.610897132984258 -0.163205874239384 2.24552132403853
0.863790049045303 0.277181655577164 0.317623336285741 1.40995676180486
0.675356720964206 0.226466642592169 0.229343595010047 1.12136984691836
0.963137249251402 0.443322657741469 0.0892702269095241 1.83700427159328
0.691841622223758 0.456396594808468 -0.207849600116555 1.59153284456407
0.701403950320023 0.527355750228483 -0.338252358359071 1.74106025899912
1.19933496086627 0.441437550914407 0.329180487718852 2.06948943401369
0.91067947132978 0.289994951429596 0.339286103212742 1.48207283944682
0.716144364660605 0.452175654445995 -0.175202020791159 1.60749075011237
0.411806935129723 0.498244147218822 -0.570359612160585 1.39397348242003
1.15186974104371 0.529188628336437 0.108648100700458 2.19509138138695
0.930351200430148 0.219326321882666 0.4984025015972 1.3622998992631
0.564907469788376 0.301795089704564 -0.0297165430928858 1.15953148266964
0.514217805763157 0.27965870067904 -0.0367042570564955 1.06513986858281
0.745394918143278 0.225038395089203 0.302164495202545 1.18862534108401
0.982942845763312 0.37401455436208 0.245728438690201 1.72015725283642
0.575878446113022 0.270749691789689 0.0424219139644738 1.10933497826157
0.0567513322936648 0.930762734565866 -1.77841123516407 1.8919138997514
0.70313943787892 0.180798360910017 0.347298490767031 1.05898038499081
1.10984249406859 0.349269515813023 0.421527643917274 1.7981573442199
0.547255427945167 0.32035597669644 -0.0840622717134485 1.17857312760378
0.532176780461211 0.197970780421842 0.142374012082642 0.921979548839781
0.731752968581378 0.216260715346162 0.305976269928082 1.15752966723467
0.418836271199649 0.495721472866357 -0.558424112623069 1.39609665502237
0.560311047879511 0.416065286054627 -0.259747904745301 1.38037000050432
1.24104363955533 0.616624028347234 0.0253465093944234 2.45674076971624
0.43749449952095 0.261621889929415 -0.0779158919162585 0.952904890958158
0.685817725067081 0.249671332874987 0.194028473925557 1.1776069762086
0.533565149633117 0.21304021821505 0.11410289475382 0.953027404512413
0.569681566978787 0.252173104210211 0.0728725964970823 1.06649053746049
0.407258859861929 0.2085281151821 -0.00339038318591917 0.817908102909778
0.751720429216205 0.385235806098914 -0.00756672047906504 1.51100757891148
0.738649376223147 0.190896521792683 0.362784881781956 1.11451387066434
0.621805072557224 0.275364832833972 0.0793140680757846 1.16429607703866
0.564127132923183 0.514625812613828 -0.450359568326026 1.57861383417239
0.536308387555811 0.385421509051544 -0.223355799272552 1.29597257438417
0.646257720662656 0.44332776145608 -0.227613531023075 1.52012897234839
0.797562631998991 0.389631194919103 0.0295812025521359 1.56554406144585
0.564156405753621 0.311730763384512 -0.050133890936898 1.17844670244414
0.522496081443641 0.39877022446782 -0.26352752581273 1.30851968870001
0.831020998685627 0.4822078855958 -0.119570067542523 1.78161206491378
0.912370752688801 0.233818232751174 0.451831729384459 1.37290977599314
0.813754174001359 0.241813980179239 0.337451181809798 1.29005716619292
1.3861889102639 0.492383981098404 0.415534968348241 2.35684285217956
0.784007354582202 0.229651983273809 0.331711283716148 1.23630342544826
0.673047662294672 0.346929735073701 -0.0106484435205925 1.35674376810994
0.697945874474224 0.541813774549569 -0.37015820928533 1.76604995823378
0.688771450590397 0.260788670902925 0.174983666395164 1.20255923478563
0.661072685215929 0.190510308600679 0.286089853916837 1.03605551651502
0.63079014565861 0.190412640779575 0.255998855262663 1.00558143605456
1.0368767621543 0.152750266360562 0.736410706481448 1.33734281782714
0.84755231157355 0.438376508990287 -0.0165641905103644 1.71166881365746
1.23474498755806 0.314715169003478 0.614555821379546 1.85493415373658
1.20665662913477 0.661859122557229 -0.0982503860026092 2.51156364427216
0.86050955785608 0.389198637639642 0.0933558915446419 1.62766322416752
0.661546690116546 0.207185080520136 0.253668578807445 1.06942480142565
1.28867310058713 0.396371321027235 0.507443106330925 2.06990309484334
0.357450564112811 0.238556571065631 -0.112407614232253 0.827308742457874
1.04604188848567 0.220060517592 0.612671957124155 1.47941181984719
0.341683598318988 0.272835075861393 -0.195834099737452 0.879201296375429
1.07882151478761 0.321786329260381 0.444688679483189 1.71295435009204
0.864213629722845 0.183123749913548 0.503790544622615 1.22463671482308
0.726190251187482 0.208292329253805 0.316120361747797 1.13626014062717
0.711413087420295 0.298927580762659 0.122430609973246 1.30039556486734
0.595338206854288 0.262564388926909 0.0781116155288349 1.11256479817974
0.946202693872604 0.295957533278305 0.363030403773159 1.52937498397205
0.82671282080162 0.176997183013416 0.478346646010911 1.17507899559233
-0.0927172290089429 0.423109471910492 -0.926681306019909 0.741246848002023
0.645024288726376 0.243963972604842 0.164514276362194 1.12553430109056
0.761182836806904 0.528449432485227 -0.280633213826957 1.80299888744076
0.208545939073535 0.331032067842489 -0.443782725319065 0.860874603466134
1.41830628032265 0.503056111969095 0.42665485326889 2.40995770737641
0.646158982488546 0.702797600558235 -0.7394582141148 2.03177617909189
0.6986435991383 0.226430576132357 0.252656944426787 1.14463025384981
0.442880729166206 0.165766702783611 0.116829878118207 0.768931580214206
0.84604788117278 0.217626222516965 0.417517378904789 1.27457838344077
1.29436754789043 1.0963401381378 -0.867326163277891 3.45606125905876
0.927237625714339 0.29705395200078 0.34192221548757 1.51255303594111
0.956755029953506 0.260568097123927 0.443477334642091 1.47003272526492
0.643453575874456 0.325334641134893 0.00231384581093297 1.28459330593798
0.948787612513247 0.304331887682389 0.349104869217492 1.548470355809
0.817177782443693 0.295821864250095 0.234324229130198 1.40003133575719
0.551848668584454 0.196577788834733 0.164856784849234 0.938840552319675
0.971906183127331 0.523051890877011 -0.0592131098044963 2.00302547605916
0.98043697214365 1.01293459834821 -1.01684358132428 2.97771752561158
0.429556620674294 0.346520386190243 -0.253291627337392 1.11240486868598
1.01614135709741 0.338823720604816 0.348387415824737 1.68389529837008
0.709968914984296 0.36213378052204 -0.00377332360224047 1.42371115357083
0.526463760604167 0.493683517465537 -0.446706688501489 1.49963420970982
0.549684215513601 0.196126345249834 0.163581447565407 0.935786983461794
1.40745232547012 0.366021793441273 0.686139278421154 2.12876537251908
0.533104972069279 0.238254111241469 0.063894832836371 1.00231511130219
1.12837255632565 0.479964209809318 0.182215094568293 2.07453001808302
0.813576130735305 0.267746938982326 0.286096793639516 1.34105546783109
0.655165968806688 0.262439033198074 0.138234745211302 1.17209719240207
0.697447372459916 0.309811999563487 0.0869170788988313 1.307977666021
1.08867780438403 0.192068599171054 0.71062198115071 1.46673362761735
0.790340913948594 0.264816883333171 0.268655472586605 1.31202635531058
0.389591369796624 0.384004351574558 -0.367236426854701 1.14641916644795
0.913762140125103 0.227444300899617 0.465740435955243 1.36178384429496
0.805571553127509 0.41320750466048 -0.0088920713533166 1.62003517760833
0.778954134269214 0.351375969436881 0.0864593362481112 1.47144893229032
0.271198038442744 0.293513444518025 -0.307203991079329 0.849600067964817
0.933467723184 0.23345701119587 0.473676524382131 1.39325892198587
0.739573054944852 0.514672969772555 -0.275019583348858 1.75416569323856
0.594982431687817 0.19896830475082 0.203225308036881 0.986739555338753
0.954948604610865 0.238021181413521 0.486200089422377 1.42369711979935
0.883292990375393 0.386363093793625 0.12171749628085 1.64486848446994
0.980984021399844 0.254423136403789 0.479836695221259 1.48213134757843
0.685179267780169 0.260843237269619 0.171303565229447 1.19905497033089
0.587101820358869 0.398645921728003 -0.198670997280939 1.37287463799868
0.715020798689753 0.297955367413851 0.127949853638743 1.30209174374076
0.588833830782754 0.30793760174989 -0.0178855921950258 1.19555325376053
0.52164862099068 0.421142145999507 -0.308449907419933 1.35174714940129
0.46755998472625 0.498870587617233 -0.515850744517956 1.45097071397046
0.706474598632783 0.219175443117428 0.27489898612151 1.13805021114406
0.931811798602934 0.387339631020503 0.168384225871536 1.69523937133433
0.325876003627054 0.192043175430198 -0.0520987504042738 0.703850757658382
0.737870494849955 0.23916684088876 0.266809426821672 1.20893156287824
0.730619818277034 0.220840234106399 0.29569262235005 1.16554701420402
0.373856087278603 0.319877653971879 -0.256444846857885 1.00415702141509
0.59608512696651 0.27394622538557 0.0564128586768157 1.13575739525621
1.19685396306015 0.443729563884738 0.322172750728986 2.07153517539131
1.10381722623854 0.247588409427296 0.616128592941326 1.59150585953576
0.642896607619893 0.229714675162699 0.190459305208832 1.09533391003095
1.30259088188386 0.529846168930335 0.258067738176956 2.34711402559076
0.564456370895409 0.197958706592604 0.174793131240386 0.954119610550431
0.73911495426943 0.215172650482822 0.315408184442885 1.16282172409597
0.720984432453233 0.204926564233726 0.31746258540435 1.12450627950212
0.728255869823974 0.534925534910061 -0.326294106045705 1.78280584569365
0.910408508839203 0.225322785256946 0.466599544379173 1.35421747329923
0.675099113295267 0.211586624526655 0.258467919510822 1.09173030707971
0.684142234851295 0.317730580727343 0.0580466939708645 1.31023777573173
0.615982257906437 0.200034641200171 0.22213243758558 1.00983207822729
0.57991543686783 0.266001095003546 0.0558924514990795 1.10393842223658
1.00274999733666 0.158174649022913 0.691695200291277 1.31380479438204
0.756228676830047 0.418104979044618 -0.067921548735703 1.5803789023958
1.24935424291871 0.342266531659678 0.574867806700168 1.92384067913725
1.05037149571869 0.248636837504769 0.560628753279461 1.54011423815792
0.605710221823588 0.397278475176424 -0.177308682628096 1.38872912627527
0.892856296998699 0.293271538017338 0.315050361533289 1.47066223246411
0.896916453143377 0.418347646303234 0.0723443803078636 1.72148852597889
0.51817570700411 0.175606521044501 0.172598261619193 0.863753152389027
0.339896093216573 0.383095271330084 -0.41514159313932 1.09493377957247
0.579759541700606 0.253668441721825 0.0800870576670575 1.07943202573415
0.895267326275536 0.697885093304069 -0.480699593821359 2.27123424637243
1.03521066670556 0.175963795274285 0.688926824200068 1.38149450921104
0.92765724913021 0.213886543448112 0.506565819689308 1.34874867857111
0.702194804075413 0.245960964721919 0.217696623203409 1.18669298494742
0.794782198280295 0.199725170806914 0.401571291692076 1.18799310486851
0.913219974571045 0.194295563594154 0.530707687386935 1.29573226175515
0.676669393075096 0.261046907587579 0.162370123939569 1.19096866221062
0.481738760347394 0.310853941524375 -0.130776413780583 1.09425393447537
0.554664418064662 0.307275493870767 -0.0507835444711444 1.16011238060047
0.940237054439211 0.2219799839833 0.503200089018159 1.37727401986026
0.887272421560887 0.196712109311523 0.500004923179003 1.27453991994277
0.0899196845260585 0.68424921558429 -1.25911572809999 1.43895509715211
0.356817688170006 0.704609956346222 -1.03240524167314 1.74604061801316
0.636868662696398 0.330599351331972 -0.0146766257881783 1.28841395118098
0.764303961249254 0.192092121180933 0.386152829163806 1.1424550933347
0.440729749940712 0.294375670994186 -0.139253355770292 1.02071285565172
0.358370221658442 0.269997275653351 -0.173549032292915 0.890289475609799
0.722654219433738 0.238944057050658 0.251978479824232 1.19332995904324
0.904273694378854 0.241349566359348 0.428853907894892 1.37969348086281
0.886529720553516 0.246256041589422 0.401525169181401 1.37153427192563
0.591597906329181 0.188857842529894 0.219878381344878 0.963317431313484
0.395127378034519 0.367145347071938 -0.328518639295557 1.1187733953646
0.866056469984795 0.287323647056953 0.299899089640798 1.43221385032879
1.06660754965673 0.205843103683306 0.661320461709735 1.47189463760373
0.310295784276987 0.438735891033622 -0.554549797421274 1.17514136597525
0.504573783755356 0.25462517007333 0.00298676890860117 1.00616079860211
0.464843073528327 0.20120006998687 0.0686824279778799 0.861003719078774
0.792329856748204 0.193253451943134 0.411913069042485 1.17274664445392
0.313102974563676 0.338681473520122 -0.35431318095965 0.980519130087002
1.03366298398241 0.49879369331424 0.0503783934361258 2.01694757452869
1.06570637310563 0.264132040819693 0.545355706415218 1.58605703979605
0.415948654782428 0.26147976167007 -0.0991951488299975 0.931092458394853
0.637487585414057 0.224332125099758 0.195731480636387 1.07924369019173
0.951329600815222 0.596182225175154 -0.224026137610042 2.12668533924049
0.777348102889542 0.392544611085239 0.00361880038832096 1.55107740539076
-0.056539355186271 0.374950938657845 -0.795552312492787 0.682473602120245
1.09874616335303 0.220518589072638 0.664586789014127 1.53290553769193
0.173227188239078 0.30067017984269 -0.419260576715256 0.765714953193411
0.331672793931635 0.288940637131809 -0.23764744960014 0.900993037463409
0.790011393162806 0.449214058402881 -0.0954915002075719 1.67551428653318
0.646162570990926 0.405923303452347 -0.154010640538356 1.44633578252021
0.606411518137212 0.366208887861308 -0.115357305369142 1.32818034164357
0.80737807619806 0.521590673111918 -0.220865532340761 1.83562168473688
0.901164311725378 0.304908256581483 0.300336424253271 1.50199219919749
0.756725964996304 0.328492910476465 0.109333295201097 1.40411863479151
0.481226339787778 0.297378552309042 -0.104761168390825 1.06721384796638
0.778052321264261 0.21253121567285 0.359489008824077 1.19661563370445
0.207162985533749 0.430550732115318 -0.64146698245166 1.05579295351916
0.558653854344874 0.377226824525442 -0.184874005923044 1.30218171461279
0.65209964727939 0.3507547120672 -0.0391464309291042 1.34334572548788
0.743933389475853 0.273685666958561 0.204722432324552 1.28314434662715
0.695933867840193 0.242015515905212 0.219216259807834 1.17265147587255
0.799323419933156 0.305583532035802 0.197132475373017 1.4015143644933
1.28962878308087 0.246471891954668 0.804174307844137 1.77508325831761
0.530099394374334 0.294450107093365 -0.050040647197814 1.11023943594648
0.624382435705357 0.359822564095116 -0.0847965108980854 1.3335613823088
0.616215792429884 0.256794160815871 0.1103649203609 1.12206666449887
0.598498100080758 0.434086121765567 -0.257151466723921 1.45414766688544
0.372653547591697 0.42996279445646 -0.47485383121887 1.22016092640226
0.639612468623402 0.246549400670803 0.153942569306782 1.12528236794002
0.265486094724408 0.318837116133645 -0.362751345650677 0.893723535099493
0.736927578588012 0.253260493876653 0.238018634382166 1.23583652279386
0.517689643978015 0.244883222032972 0.0353664878311358 1.00001280012489
0.729115911922557 0.502599207870708 -0.261702954065734 1.71993477791085
0.746960197165749 0.26511390075187 0.224663319485283 1.26925707484622
1.16352643279703 0.415055705453877 0.345436379216051 1.981616486378
0.945464554339614 0.237589710519531 0.47752158552993 1.4134075231493
0.774258648465285 0.258286883906293 0.265371196711019 1.28314610021955
0.81334963298427 0.380000015118165 0.0643857368199043 1.56231352914863
0.924321779741948 0.203436461793388 0.523773086622982 1.32487047286091
0.671262989100492 0.480861000349157 -0.276654031801548 1.61918001000253
0.86510636339914 0.336240976069535 0.20246166915942 1.52775105763886
0.533063930941598 0.836980715913568 -1.11717171090547 2.18329957278866
0.827263823811175 0.26853773698609 0.29826223922615 1.3562654083962
0.685959188239391 0.25976113900547 0.174292794791785 1.197625581687
0.731146559828729 0.257810242588382 0.223296966811999 1.23899615284546
0.659509727275613 0.203460050907968 0.258897298571499 1.06012215597973
0.551023591880985 0.218460442864166 0.120780955792183 0.981266227969788
0.875730769047284 0.360652711718987 0.164958915882998 1.58650262221157
0.727186974498252 0.227169920185166 0.279759656142133 1.17461429285437
0.747435080091828 0.360561353094104 0.0368051717511054 1.45806498843255
1.04157010370287 0.59007467511478 -0.121753241068082 2.20489344847383
1.02035208326039 0.246167905839491 0.535444524379426 1.50525964214135
0.749118972391611 0.363575270999445 0.0325241334220625 1.46571381136116
1.02414788640587 0.244836309380052 0.541851873025887 1.50644389978586
0.965895389947736 0.302884098552355 0.369087097929887 1.56270368196558
1.50041373734054 0.903485593746233 -0.280957607287883 3.28178508196895
1.21307130662874 0.404829291415912 0.415206810740324 2.01093580251715
0.28016091063462 0.3712430636803 -0.451478996849362 1.0118008181186
0.932574810882531 0.271611150193454 0.397512843122132 1.46763677864293
0.856975747043252 0.334308552904587 0.198138987807985 1.51581250627852
0.738198744292285 0.221624830298294 0.301728661896661 1.17466882668791
0.550879086958641 0.501467325979208 -0.437704733754448 1.53946290767173
0.909064535484223 0.367778877398473 0.184183891898085 1.63394517907036
0.917848361336635 0.343769927454516 0.240392786250971 1.5953039364223
0.461149560691873 0.215832777838063 0.0360946188311453 0.8862045025526
0.460688370946289 0.260810600254674 -0.0530870343379913 0.974463776230569
1.13900385783475 0.43801543192554 0.275594001684519 2.00241371398498
0.811400738691137 0.181843145647538 0.453489432231791 1.16931204515048
0.937810590224519 0.294278750047097 0.358009752169277 1.51761142827976
1.05592989455822 0.30070788685707 0.463387308010847 1.6484724811056
0.765227438649657 0.250984488815399 0.270814894606673 1.25963998269264
0.842504245455674 0.30967000045724 0.232320266829089 1.45268822408226
0.830620536838838 0.44696980891203 -0.0504210203743332 1.71166209405201
0.599544687598175 0.21935826293275 0.167552304899204 1.03153707029715
1.01119037537546 0.407754964676071 0.207475624959162 1.81490512579176
0.729615500063961 0.218964565895975 0.298451671363886 1.16077932876404
0.673844101375987 0.226193831483597 0.228396607057977 1.119291595694
0.569716990203942 0.355397326153236 -0.130712339707936 1.27014632011582
0.75179274590121 0.250022472628945 0.259350997843369 1.24423449395905
0.753341222101833 0.3099443279168 0.142586414260853 1.36409602994281
0.484424875579282 0.321598502310433 -0.149316931501775 1.11816668266034
0.959136186235136 0.475858039143143 0.0210807517022281 1.89719162076804
0.510728784229598 0.226606368581479 0.0644223091479921 0.957035259311203
0.246178552042235 0.325099598950028 -0.394480719585017 0.886837823669488
1.60938725767005 0.555674349971383 0.513910604269188 2.70486391107091
0.805061451147461 0.303255551271501 0.207598891739426 1.4025240105555
0.575998213945841 0.254963796530398 0.0737353974751349 1.07826103041655
0.769128783182255 0.248265569278506 0.280161123745393 1.25809644261912
2.03854360447588 0.572587243330581 0.909830280219791 3.16725692873196
1.25207990851678 0.515940569806886 0.235030981593751 2.26912883543981
0.578818167699595 0.299001319443792 -0.0103393250711609 1.16797566047035
0.443169786844083 0.266898332961293 -0.08260502638268 0.968944600070846
0.708056471100829 0.204185461273886 0.306068673709592 1.11004426849207
1.06550005999501 0.266512533513036 0.540408559836293 1.59059156015372
1.4263542610337 0.287377309849707 0.860270940167319 1.99243758190008
0.454309636239832 0.221059360375768 0.018977985950021 0.889641286529643
0.843486732416127 0.464007464684507 -0.0711500426974898 1.75812350752974
0.425459819095629 0.281934322562906 -0.130049628091307 0.980969266282566
0.809714780278361 0.191731283476911 0.432349556293148 1.18708000426357
0.559272272017128 0.242800667996117 0.0810053647917203 1.03753917924254
0.743898724907133 0.249609434389886 0.252196144066568 1.2356013057477
0.915029462539308 0.461589610219002 0.00511859810786996 1.82494032697075
0.79885457826225 0.447825913654909 -0.0839187295416871 1.68162788606619
0.690572231772592 0.253646350584732 0.190893137007098 1.19025132653809
0.477608713487783 0.239806903280522 0.00526229024244995 0.949955136733117
0.46752351921524 0.238895291847974 -0.00299503416006541 0.938042072590545
0.601345079573601 0.359321698517983 -0.10684362236122 1.30953378150842
0.523997520498142 0.230142657678229 0.0707716161402432 0.977223424856042
