estimate std lowerCI upperCI
0.628276448993525 0.204387916738743 0.225734557526032 1.03081834046102
0.733230568439949 0.228435326912727 0.283215312232487 1.18324582464741
0.651165420516682 0.386680037592655 -0.111044893290717 1.41337573432408
0.537412742301406 0.242893670350992 0.0588036084155186 1.01602187618729
0.532758588858338 0.30226984906577 -0.0629094225758516 1.12842660029253
0.558754205516076 0.282674516105138 0.00176608008961743 1.11574233094254
0.645195620289029 0.186838533768132 0.277300278523178 1.01309096205488
0.690552715258813 0.190205377162553 0.315997321156972 1.06510810936065
0.723124667490954 0.155593905980049 0.416856070165568 1.02939326481634
0.578698090037003 0.186188837261704 0.212090820987859 0.945305359086146
0.940077103662833 0.259329160280182 0.429063007278009 1.45109120004766
1.00671092011899 0.22035173083641 0.572663962104044 1.44075787813394
0.61657098250751 0.17067316136402 0.280565734958791 0.952576230056229
0.645932667773003 0.228886333828845 0.195041351278914 1.09682398426709
0.542127536683262 0.157557092595459 0.232006224383593 0.852248848982931
1.09644551465563 0.1625929708245 0.776350239882423 1.41654078942884
0.748404198205878 0.222935309174359 0.309232769829362 1.1875756265824
0.872553391390946 0.205738297709324 0.467313452869422 1.27779332991247
0.757944522864657 0.273934358037844 0.218135863531489 1.29775318219782
0.64504972672414 0.280697829498334 0.0919145900890621 1.19818486335922
0.634868661150271 0.194990064017464 0.250826872916633 1.01891044938391
0.759736399139704 0.306291769643756 0.156078496733962 1.36339430154545
0.915255017499705 0.221693642100555 0.478565668019908 1.3519443669795
0.518371502035038 0.297188885654807 -0.067286628917987 1.10402963298806
0.703228113960739 0.194116752696315 0.320954230041052 1.08550199788043
0.623111326894173 0.220933501884176 0.187862977434216 1.05835967635413
0.561867743121638 0.405109507924518 -0.236633982122079 1.36036946836535
1.10228981213854 0.250426339061272 0.608896999713183 1.5956826245639
0.578334480998047 0.348124966216303 -0.107848105832864 1.26451706782896
0.263251855309976 0.300905094745649 -0.329782061956095 0.856285772576048
0.582256759343309 0.233551477405651 0.122157938321894 1.04235558036472
0.629297329875508 0.246365894889056 0.143860194025404 1.11473446572561
0.850241565227062 0.192311594120589 0.471508912762678 1.22897421769145
1.05206968956261 0.253838936631284 0.551986714727533 1.5521526643977
0.987070109692138 0.216080943989793 0.561428946314121 1.41271127307016
0.761821811298193 0.249830338964225 0.269585399293708 1.25405822330268
0.964728280765671 0.188320904887107 0.593910252762323 1.33554630876902
0.668663689856899 0.172719834385327 0.328663265928845 1.00866411378495
1.1841208138807 0.325481611006262 0.542680811679056 1.82556081608233
0.735804626806571 0.166565599121093 0.407909534044679 1.06369971956846
0.841562564939546 0.226107804822308 0.396161438247722 1.28696369163137
0.708116175356552 0.228797080670334 0.257431469357336 1.15880088135577
0.817553284099952 0.148540795721209 0.52521078225631 1.10989578594359
0.507234617836793 0.208225984450637 0.0971195476243373 0.917349688049248
0.567561562376755 0.235484143292435 0.103630819733076 1.03149230502043
0.869814851803625 0.238410209195298 0.400101256975197 1.33952844663205
1.02863465209173 0.194936024631646 0.644702574928396 1.41256672925506
0.798715106386312 0.237034225834828 0.331741942256328 1.2656882705163
1.02565647168824 0.210207002683414 0.611634795041534 1.43967814833496
0.730545113700791 0.18619333686527 0.363863524231982 1.0972267031696
0.447949939704426 0.323026422240936 -0.18868817937576 1.08458805878461
0.616395344334335 0.389668074795622 -0.151688910236201 1.38447959890487
1.01529176670118 0.203121830865516 0.615207334810232 1.41537619859212
0.739664879180915 0.30693945219448 0.134732489229225 1.3445972691326
0.955423620407423 0.190778635340868 0.579789364009216 1.33105787680563
0.741584244330843 0.213988301054754 0.320076055724957 1.16309243293673
0.514268967224226 0.14966899458606 0.219692802676911 0.80884513177154
0.912987819220062 0.285828409051391 0.349737512641163 1.47623812579896
0.845931972026667 0.252498748079156 0.348386410498101 1.34347753355523
0.606816277581274 0.200442547491542 0.212078274506334 1.00155428065621
1.00276962367336 0.212237265379512 0.584703493589296 1.42083575375742
0.749400300350768 0.225700552151809 0.304771239165403 1.19402936153613
0.974544515837899 0.350988034142322 0.282723042484339 1.66636598919146
0.966128405791411 0.176338821664485 0.618937552874886 1.31331925870794
0.973897176832266 0.484049805712974 0.0196555700746786 1.92813878358985
0.788172221698402 0.193581660923547 0.406919828191894 1.16942461520491
0.649717978055753 0.211798496223005 0.23252381461793 1.06691214149358
0.879889977031727 0.166362577059846 0.552424264883417 1.20735568918004
1.27726262211021 0.242023926192425 0.800464594293338 1.75406064992708
0.88141063687687 0.221961296149849 0.444170934080153 1.31865033967359
0.571575927935917 0.203473093222688 0.170846519588199 0.972305336283635
0.944485667290764 0.480761326324406 -0.0033062167872504 1.89227755136878
0.960300484584749 0.352701205591805 0.265151190434772 1.65544977873473
0.793149607044821 0.224608563727 0.350683259882971 1.23561595420667
0.569961333577201 0.259104170092492 0.059430423574458 1.08049224357994
0.436682017921582 0.418654588729482 -0.388604556910629 1.26196859275379
0.622007437955987 0.230327922525372 0.168224439008129 1.07579043690384
0.768599276420222 0.214542716484197 0.345983769550636 1.19121478328981
0.933238858833597 0.251114860122896 0.438482697774688 1.42799501989251
0.629829948475396 0.175380978368224 0.284522354882714 0.975137542068079
0.825914605276732 0.146716764010772 0.537190460072561 1.1146387504809
0.468976651567089 0.17887081299844 0.116747754261398 0.82120554887278
0.795532300487379 0.182019974237033 0.437132867418067 1.15393173355669
0.177951286180821 0.247914901676263 -0.310440804405046 0.666343376766687
0.516782099930686 0.173105531320937 0.175963128387223 0.857601071474149
0.89324842122616 0.357647053747386 0.188316662706917 1.5981801797454
0.857197923918013 0.200034286936357 0.463203374639357 1.25119247319667
0.815716390593067 0.25661550387662 0.310064999636669 1.32136778154946
0.719334074343306 0.246477094184738 0.233745061072242 1.20492308761437
0.864981165514054 0.373836149147164 0.128158992581924 1.60180333844618
1.18754818784924 0.217954683764115 0.758262806693852 1.61683356900464
0.549833844927651 0.303075935808265 -0.0474709284072663 1.14713861826257
1.03097782863068 0.308090247537512 0.423796842739997 1.63815881452136
1.10964691810309 0.273956529521917 0.569796535701925 1.64949730050426
0.811746738338645 0.198095419126172 0.421652452635941 1.20184102404135
0.864126219280757 0.204964424054537 0.460403921732792 1.26784851682872
0.545841546149107 0.20462402354175 0.142764106943652 0.948918985354562
0.76227749772287 0.161948347393615 0.443497486502367 1.08105750894337
0.963775171517554 0.183830404549775 0.601763263016221 1.32578708001889
0.821900666746935 0.268546514693731 0.292720267316585 1.35108106617729
0.411376516848102 0.212059756169206 -0.00629592672218177 0.829048960418386
0.967337571724563 0.625161166992807 -0.265203044777997 2.19987818822712
0.600197166975203 0.250915904758758 0.105796254688666 1.09459807926174
0.733284117601015 0.240236127361638 0.25999235232641 1.20657588287562
0.712927923674545 0.160982876110754 0.396033003241246 1.02982284410784
0.831481461233901 0.198803583541437 0.439992079864444 1.22297084260336
0.815039101365441 0.258759153907067 0.30518187254914 1.32489633018174
0.7806821232191 0.319915203133915 0.15015570905228 1.41120853738592
0.863847599191439 0.175251387297029 0.518749505686788 1.20894569269609
0.842422273647845 0.196523205320862 0.455421536381268 1.22942301091442
0.869590785226608 0.160220051161559 0.554213072262032 1.18496849819118
0.607776916317382 0.196182714689277 0.221398313531249 0.994155519103516
0.883573040462793 0.417356898613411 0.0608702955050083 1.70627578542058
0.883293250209118 0.322211280764495 0.248231643695935 1.5183548567223
0.764857848993908 0.146770483391016 0.476025946066278 1.05368975192154
0.704220329341439 0.178102719740159 0.353539440353559 1.05490121832932
0.884135652352542 0.544422652644762 -0.189140627978187 1.95741193268327
0.498353592377151 0.208362312316139 0.0879042639210739 0.908802920833228
0.677272950933973 0.197539928634963 0.288221549125016 1.06632435274293
0.561539431906414 0.196405050687194 0.174728406725313 0.948350457087514
0.872060110089644 0.178861007965616 0.519890269050446 1.22422995112884
1.16316274041213 0.225839911859283 0.718308792809145 1.60801668801511
0.703249887981939 0.230738866182611 0.248683223708149 1.15781655225573
0.741951965515124 0.214139720854788 0.320137792137396 1.16376613889285
0.601555837046921 0.17954187777867 0.248023181315549 0.955088492778292
0.408683728309923 0.383566209118688 -0.347291412225742 1.16465886884559
0.93133766831813 0.325133925622567 0.290571227125393 1.57210410951087
0.425888018803639 0.220240097361176 -0.00799482521882722 0.859770862826106
0.655236080524706 0.29756308754749 0.0688275275775508 1.24164463347186
0.796809996041183 0.207690381179286 0.387683574424145 1.20593641765822
0.909753641090867 0.191770677937807 0.532136763408618 1.28737051877311
0.929971034745518 0.329914885298922 0.279735595921374 1.58020647356966
0.562163570257097 0.269797970498204 0.0305070909741471 1.09382004954005
0.286859495061837 0.168479373324759 -0.0448432248662697 0.618562214989945
0.536158622499761 0.18924624530336 0.163481980086345 0.908835264913177
0.59159549447979 0.191257057640291 0.214964243220088 0.968226745739493
0.217813325237776 0.1897497376419 -0.155838043305414 0.591464693780965
0.806363094144272 0.253097367701242 0.307650141316581 1.30507604697196
1.23057183616151 0.339612587596315 0.561248890639403 1.89989478168361
0.587279191463325 0.220266837878306 0.153387601586413 1.02117078134024
0.568845637476086 0.33153442992608 -0.0845896415511876 1.22228091650336
0.880259388772921 0.202371926876906 0.481642124840115 1.27887665270573
0.678851088861935 0.208925712548336 0.267287935276426 1.09041424244744
0.829874188456384 0.169465148169347 0.49628995302058 1.16345842389219
0.801880254084859 0.232406664554284 0.344064563884729 1.25969594428499
1.15098829361973 0.342909168852402 0.475146656261049 1.82682993097842
0.898875569780873 0.184672074758382 0.535201608710722 1.26254953085102
0.406277405722609 0.364361580076559 -0.311893219207712 1.12444803065293
0.744798227614832 0.376417298527991 0.00281504671238653 1.48678140851728
0.86542668431192 0.231985357810102 0.408379638967303 1.32247372965654
1.00032452883604 0.135352401313615 0.73400829930464 1.26664075836744
0.762911172884881 0.243969385993803 0.282212195712602 1.24361015005716
0.743030958600286 0.37256914773695 0.0086569992281722 1.4774049179724
0.922599170895526 0.168718152561564 0.590455483770921 1.25474285802013
0.714703367746316 0.249386019210252 0.223370956187662 1.20603577930497
0.898516073133866 0.134490329203897 0.633917314505656 1.16311483176208
0.666981289120006 0.144931007216505 0.381771793433387 0.952190784806624
0.914158145983623 0.139838741234557 0.639084785327728 1.18923150663952
0.533718915109814 0.183905126215025 0.171582441444802 0.895855388774827
0.827299725552792 0.209837081749244 0.413955147121005 1.24064430398458
0.906305807230941 0.383132469664567 0.151075025466935 1.66153658899495
0.813610881492808 0.314517301205977 0.193745478183851 1.43347628480176
0.540745921718569 0.335548968987437 -0.120573970817578 1.20206581425472
0.461938284971723 0.404450342627543 -0.335271766888756 1.2591483368322
0.894976490180798 0.219684165817942 0.462222292589908 1.32773068777169
1.26499865389104 0.180617111303097 0.909394307692338 1.62060300008975
0.472452417018038 0.153923334574093 0.169526932879918 0.775377901156159
0.614361563495943 0.190218267153556 0.23972964296555 0.988993484026336
1.01488544245634 0.24575229028674 0.530657079325725 1.49911380558695
0.810283464975578 0.23989015835799 0.337640769273406 1.28292616067775
0.948151356783828 0.362871471413781 0.232910898909027 1.66339181465863
0.645594641360671 0.186852392747254 0.277601686806503 1.01358759591484
1.08493602150074 0.377416592136584 0.341065745967876 1.8288062970336
0.703712075475905 0.793025317987538 -0.859858412766852 2.26728256371866
0.802808381895718 0.184031536149575 0.440428056510343 1.16518870728109
1.00057133069236 0.184184186234441 0.63794194208184 1.36320071930287
0.596317480617093 0.233420654859837 0.136449451243204 1.05618550999098
0.793889117602002 0.252513580847617 0.296364532085357 1.29141370311865
0.506912505803546 0.236301849366937 0.0414401196081802 0.972384891998912
0.507958401191164 0.14365766861342 0.22528975146056 0.790627050921768
0.792119625161692 0.266579650803008 0.266788227377787 1.3174510229456
0.874200704371707 0.264144923781292 0.353726026993673 1.39467538174974
0.694566064716236 0.285098971029652 0.132721938840564 1.25641019059191
0.785771770589832 0.301217330004407 0.192155392001223 1.37938814917844
0.599241311731791 0.280310334570589 0.0468351551083004 1.15164746835528
0.636960223783173 0.193316277427458 0.25624936336292 1.01767108420343
0.826243190905579 0.302301276694388 0.23049261732348 1.42199376448768
0.75971847762095 0.260545392514783 0.246358497244444 1.27307845799746
0.654987189704488 0.215603580738087 0.230279542162226 1.07969483724675
0.704043562777261 0.252648105049345 0.206213124327045 1.20187400122748
0.808009753618245 0.341582895243699 0.134823287703783 1.48119621953271
0.776832430828995 0.23203900641433 0.319682650061786 1.2339822115962
0.98801259411468 0.292476934415981 0.41164790240291 1.56437728582645
0.872077152007704 0.267840688257261 0.344315829392377 1.39983847462303
0.5716260382837 0.228565173435576 0.121352068067169 1.02190000850023
0.797710675732292 0.163395305135101 0.476075762488773 1.11934558897581
0.692600527635268 0.378812247396921 -0.0540620641444085 1.43926311941494
0.625390455330586 0.397988111757945 -0.159076474643117 1.40985738530429
0.714775897577309 0.2423091719231 0.237339716917671 1.19221207823695
0.942367559293204 0.526946381953427 -0.0964851414807909 1.9812202600672
0.7583982777903 0.254014545801506 0.257827045167231 1.25896951041337
0.508272373755623 0.206255645441398 0.102134979669719 0.914409767841527
0.742287533649697 0.22843926983693 0.29225859327878 1.19231647402061
0.706464795718877 0.18903564131639 0.334217741282102 1.07871185015565
0.695650440728122 0.291032660804738 0.122146614477695 1.26915426697855
0.68002993506729 0.202518527371708 0.281143850121385 1.0789160200132
1.31605882238911 0.285781787933811 0.75294822465085 1.87916942012738
0.752912615007328 0.2437476496071 0.272708070774997 1.23311715923966
0.968112637561421 0.204215590733755 0.565929051129654 1.37029622399319
0.618841339152685 0.343091933028194 -0.0573878488624888 1.29507052716786
0.694537176675399 0.160916509899336 0.377761457491489 1.01131289585931
1.04992993827413 0.222288812448152 0.612096718928318 1.48776315761994
1.04067049740614 0.172808139487116 0.700420076326071 1.3809209184862
0.644639411341689 0.210053760412237 0.230894226099653 1.05838459658373
0.827878169132196 0.246799486994609 0.341645769181242 1.31411056908315
0.558318651832992 0.167112330374865 0.229348354076877 0.887288949589108
0.899243071680965 0.401594861638402 0.107623223965055 1.69086291939688
0.839329924775333 0.227547844600898 0.391001442636553 1.28765840691411
0.67847628859773 0.168091334342527 0.347557335790081 1.00939524140538
0.888133991351259 0.292156322738651 0.312402998281754 1.46386498442076
0.700133653188371 0.296317202165773 0.116149820145702 1.28411748623104
0.689173620265516 0.311093781050503 0.0760182506001461 1.30232898993089
1.08619816173985 0.284852289705699 0.524857096792139 1.64753922668756
0.74634940951358 0.194049291881683 0.364168408596992 1.12853041043017
0.835966652315083 0.297062915986381 0.250525382876144 1.42140792175402
0.328554869808515 0.343146569953737 -0.347767320134371 1.0048770597514
0.920213774111668 0.343395203210004 0.243400426729798 1.59702712149354
0.772961183511262 0.166973930833616 0.444223459887036 1.10169890713549
0.65182455412764 0.205030787618547 0.2480410922057 1.05560801604958
0.572135908719495 0.244334509370701 0.0907692906909188 1.05350252674807
0.74435599756436 0.164362485435897 0.420769888204109 1.06794210692461
0.907200400167999 0.271237861365291 0.372679486253905 1.44172131408209
0.627748425165771 0.199761752410356 0.234284590923805 1.02121225940774
0.351284452502922 0.573449140320641 -0.779226508099188 1.48179541310503
0.598673448625255 0.159726240498666 0.284295780361419 0.913051116889091
0.927687298701918 0.247877822741665 0.439312827444497 1.41606176995934
0.722562228846601 0.20910990061086 0.310644496359545 1.13447996133366
0.66406061596672 0.15988071106085 0.349304275045935 0.978816956887505
0.889571251852272 0.217542901356883 0.461103619658627 1.31803888404592
0.559055136527581 0.337850176393996 -0.106862775367912 1.22497304842307
0.711238171168053 0.280562805129585 0.158415979309923 1.26406036302618
1.00806468291691 0.388508276042413 0.242246277560218 1.7738830882736
0.599409788659696 0.215284923745584 0.175325305039423 1.02349427227997
0.687884501030233 0.171652609699308 0.349948888290989 1.02582011376948
0.570214873334716 0.17339843594152 0.228832851827275 0.911596894842156
0.651353346746403 0.186722612488155 0.283585358461709 1.0191213350311
0.357281905478694 0.163070728411342 0.0362100979084852 0.678353713048903
0.582915687738663 0.272300029499345 0.0463348507184121 1.11949652475891
0.747052902020768 0.143961315358733 0.46372996227209 1.03037584176945
0.652585549361403 0.191393725949245 0.275664986283977 1.02950611243883
0.638816577410319 0.351106223000757 -0.0531891313290175 1.33082228614966
0.665303792131318 0.261816666838516 0.149411038486473 1.18119654577616
0.69853610816776 0.272760508304896 0.161052640458245 1.23601957587728
0.75569084608267 0.268292545824766 0.226982985230807 1.28439870693453
0.685196205504952 0.222252285140596 0.247337128066101 1.1230552829438
0.598577910517416 0.268168146003587 0.0701374919573774 1.12701832907746
0.782031158406199 0.320840437004141 0.149689972218094 1.4143723445943
0.928480074997328 0.164969021123872 0.603717658651789 1.25324249134287
0.694154316446389 0.178012988781395 0.343647178767114 1.04466145412566
1.24378883823592 0.311429392808853 0.630003413253941 1.85757426321789
0.639352201847062 0.180726980904854 0.28348117200039 0.995223231693733
0.51765097682284 0.267155522518543 -0.00875810035262969 1.04406005399831
0.833225098162874 0.328723258306534 0.185372833817011 1.48107736250874
0.732553963769734 0.184763759173359 0.368702500803013 1.09640542673645
0.678395570916016 0.16075477331691 0.361973886356512 0.994817255475521
0.657312955752279 0.18878026973655 0.285557234678492 1.02906867682606
1.0094116296726 0.134734246485808 0.744350610538414 1.27447264880678
0.763538295669061 0.28305465756459 0.205744496466836 1.32133209487129
1.14406916527701 0.221372344357215 0.707975774221622 1.5801625563324
1.04003877855004 0.426178758180076 0.199917202967701 1.88016035413238
0.807385444152572 0.280944725907773 0.253715295888094 1.36105559241705
0.647170934423128 0.172569753077002 0.30746580945178 0.986876059394477
0.952899126557733 0.265266809885036 0.430216060684888 1.47558219243058
0.494237656773454 0.183770905915878 0.132371770535951 0.856103543010956
0.946615000971639 0.203588907031358 0.545622853704915 1.34760714823836
0.531254569381532 0.193837394038369 0.149523819247748 0.912985319515316
0.95215607713311 0.215527962382449 0.527577283250015 1.37673487101621
0.700982806610162 0.158787534169085 0.388416185015929 1.01354942820439
0.514021980040074 0.187799971200655 0.144211194119011 0.883832765961138
0.805872932552149 0.203992418659093 0.404097439810639 1.20764842529366
0.82125178097251 0.204075075841921 0.419320025108173 1.22318353683685
0.765698685525338 0.215091128563761 0.342012509249973 1.1893848618007
0.755469778600568 0.151272438713025 0.457731116167322 1.05320844103381
0.071833250581166 0.275126194550743 -0.470288065426925 0.613954566589257
0.497981808387907 0.205698872486591 0.0928604208786871 0.903103195897128
0.658286075196663 0.363910801344089 -0.0590514698907183 1.37562362028404
0.455835882680969 0.219144478235063 0.0241897190528328 0.887482046309106
1.19963514587103 0.311206383427669 0.586347971337383 1.81292232040468
0.53948510771486 0.427652009329845 -0.303503338608433 1.38247355403815
0.664006877730593 0.191017412258731 0.287790750861731 1.04022300459945
0.659708379894933 0.15788426900474 0.349027368970888 0.970389390818978
0.827703664733368 0.190228528659693 0.453089146086942 1.20231818337979
1.12029483003423 0.709263587302493 -0.278054174630026 2.51864383469849
0.937709499222778 0.199239445443353 0.545290758460388 1.33012823998517
0.882027165625278 0.192556317091288 0.502842237613937 1.26121209363662
0.649757543051911 0.230911329496095 0.1948297654352 1.10468532066862
0.83889865324718 0.219109225227639 0.407285772791015 1.27051153370335
0.626592560052797 0.222162089371714 0.188972267506966 1.06421285259863
0.609117150634233 0.151988742944998 0.310010177089612 0.908224124178853
0.758186382416253 0.344223700261761 0.0797400496814605 1.43663271515104
0.945547527498042 0.632506682285687 -0.301516044848455 2.19261109984454
0.620856216974846 0.282353670891492 0.0644797786503319 1.17723265529936
0.925524979008526 0.24641063690929 0.440017036855592 1.41103292116146
0.692373151687457 0.243316370240506 0.212964123341698 1.17178218003322
0.545268791633127 0.31698690779482 -0.0794259939402896 1.16996357720654
0.454046873405354 0.153140243957794 0.152646206149739 0.755447540660969
0.936409665581416 0.272004807230028 0.400476839002477 1.47234249216035
0.37251475177689 0.226189678972059 -0.0730499822094903 0.818079485763269
1.04964951256604 0.297268531738903 0.463791463086243 1.63550756204584
0.68358573857461 0.19055234087104 0.308342136619083 1.05882934053014
0.523537196063897 0.229252825117846 0.0719299772624343 0.97514441486536
0.79805681775152 0.224998758570339 0.354790724218959 1.24132291128408
0.814865236637863 0.185554068865949 0.449472655032499 1.18025781824323
0.86577089948442 0.200716678670623 0.470464281903634 1.26107751706521
0.5648740689998 0.255268471658201 0.0619361992766255 1.06781193872297
0.862115817204173 0.153849844567923 0.559245306631405 1.16498632777694
0.822174240900693 0.2647777089462 0.300442489263619 1.34390599253777
0.79953335203388 0.225968678146571 0.354379559650729 1.24468714441703
0.358046538123692 0.201083620169358 -0.0380559805519481 0.754149056799332
0.851591761404178 0.192327468897509 0.472845708379792 1.23033781442856
0.850401352865586 0.321138982526226 0.217483364588259 1.48331934114291
0.669310976813328 0.15538007079089 0.363492320312303 0.975129633314353
0.937860708650076 0.215599050777616 0.513211501762204 1.36250991553795
0.864346586345862 0.258045289860673 0.355840728769868 1.37285244392186
0.792293515794859 0.185482768589849 0.427083465005528 1.15750356658419
0.621444008098967 0.186462496762678 0.254249819537365 0.988638196660568
0.644454737083492 0.262540815710508 0.127100912088137 1.16180856207885
0.81880270465968 0.21244554167867 0.400367737405136 1.23723767191422
0.637750826316245 0.263037861832625 0.119470542941233 1.15603110969126
0.673302798555138 0.293575897621261 0.0947688699556818 1.25183672715459
0.744358976869155 0.331248964732895 0.0915050991387493 1.39721285459956
0.681815472946235 0.179056720517369 0.329258888531872 1.0343720573606
0.897853643591816 0.275111245829868 0.355745299749776 1.43996198743386
0.580609648311483 0.148714123836974 0.288016076914554 0.873203219708411
0.631102164852027 0.188994114635066 0.258941428220094 1.00326290148396
0.726021725159947 0.161403614992639 0.408282671477575 1.04376077884232
0.53398191095394 0.220887577301027 0.0988773995238877 0.969086422383993
0.715940876857635 0.192687956864356 0.336480072256722 1.09540168145855
1.08664570783581 0.288270391412011 0.518541761500631 1.65474965417099
0.903878417695041 0.175577553243873 0.558168988784256 1.24958784660583
0.728472893620097 0.188574915488271 0.357113592424119 1.09983219481608
1.15900871945405 0.334696522298746 0.49935336039509 1.81866407851301
0.522248377132266 0.176828497742452 0.174114246275612 0.870382507988919
0.691416245046464 0.160011348201511 0.376443190726171 1.00638929936676
0.835628662426616 0.154713450645193 0.53111446631092 1.14014285854231
0.643601992095157 0.367060540557026 -0.0799172582328395 1.36712124242315
0.798485852558691 0.155074226137563 0.493210001154644 1.10376170396274
0.667650628296612 0.156613798516065 0.359413434412583 0.97588782218064
0.764687793768892 0.227080086834646 0.317353874410106 1.21202171312768
0.631731737386565 0.150921238466419 0.334704301861231 0.928759172911898
0.67745585578656 0.208751645526918 0.26631764431751 1.08859406725561
0.954779938700711 0.139130070115063 0.681146478222039 1.22841339917938
0.703800609639065 0.283951051157292 0.144226923836934 1.2633742954412
1.0271360701947 0.262368188750683 0.510162331843509 1.54410980854588
0.868287804680687 0.188127490750954 0.497829380507306 1.23874622885407
0.551694999024383 0.271935334896159 0.0158454979494835 1.08754450009928
0.896272237504344 0.221398849316944 0.460173247549626 1.33237122745906
0.836451697084084 0.27341323819125 0.297693162633403 1.37521023153476
0.616486096604376 0.162514745679866 0.296586803160274 0.936385390048479
0.474935462801695 0.242705458261217 -0.00321941692212779 0.953090342525518
0.805067635120952 0.182662554283727 0.445401054012319 1.16473421622959
0.881228278116118 0.432691173707251 0.0282437149878163 1.73421284124442
0.912344233255375 0.145020870463275 0.62698108558889 1.19770738092186
0.797086871635232 0.172930225415271 0.456676642712369 1.13749710055809
0.824531980900761 0.222076877708141 0.387034863558358 1.26202909824316
0.930613948873674 0.179156733706888 0.577822391816094 1.28340550593125
0.832857140496474 0.155968576009966 0.525824039297318 1.13989024169563
0.749550175128417 0.193045849523519 0.369345497034313 1.12975485322252
0.671668386488488 0.218703968076438 0.240855714366396 1.10248105861058
0.740345845473148 0.213075915323439 0.320670004749874 1.16002168619642
0.791236835067352 0.175311273399752 0.446140739842856 1.13633293029185
0.835299886406142 0.173035448658058 0.494594658385792 1.17600511442649
0.439035038590413 0.406416690530695 -0.362088161626847 1.24015823880767
0.496925906781227 0.450968440351332 -0.392098571330868 1.38595038489332
0.712435818505664 0.226250909509583 0.266693512452914 1.15817812455841
0.721481097419537 0.151675940948542 0.423014875532258 1.01994731930682
0.658531858325909 0.205217643570176 0.254381482489026 1.06268223416279
0.47806069427908 0.197255268583017 0.0895577082888176 0.866563680269342
0.765286100652427 0.17486223096117 0.420976345021411 1.10959585628344
0.809549871327041 0.171473537644579 0.471932868140226 1.14716687451386
0.851526699361865 0.226511531722318 0.405327405769744 1.29772599295399
0.574740268479418 0.160863388755149 0.258125902728235 0.8913546342306
0.419420174203935 0.240188717499727 -0.0538376793267443 0.892678027734615
0.840023665847579 0.204240334810485 0.437718227482203 1.24232910421295
0.906661074948984 0.161904786463081 0.587966215678729 1.22535593421924
0.400459063727011 0.284111365749978 -0.159449266747068 0.96036739420109
0.566181405152351 0.195332113951568 0.181487096120413 0.950875714184289
0.626764500378648 0.152641628222972 0.32634369948328 0.927185301274015
0.786624773326452 0.161024432537873 0.469654818343254 1.10359472830965
0.526278981107189 0.251330435809488 0.0311001712298924 1.02145779098448
1.01937684402449 0.321615718514647 0.385512888969034 1.65324079907994
1.0542998063798 0.201816085879709 0.656796669727335 1.45180294303226
0.592483866557928 0.199012655717984 0.200495080537358 0.984472652578499
0.510737643383978 0.199878342454794 0.117078165204858 0.904397121563098
0.821254221075277 0.400535125200524 0.0317237649378647 1.61078467721269
0.745219339655826 0.257763990455608 0.237300270879591 1.25313840843206
0.144278714532715 0.263652689679169 -0.375234663240218 0.663792092305649
0.920920971802926 0.165474538718052 0.595263631730147 1.2465783118757
0.281476166768927 0.212359209953409 -0.136841422190481 0.699793755728334
0.528496046456503 0.193099833926388 0.148192299757619 0.908799793155388
0.628147913637781 0.290116033628061 0.056425852892298 1.19986997438326
0.639099053563376 0.272686660199844 0.101699925351044 1.17649818177571
0.663972140806163 0.261517723843201 0.148670098433662 1.17927418317866
0.767747585162556 0.330885473305821 0.115598907034761 1.41989626329035
0.97252746552674 0.222604372971207 0.533991184275243 1.41106374677824
0.757561331292388 0.241016892407805 0.282667563380341 1.23245509920443
0.627968712712502 0.195692299618477 0.242529660022434 1.01340776540257
0.691461684829172 0.157932009351476 0.380556089193911 1.00236728046443
0.494882412882174 0.299633719500642 -0.0955732904572133 1.08533811622156
0.549720041290804 0.267728361819757 0.0221476993703876 1.07729238321122
0.711141414941025 0.240474203209566 0.237381967920488 1.18490086196156
0.745869428696618 0.193169614111658 0.365427848426817 1.12631100896642
0.716520265991077 0.173163731891052 0.375568826959972 1.05747170502218
0.831024410456993 0.195199318697573 0.446553543447056 1.21549527746693
1.17416746761734 0.180183526693007 0.819424022575114 1.52891091265957
0.594081030086907 0.199473423023645 0.201225353349623 0.986936706824191
0.691796197111826 0.254239647957432 0.190849147782608 1.19274324644104
0.538755602476118 0.225879719979427 0.0937690606154096 0.983742144336826
0.651914862411521 0.302079983853995 0.0565829538826759 1.24724677094037
0.456146654706575 0.288550071134941 -0.112466627785134 1.02475993719829
0.727559349149208 0.183409525767733 0.36638623490391 1.0887324633945
0.295432243966084 0.279957148591524 -0.25623614248073 0.847100630412898
0.751105551615681 0.181369709265548 0.393958967029849 1.10825213620151
0.519736681468748 0.176249834584256 0.172753820174065 0.86671954276343
0.753586160136784 0.322712741868156 0.117538756731963 1.3896335635416
0.780573559686553 0.194420267623152 0.397659190666209 1.1634879287069
1.01009953063752 0.275487383787228 0.467274928658908 1.55292413261614
0.956522885016516 0.174954297823667 0.612083187122585 1.30096258291045
0.682916584173782 0.182174280610602 0.324144021058945 1.04168914728862
0.786485266134572 0.258862825043295 0.276425852298979 1.29654467997016
0.971115512153661 0.148360581110219 0.67912776290424 1.26310326140308
0.793828626663043 0.323923676065947 0.155421783214556 1.43223547011153
0.790545227007076 0.231981467276328 0.333522915017154 1.247567538997
0.729029635727879 0.504980558938041 -0.266474880847943 1.7245341523037
0.707815413825606 0.191368581337473 0.330978221351649 1.08465260629956
0.639055727164243 0.19541343556177 0.254243203060404 1.02386825126808
0.765701397849838 0.170724621688344 0.42960502257456 1.10179777312512
0.673503628312972 0.174084909126864 0.330754019664742 1.0162532369612
0.638168891631716 0.181711791234375 0.280334925669477 0.996002857593956
0.738059423291798 0.263895119510387 0.218101190067088 1.25801765651651
0.764172781554912 0.165984931635481 0.437401691316451 1.09094387179337
0.828902694848988 0.248946419958728 0.338388917307158 1.31941647239082
0.920500435549804 0.355823455245578 0.219158016800873 1.62184285429873
0.819055383943261 0.183000427434092 0.458712324136806 1.17939844374972
0.67629268759551 0.282915576690036 0.11873949826831 1.23384587692271
1.02396128177718 0.186625118261426 0.656423856721856 1.39149870683251
0.914990662841214 0.200341997039376 0.520432134510744 1.30954919117168
1.17153501651421 0.548875064559619 0.0894909837761577 2.25357904925226
0.961840540685518 0.245845362640169 0.477550674986272 1.44613040638476
0.568926450924762 0.243799989083661 0.0886450452161612 1.04920785663336
1.13365299198082 0.216563189281532 0.707093793768744 1.5602121901929
0.752552738078715 0.222578464905875 0.31406607488383 1.1910394012736
0.668534062440111 0.181995914319807 0.310118850195383 1.02694927468484
0.665053685244404 0.318458612105025 0.0373978943153805 1.29270947617343
0.856530441242207 0.259682003709857 0.344841402294301 1.36821948019011
1.14496951977612 0.246380105396508 0.659554594614741 1.6303844449375
0.543252226237466 0.180751049984314 0.187324694147047 0.899179758327886
0.527178916467053 0.193562426476969 0.146008076100128 0.908349756833978
1.00322260430029 0.298217293183734 0.415507883672541 1.59093732492803
0.747235046409614 0.143175422085581 0.465520838348828 1.0289492544704
0.94889626528036 0.210417503284521 0.534453490405702 1.36333904015502
0.888805550733907 0.210474690535576 0.474223192187269 1.30338790928054
0.625302403338732 0.183464856149605 0.264037884234665 0.986566922442799
0.810513857253799 0.207999566416591 0.4008157392951 1.2202119752125
0.849681089969056 0.300569155822443 0.257346251265647 1.44201592867247
0.666525914178606 0.165604751883723 0.340512455164747 0.992539373192465
0.972954502725731 0.284465377003869 0.41237080439829 1.53353820105317
0.724154838518053 0.170248608247884 0.3889734279179 1.05933624911821
0.640492985513615 0.177018559776272 0.291965085286423 0.989020885740806
0.562890733865356 0.228676271057465 0.112383352536102 1.01339811519461
0.940179034275022 0.209404434055113 0.527733853457863 1.35262421509218
0.658163135025877 0.20294206280282 0.258437800765782 1.05788846928597
0.605074864369722 0.227330398788537 0.157246338531167 1.05290339020828
0.979834630957473 0.300601938516706 0.387411704133553 1.57225755778139
0.687720470340365 0.171256023681258 0.350554814451672 1.02488612622906
0.287974453587955 0.235144831630431 -0.175282565427209 0.751231472603118
1.43565596887333 0.357689130243617 0.730648422385194 2.14066351536147
0.872069287807961 0.227978141245353 0.423024765212696 1.32111381040323
0.595646979431949 0.193023521447131 0.215485733721766 0.975808225142132
0.96307542077857 0.278967477981127 0.413358522805455 1.51279231875168
1.67316556072029 0.37067632413638 0.942670882825298 2.40366023861528
0.884658960829357 0.309773912105202 0.274203606660558 1.49511431499816
0.622299710488661 0.219122255606914 0.190668116955232 1.05393130402209
0.582660718134202 0.204377006136678 0.180129880722649 0.985191555545756
0.640623310381613 0.150475220774095 0.344499519308902 0.936747101454325
1.1008979493974 0.189405589037652 0.727859380128479 1.47393651866632
1.13901083088597 0.209670611792747 0.726147158656827 1.55187450311512
0.46198973396877 0.153859918642431 0.159176355583205 0.764803112354335
0.844048270128649 0.313420596680025 0.22638610038317 1.46171043987413
0.489739021920406 0.199061860169659 0.0976772622249 0.881800781615913
1.00510768933041 0.180741499115781 0.649236732572851 1.36097864608797
0.582321464942285 0.17002706293371 0.247571187141186 0.917071742743383
0.640901007777009 0.17730834505302 0.291753086937915 0.990048928616103
0.794341177540809 0.322485446418731 0.158749184356031 1.42993317072559
0.801761843878595 0.288482109946126 0.233258168935669 1.37026551882152
0.779346144953593 0.184325978073544 0.416368068216342 1.14232422169084
0.533298903043209 0.171770889626099 0.195102077249953 0.871495728836466
0.514600012098207 0.189979325292518 0.140498288939731 0.888701735256684
0.709439108696986 0.273916970141508 0.169654877852671 1.2492233395413
0.655669720177287 0.164772139548284 0.331351694009401 0.979987746345173
