V1	V2	V3	V4
boot1	NA	NA	NA	NA
boot2	NA	NA	NA	NA
boot3	NA	NA	NA	NA
boot4	NA	NA	NA	NA
boot5	NA	NA	NA	NA
boot6	NA	NA	NA	NA
boot7	NA	NA	NA	NA
boot8	NA	NA	NA	NA
boot9	NA	NA	NA	NA
boot10	NA	NA	NA	NA
boot11	NA	NA	NA	NA
boot12	NA	NA	NA	NA
boot13	NA	NA	NA	NA
boot14	NA	NA	NA	NA
boot15	NA	NA	NA	NA
boot16	NA	NA	NA	NA
boot17	NA	NA	NA	NA
boot18	NA	NA	NA	NA
boot19	NA	NA	NA	NA
boot20	NA	NA	NA	NA
boot21	NA	NA	NA	NA
boot22	NA	NA	NA	NA
boot23	NA	NA	NA	NA
boot24	NA	NA	NA	NA
boot25	NA	NA	NA	NA
boot26	NA	NA	NA	NA
boot27	NA	NA	NA	NA
boot28	NA	NA	NA	NA
boot29	NA	NA	NA	NA
boot30	NA	NA	NA	NA
boot31	NA	NA	NA	NA
boot32	NA	NA	NA	NA
boot33	NA	NA	NA	NA
boot34	NA	NA	NA	NA
boot35	NA	NA	NA	NA
boot36	NA	NA	NA	NA
boot37	NA	NA	NA	NA
boot38	NA	NA	NA	NA
boot39	NA	NA	NA	NA
boot40	NA	NA	NA	NA
boot41	NA	NA	NA	NA
boot42	NA	NA	NA	NA
boot43	NA	NA	NA	NA
boot44	NA	NA	NA	NA
boot45	NA	NA	NA	NA
boot46	NA	NA	NA	NA
boot47	NA	NA	NA	NA
boot48	NA	NA	NA	NA
boot49	NA	NA	NA	NA
boot50	NA	NA	NA	NA
boot51	NA	NA	NA	NA
boot52	NA	NA	NA	NA
boot53	NA	NA	NA	NA
boot54	NA	NA	NA	NA
boot55	NA	NA	NA	NA
boot56	NA	NA	NA	NA
boot57	NA	NA	NA	NA
boot58	NA	NA	NA	NA
boot59	NA	NA	NA	NA
boot60	NA	NA	NA	NA
boot61	NA	NA	NA	NA
boot62	NA	NA	NA	NA
boot63	NA	NA	NA	NA
boot64	NA	NA	NA	NA
boot65	NA	NA	NA	NA
boot66	NA	NA	NA	NA
boot67	NA	NA	NA	NA
boot68	NA	NA	NA	NA
boot69	NA	NA	NA	NA
boot70	NA	NA	NA	NA
boot71	NA	NA	NA	NA
boot72	NA	NA	NA	NA
boot73	NA	NA	NA	NA
boot74	NA	NA	NA	NA
boot75	NA	NA	NA	NA
boot76	NA	NA	NA	NA
boot77	NA	NA	NA	NA
boot78	NA	NA	NA	NA
boot79	NA	NA	NA	NA
boot80	NA	NA	NA	NA
boot81	NA	NA	NA	NA
boot82	NA	NA	NA	NA
boot83	NA	NA	NA	NA
boot84	NA	NA	NA	NA
boot85	NA	NA	NA	NA
boot86	NA	NA	NA	NA
boot87	NA	NA	NA	NA
boot88	NA	NA	NA	NA
boot89	NA	NA	NA	NA
boot90	NA	NA	NA	NA
boot91	NA	NA	NA	NA
boot92	NA	NA	NA	NA
boot93	NA	NA	NA	NA
boot94	NA	NA	NA	NA
boot95	NA	NA	NA	NA
boot96	NA	NA	NA	NA
boot97	NA	NA	NA	NA
boot98	NA	NA	NA	NA
boot99	NA	NA	NA	NA
boot100	NA	NA	NA	NA
boot101	NA	NA	NA	NA
boot102	NA	NA	NA	NA
boot103	NA	NA	NA	NA
boot104	NA	NA	NA	NA
boot105	NA	NA	NA	NA
boot106	NA	NA	NA	NA
boot107	NA	NA	NA	NA
boot108	NA	NA	NA	NA
boot109	NA	NA	NA	NA
boot110	NA	NA	NA	NA
boot111	NA	NA	NA	NA
boot112	NA	NA	NA	NA
boot113	NA	NA	NA	NA
boot114	NA	NA	NA	NA
boot115	NA	NA	NA	NA
boot116	NA	NA	NA	NA
boot117	NA	NA	NA	NA
boot118	NA	NA	NA	NA
boot119	NA	NA	NA	NA
boot120	NA	NA	NA	NA
boot121	NA	NA	NA	NA
boot122	NA	NA	NA	NA
boot123	NA	NA	NA	NA
boot124	NA	NA	NA	NA
boot125	NA	NA	NA	NA
boot126	NA	NA	NA	NA
boot127	NA	NA	NA	NA
boot128	NA	NA	NA	NA
boot129	NA	NA	NA	NA
boot130	NA	NA	NA	NA
boot131	NA	NA	NA	NA
boot132	NA	NA	NA	NA
boot133	NA	NA	NA	NA
boot134	NA	NA	NA	NA
boot135	NA	NA	NA	NA
boot136	NA	NA	NA	NA
boot137	NA	NA	NA	NA
boot138	NA	NA	NA	NA
boot139	NA	NA	NA	NA
boot140	NA	NA	NA	NA
boot141	NA	NA	NA	NA
boot142	NA	NA	NA	NA
boot143	NA	NA	NA	NA
boot144	NA	NA	NA	NA
boot145	NA	NA	NA	NA
boot146	NA	NA	NA	NA
boot147	NA	NA	NA	NA
boot148	NA	NA	NA	NA
boot149	NA	NA	NA	NA
boot150	NA	NA	NA	NA
boot151	NA	NA	NA	NA
boot152	NA	NA	NA	NA
boot153	NA	NA	NA	NA
boot154	NA	NA	NA	NA
boot155	NA	NA	NA	NA
boot156	NA	NA	NA	NA
boot157	NA	NA	NA	NA
boot158	NA	NA	NA	NA
boot159	NA	NA	NA	NA
boot160	NA	NA	NA	NA
boot161	NA	NA	NA	NA
boot162	NA	NA	NA	NA
boot163	NA	NA	NA	NA
boot164	NA	NA	NA	NA
boot165	NA	NA	NA	NA
boot166	NA	NA	NA	NA
boot167	NA	NA	NA	NA
boot168	NA	NA	NA	NA
boot169	NA	NA	NA	NA
boot170	NA	NA	NA	NA
boot171	NA	NA	NA	NA
boot172	NA	NA	NA	NA
boot173	NA	NA	NA	NA
boot174	NA	NA	NA	NA
boot175	NA	NA	NA	NA
boot176	NA	NA	NA	NA
boot177	NA	NA	NA	NA
boot178	NA	NA	NA	NA
boot179	NA	NA	NA	NA
boot180	NA	NA	NA	NA
boot181	NA	NA	NA	NA
boot182	NA	NA	NA	NA
boot183	NA	NA	NA	NA
boot184	NA	NA	NA	NA
boot185	NA	NA	NA	NA
boot186	NA	NA	NA	NA
boot187	NA	NA	NA	NA
boot188	NA	NA	NA	NA
boot189	NA	NA	NA	NA
boot190	NA	NA	NA	NA
boot191	NA	NA	NA	NA
boot192	NA	NA	NA	NA
boot193	NA	NA	NA	NA
boot194	NA	NA	NA	NA
boot195	NA	NA	NA	NA
boot196	NA	NA	NA	NA
boot197	NA	NA	NA	NA
boot198	NA	NA	NA	NA
boot199	NA	NA	NA	NA
boot200	NA	NA	NA	NA
boot201	NA	NA	NA	NA
boot202	NA	NA	NA	NA
boot203	NA	NA	NA	NA
boot204	NA	NA	NA	NA
boot205	NA	NA	NA	NA
boot206	NA	NA	NA	NA
boot207	NA	NA	NA	NA
boot208	NA	NA	NA	NA
boot209	NA	NA	NA	NA
boot210	NA	NA	NA	NA
boot211	NA	NA	NA	NA
boot212	NA	NA	NA	NA
boot213	NA	NA	NA	NA
boot214	NA	NA	NA	NA
boot215	NA	NA	NA	NA
boot216	NA	NA	NA	NA
boot217	NA	NA	NA	NA
boot218	NA	NA	NA	NA
boot219	NA	NA	NA	NA
boot220	NA	NA	NA	NA
boot221	NA	NA	NA	NA
boot222	NA	NA	NA	NA
boot223	NA	NA	NA	NA
boot224	NA	NA	NA	NA
boot225	NA	NA	NA	NA
boot226	NA	NA	NA	NA
boot227	NA	NA	NA	NA
boot228	NA	NA	NA	NA
boot229	NA	NA	NA	NA
boot230	NA	NA	NA	NA
boot231	NA	NA	NA	NA
boot232	NA	NA	NA	NA
boot233	NA	NA	NA	NA
boot234	NA	NA	NA	NA
boot235	NA	NA	NA	NA
boot236	NA	NA	NA	NA
boot237	NA	NA	NA	NA
boot238	NA	NA	NA	NA
boot239	NA	NA	NA	NA
boot240	NA	NA	NA	NA
boot241	NA	NA	NA	NA
boot242	NA	NA	NA	NA
boot243	NA	NA	NA	NA
boot244	NA	NA	NA	NA
boot245	NA	NA	NA	NA
boot246	NA	NA	NA	NA
boot247	NA	NA	NA	NA
boot248	NA	NA	NA	NA
boot249	NA	NA	NA	NA
boot250	NA	NA	NA	NA
boot251	NA	NA	NA	NA
boot252	NA	NA	NA	NA
boot253	NA	NA	NA	NA
boot254	NA	NA	NA	NA
boot255	NA	NA	NA	NA
boot256	NA	NA	NA	NA
boot257	NA	NA	NA	NA
boot258	NA	NA	NA	NA
boot259	NA	NA	NA	NA
boot260	NA	NA	NA	NA
boot261	NA	NA	NA	NA
boot262	NA	NA	NA	NA
boot263	NA	NA	NA	NA
boot264	NA	NA	NA	NA
boot265	NA	NA	NA	NA
boot266	NA	NA	NA	NA
boot267	NA	NA	NA	NA
boot268	NA	NA	NA	NA
boot269	NA	NA	NA	NA
boot270	NA	NA	NA	NA
boot271	NA	NA	NA	NA
boot272	NA	NA	NA	NA
boot273	NA	NA	NA	NA
boot274	NA	NA	NA	NA
boot275	NA	NA	NA	NA
boot276	NA	NA	NA	NA
boot277	NA	NA	NA	NA
boot278	NA	NA	NA	NA
boot279	NA	NA	NA	NA
boot280	NA	NA	NA	NA
boot281	NA	NA	NA	NA
boot282	NA	NA	NA	NA
boot283	NA	NA	NA	NA
boot284	NA	NA	NA	NA
boot285	NA	NA	NA	NA
boot286	NA	NA	NA	NA
boot287	NA	NA	NA	NA
boot288	NA	NA	NA	NA
boot289	NA	NA	NA	NA
boot290	NA	NA	NA	NA
boot291	NA	NA	NA	NA
boot292	NA	NA	NA	NA
boot293	NA	NA	NA	NA
boot294	NA	NA	NA	NA
boot295	NA	NA	NA	NA
boot296	NA	NA	NA	NA
boot297	NA	NA	NA	NA
boot298	NA	NA	NA	NA
boot299	NA	NA	NA	NA
boot300	NA	NA	NA	NA
boot301	NA	NA	NA	NA
boot302	NA	NA	NA	NA
boot303	NA	NA	NA	NA
boot304	NA	NA	NA	NA
boot305	NA	NA	NA	NA
boot306	NA	NA	NA	NA
boot307	NA	NA	NA	NA
boot308	NA	NA	NA	NA
boot309	NA	NA	NA	NA
boot310	NA	NA	NA	NA
boot311	NA	NA	NA	NA
boot312	NA	NA	NA	NA
boot313	NA	NA	NA	NA
boot314	NA	NA	NA	NA
boot315	NA	NA	NA	NA
boot316	NA	NA	NA	NA
boot317	NA	NA	NA	NA
boot318	NA	NA	NA	NA
boot319	NA	NA	NA	NA
boot320	NA	NA	NA	NA
boot321	NA	NA	NA	NA
boot322	NA	NA	NA	NA
boot323	NA	NA	NA	NA
boot324	NA	NA	NA	NA
boot325	NA	NA	NA	NA
boot326	NA	NA	NA	NA
boot327	NA	NA	NA	NA
boot328	NA	NA	NA	NA
boot329	NA	NA	NA	NA
boot330	NA	NA	NA	NA
boot331	NA	NA	NA	NA
boot332	NA	NA	NA	NA
boot333	NA	NA	NA	NA
boot334	NA	NA	NA	NA
boot335	NA	NA	NA	NA
boot336	NA	NA	NA	NA
boot337	NA	NA	NA	NA
boot338	NA	NA	NA	NA
boot339	NA	NA	NA	NA
boot340	NA	NA	NA	NA
boot341	NA	NA	NA	NA
boot342	NA	NA	NA	NA
boot343	NA	NA	NA	NA
boot344	NA	NA	NA	NA
boot345	NA	NA	NA	NA
boot346	NA	NA	NA	NA
boot347	NA	NA	NA	NA
boot348	NA	NA	NA	NA
boot349	NA	NA	NA	NA
boot350	NA	NA	NA	NA
boot351	NA	NA	NA	NA
boot352	NA	NA	NA	NA
boot353	NA	NA	NA	NA
boot354	NA	NA	NA	NA
boot355	NA	NA	NA	NA
boot356	NA	NA	NA	NA
boot357	NA	NA	NA	NA
boot358	NA	NA	NA	NA
boot359	NA	NA	NA	NA
boot360	NA	NA	NA	NA
boot361	NA	NA	NA	NA
boot362	NA	NA	NA	NA
boot363	NA	NA	NA	NA
boot364	NA	NA	NA	NA
boot365	NA	NA	NA	NA
boot366	NA	NA	NA	NA
boot367	NA	NA	NA	NA
boot368	NA	NA	NA	NA
boot369	NA	NA	NA	NA
boot370	NA	NA	NA	NA
boot371	NA	NA	NA	NA
boot372	NA	NA	NA	NA
boot373	NA	NA	NA	NA
boot374	NA	NA	NA	NA
boot375	NA	NA	NA	NA
boot376	NA	NA	NA	NA
boot377	NA	NA	NA	NA
boot378	NA	NA	NA	NA
boot379	NA	NA	NA	NA
boot380	NA	NA	NA	NA
boot381	NA	NA	NA	NA
boot382	NA	NA	NA	NA
boot383	NA	NA	NA	NA
boot384	NA	NA	NA	NA
boot385	NA	NA	NA	NA
boot386	NA	NA	NA	NA
boot387	NA	NA	NA	NA
boot388	NA	NA	NA	NA
boot389	NA	NA	NA	NA
boot390	NA	NA	NA	NA
boot391	NA	NA	NA	NA
boot392	NA	NA	NA	NA
boot393	NA	NA	NA	NA
boot394	NA	NA	NA	NA
boot395	NA	NA	NA	NA
boot396	NA	NA	NA	NA
boot397	NA	NA	NA	NA
boot398	NA	NA	NA	NA
boot399	NA	NA	NA	NA
boot400	NA	NA	NA	NA
boot401	NA	NA	NA	NA
boot402	NA	NA	NA	NA
boot403	NA	NA	NA	NA
boot404	NA	NA	NA	NA
boot405	NA	NA	NA	NA
boot406	NA	NA	NA	NA
boot407	NA	NA	NA	NA
boot408	NA	NA	NA	NA
boot409	NA	NA	NA	NA
boot410	NA	NA	NA	NA
boot411	NA	NA	NA	NA
boot412	NA	NA	NA	NA
boot413	NA	NA	NA	NA
boot414	NA	NA	NA	NA
boot415	NA	NA	NA	NA
boot416	NA	NA	NA	NA
boot417	NA	NA	NA	NA
boot418	NA	NA	NA	NA
boot419	NA	NA	NA	NA
boot420	NA	NA	NA	NA
boot421	NA	NA	NA	NA
boot422	NA	NA	NA	NA
boot423	NA	NA	NA	NA
boot424	NA	NA	NA	NA
boot425	NA	NA	NA	NA
boot426	NA	NA	NA	NA
boot427	NA	NA	NA	NA
boot428	NA	NA	NA	NA
boot429	NA	NA	NA	NA
boot430	NA	NA	NA	NA
boot431	NA	NA	NA	NA
boot432	NA	NA	NA	NA
boot433	NA	NA	NA	NA
boot434	NA	NA	NA	NA
boot435	NA	NA	NA	NA
boot436	NA	NA	NA	NA
boot437	NA	NA	NA	NA
boot438	NA	NA	NA	NA
boot439	NA	NA	NA	NA
boot440	NA	NA	NA	NA
boot441	NA	NA	NA	NA
boot442	NA	NA	NA	NA
boot443	NA	NA	NA	NA
boot444	NA	NA	NA	NA
boot445	NA	NA	NA	NA
boot446	NA	NA	NA	NA
boot447	NA	NA	NA	NA
boot448	NA	NA	NA	NA
boot449	NA	NA	NA	NA
boot450	NA	NA	NA	NA
boot451	NA	NA	NA	NA
boot452	NA	NA	NA	NA
boot453	NA	NA	NA	NA
boot454	NA	NA	NA	NA
boot455	NA	NA	NA	NA
boot456	NA	NA	NA	NA
boot457	NA	NA	NA	NA
boot458	NA	NA	NA	NA
boot459	NA	NA	NA	NA
boot460	NA	NA	NA	NA
boot461	NA	NA	NA	NA
boot462	NA	NA	NA	NA
boot463	NA	NA	NA	NA
boot464	NA	NA	NA	NA
boot465	NA	NA	NA	NA
boot466	NA	NA	NA	NA
boot467	NA	NA	NA	NA
boot468	NA	NA	NA	NA
boot469	NA	NA	NA	NA
boot470	NA	NA	NA	NA
boot471	NA	NA	NA	NA
boot472	NA	NA	NA	NA
boot473	NA	NA	NA	NA
boot474	NA	NA	NA	NA
boot475	NA	NA	NA	NA
boot476	NA	NA	NA	NA
boot477	NA	NA	NA	NA
boot478	NA	NA	NA	NA
boot479	NA	NA	NA	NA
boot480	NA	NA	NA	NA
boot481	NA	NA	NA	NA
boot482	NA	NA	NA	NA
boot483	NA	NA	NA	NA
boot484	NA	NA	NA	NA
boot485	NA	NA	NA	NA
boot486	NA	NA	NA	NA
boot487	NA	NA	NA	NA
boot488	NA	NA	NA	NA
boot489	NA	NA	NA	NA
boot490	NA	NA	NA	NA
boot491	NA	NA	NA	NA
boot492	NA	NA	NA	NA
boot493	NA	NA	NA	NA
boot494	NA	NA	NA	NA
boot495	NA	NA	NA	NA
boot496	NA	NA	NA	NA
boot497	NA	NA	NA	NA
boot498	NA	NA	NA	NA
boot499	NA	NA	NA	NA
boot500	NA	NA	NA	NA
boot501	0.0652752199713526	7.10209609626563e-05	7.18928362117475e-05	9.20566981219375e-05
boot502	0.0654906731549067	7.18550269295412e-05	7.27246595877494e-05	9.107255082568e-05
boot503	0.0441944556046605	7.37789148818471e-05	7.4171271231022e-05	9.04322531395609e-05
boot504	0.0583792610736885	7.22203756265593e-05	7.29160559946977e-05	9.12983950683955e-05
boot505	0.0668563300142248	7.28025570700804e-05	7.37108620615396e-05	9.03024048958479e-05
boot506	0.058667753106539	7.39929826158686e-05	7.46941244481297e-05	9.15443520497488e-05
boot507	0.0584572117316191	7.14267304620079e-05	7.21132000488772e-05	8.97612183975021e-05
boot508	0.0563380281690141	7.243483936761e-05	7.30827212655427e-05	9.15078068003177e-05
boot509	0.0537392725786678	7.31013034697587e-05	7.36913953000171e-05	9.05237415107245e-05
boot510	0.0668828536684232	6.88425957248333e-05	6.97492264736845e-05	8.79900377152817e-05
boot511	0.070975659644099	6.81260805636196e-05	6.91564639266622e-05	9.07194836033078e-05
boot512	0.0870014465798719	7.32993757106489e-05	7.48635938770036e-05	9.21612833786671e-05
boot513	0.0529519172245892	7.45493514336684e-05	7.5118210337657e-05	9.11764389105678e-05
boot514	0.0508951921142627	7.2523776766444e-05	7.30448631837338e-05	8.91334154759914e-05
boot515	0.0758130081300813	6.96808177989077e-05	7.08490316610483e-05	9.07592989584962e-05
boot516	0.0511038430089943	7.25074545275143e-05	7.30413062794129e-05	8.97717418527452e-05
boot517	0.0533091933212633	7.0045089269518e-05	7.06167790889837e-05	8.95887484056084e-05
boot518	0.0706806282722513	6.88609690266117e-05	6.98669600078764e-05	8.93741671270256e-05
boot519	0.0596040008164932	7.29408737769148e-05	7.36660497135003e-05	9.15481548328186e-05
boot520	0.0601472995090016	7.20022402781534e-05	7.27423584529132e-05	9.10158518699048e-05
boot521	0.0806870381465948	7.23334221081409e-05	7.36336813701481e-05	8.89491224209159e-05
boot522	0.0650741350906096	7.14751470569607e-05	7.2347190520262e-05	9.03807866523861e-05
boot523	0.0702334228465193	7.16065933338791e-05	7.26255426593775e-05	9.21729572206772e-05
boot524	0.0671824104234528	7.28551249781273e-05	7.37739922970005e-05	9.06395530222838e-05
boot525	0.0396940252222452	7.11377273803406e-05	7.14634697078875e-05	9.19106224052491e-05
boot526	0.068209750102417	7.33528458518159e-05	7.43058507696844e-05	9.09261778142188e-05
boot527	0.0779065121853775	7.05352721858701e-05	7.17477021980336e-05	8.95744887240175e-05
boot528	0.0440329218106996	7.47928396218611e-05	7.51917898694305e-05	9.16139814691112e-05
boot529	0.0656104001625025	7.32717050271732e-05	7.41461158761441e-05	9.06653643745032e-05
boot530	0.0654545454545455	7.36574932057026e-05	7.45230078563412e-05	9.04418122661159e-05
boot531	0.0660472631791557	7.25919319343877e-05	7.34730147405797e-05	9.10304409504184e-05
boot532	0.0642514011208967	7.21303744452805e-05	7.29566840021256e-05	8.94663475044302e-05
boot533	0.0759183673469388	7.44589074280274e-05	7.56351520199917e-05	9.032670060944e-05
boot534	0.0540652942399667	7.35063420802157e-05	7.41141724069477e-05	9.23448561696537e-05
boot535	0.0587522713506965	7.00264329656146e-05	7.07233498622158e-05	9.14893599403844e-05
boot536	0.0681171207808052	7.21958362173575e-05	7.31392974096037e-05	9.07419671637259e-05
boot537	0.0634236453201971	7.28587005331587e-05	7.36843488881879e-05	9.11321099700213e-05
boot538	0.0693535188216039	7.0879398908692e-05	7.18634231666582e-05	9.01575781732154e-05
boot539	0.0722792607802875	7.21240001941796e-05	7.31967499968377e-05	9.12714378642118e-05
boot540	0.0665019559398806	7.18731495204444e-05	7.27836930954557e-05	9.21128254600875e-05
boot541	0.0501866445458316	7.18165115275052e-05	7.23388465110742e-05	9.15526468721081e-05
boot542	0.0649003902238653	7.20242915922855e-05	7.28893687438998e-05	9.18914724290586e-05
boot543	0.0766430738119313	7.34449940252904e-05	7.46328930674221e-05	9.01957755781204e-05
boot544	0.0562743889915794	7.35044072723979e-05	7.41548091734814e-05	9.14282832868116e-05
boot545	0.0448254492873373	7.16557602831665e-05	7.20708234733776e-05	9.30280108389237e-05
boot546	0.0472505091649695	7.14713263124729e-05	7.19260331589798e-05	9.02447277292804e-05
boot547	0.082470038594353	7.04126986149651e-05	7.1794235739839e-05	9.02656274745922e-05
boot548	0.0515484922575387	7.30622853934914e-05	7.36036967736922e-05	9.06277009127459e-05
boot549	0.0513502454991817	7.32492566877644e-05	7.37887099841691e-05	9.25039058867568e-05
boot550	0.0505709624796085	7.12479941676709e-05	7.17694913630449e-05	9.08978158447167e-05
boot551	0.0402275497765136	6.95132958815899e-05	6.98420760036992e-05	8.91015767808179e-05
boot552	0.0513519178369315	7.30334141285617e-05	7.35861325241875e-05	9.27959167640004e-05
boot553	0.0548705302096178	7.28251023202354e-05	7.34438394935779e-05	9.10414176571328e-05
boot554	0.0623366177357732	7.06277460928026e-05	7.14091363825142e-05	9.0092836821522e-05
boot555	0.0447072975140337	7.01374667547893e-05	7.05381769494582e-05	8.86011585382785e-05
boot556	0.0788624445340863	6.94891051833047e-05	7.07434991239848e-05	9.01719304996058e-05
boot557	0.0637597696421226	7.06557537356816e-05	7.14918928193543e-05	9.08901455461828e-05
boot558	0.0753676470588235	6.71311872835407e-05	6.8291375646119e-05	8.90426355261724e-05
boot559	0.0581064607882974	7.32838849322304e-05	7.39698582734213e-05	9.14258821680954e-05
boot560	0.0512767282541001	7.32792662397124e-05	7.38251044918288e-05	9.1611501024721e-05
boot561	0.061725803065295	7.36947967679692e-05	7.44947284841262e-05	9.28923065313541e-05
boot562	0.0768302493966211	7.13023844523091e-05	7.2489610361872e-05	9.02466450817591e-05
boot563	0.0502134580199227	7.26796372372536e-05	7.31922193405914e-05	8.99535087695363e-05
boot564	0.0613159502953758	7.22268903313515e-05	7.29927582801445e-05	9.15508779165324e-05
boot565	0.069099062372605	7.06962072389245e-05	7.1669440100884e-05	9.12957057728643e-05
boot566	0.0710504885993485	7.39482058280636e-05	7.49759281265584e-05	9.12332054369208e-05
boot567	0.0634856449656288	7.10489913582172e-05	7.18638775524553e-05	9.00523132849473e-05
boot568	0.0560615260068812	7.23154128367066e-05	7.29514975762776e-05	8.99441015249306e-05
boot569	0.0659939455095863	7.0438995554068e-05	7.13179462793802e-05	8.96824835920017e-05
boot570	0.0706365503080082	7.33528001844273e-05	7.43773427387222e-05	9.17836398780713e-05
boot571	0.0729746444032158	7.61580685071176e-05	7.72558418993616e-05	9.26281383673121e-05
boot572	0.0837696335078534	7.15761999340474e-05	7.29892791724768e-05	8.99913849441116e-05
boot573	0.0754184311353095	7.20484909817834e-05	7.3195484277793e-05	9.08179149931103e-05
boot574	0.0869477097689501	7.05584256371013e-05	7.20906316026598e-05	9.10172769531606e-05
boot575	0.0468402988088027	7.17070790761793e-05	7.2150045680762e-05	8.92374923284286e-05
boot576	0.0706577071879454	7.27459790421315e-05	7.37625767992191e-05	9.15250705352361e-05
boot577	0.0535171295357794	7.20734870496995e-05	7.26540836752315e-05	8.87884986933587e-05
boot578	0.0584952459694088	7.47854224449962e-05	7.54926762277621e-05	9.24278318054618e-05
boot579	0.0578883000407664	7.37700702596678e-05	7.44531227019038e-05	9.1739881253211e-05
boot580	0.0608372860383584	7.16653452142382e-05	7.24286315356473e-05	9.06187378776246e-05
boot581	0.0752887788778878	7.42676199581796e-05	7.5436844427017e-05	9.14988247675473e-05
boot582	0.0640999385623592	7.46082839459105e-05	7.54497343091499e-05	9.31443784066011e-05
boot583	0.0592608326253186	7.49129912324769e-05	7.56589228984595e-05	9.42733490721492e-05
boot584	0.068993839835729	7.48334761210443e-05	7.58109196395819e-05	9.16457366719058e-05
boot585	0.0540322580645161	7.07075700295391e-05	7.12961758584807e-05	8.8947204587795e-05
boot586	0.0607295700020379	7.13454724199598e-05	7.20970682366772e-05	9.09418920007516e-05
boot587	0.0516287645974186	7.26568944577503e-05	7.32029975788025e-05	9.1253707694911e-05
boot588	0.0594888981985756	7.4463581838418e-05	7.52048740480704e-05	9.35496504478091e-05
boot589	0.0601181984919503	7.18173653116865e-05	7.25539044985456e-05	8.99220528862656e-05
boot590	0.0675870595507933	7.33636264285527e-05	7.43049020557364e-05	9.13734145910469e-05
boot591	0.0734870317002882	7.25742893008285e-05	7.36859286232079e-05	9.14663226102949e-05
boot592	0.063961912647485	7.1779736933735e-05	7.2626585675098e-05	9.27750153490168e-05
boot593	0.0451127819548872	7.36427377575162e-05	7.40677927064947e-05	9.25538930595321e-05
boot594	0.0456913827655311	6.92198972987843e-05	6.96382745450821e-05	8.89824274876555e-05
boot595	0.0688744412840309	7.08183610857088e-05	7.17821336704686e-05	8.94224317622427e-05
boot596	0.0682622268470343	7.42207265278937e-05	7.51904937732872e-05	9.2506442235252e-05
boot597	0.0561632309633992	7.39808072228427e-05	7.46443134307199e-05	9.44139950747353e-05
boot598	0.0628571428571429	7.15801749271137e-05	7.23865056226572e-05	9.12153099473859e-05
boot599	0.0513193434448369	7.4005025526653e-05	7.45522258199439e-05	9.25294717058593e-05
boot600	0.0685772773797339	7.06537616804849e-05	7.16164726268139e-05	9.07271148716491e-05
boot601	0.0615633859862292	6.92788524508353e-05	7.00463798898976e-05	9.06622021168861e-05
boot602	0.0566114857960352	7.24817707747972e-05	7.31367596004736e-05	9.11230998432487e-05
boot603	0.0592383638928068	6.91225859600217e-05	6.98296550224228e-05	9.06792267969123e-05
boot604	0.0686314921681781	7.26426253844208e-05	7.3613417164559e-05	9.28076469062315e-05
boot605	0.0598047192839707	7.20161120382438e-05	7.27436556608302e-05	8.98036260420226e-05
boot606	0.0446791226645004	7.11946935834848e-05	7.16001005700952e-05	9.04037477315348e-05
boot607	0.0607635418748751	7.14952952382094e-05	7.22332940431623e-05	8.98416759349014e-05
boot608	0.0744053669445009	7.15294886615628e-05	7.26549529083906e-05	9.02623905484067e-05
boot609	0.0672961028525512	6.75715537091364e-05	6.84813097274452e-05	8.92311482123814e-05
boot610	0.0797927461139896	7.35495628981659e-05	7.48691240033289e-05	9.35826593112282e-05
boot611	0.0721628703890345	7.13554311576568e-05	7.24051146615441e-05	8.96596169105796e-05
boot612	0.0586370839936609	6.65027551330475e-05	6.71838778785466e-05	8.82541537810416e-05
boot613	0.0625	7.16444528003809e-05	7.24475469615651e-05	9.18746811426977e-05
boot614	0.0551003687013519	6.97400059184269e-05	7.03618925695995e-05	9.16620496598263e-05
boot615	0.0626287597857437	7.09196743095816e-05	7.17277422025153e-05	9.15789701560034e-05
boot616	0.0741037452433407	6.92570485625585e-05	7.03568613122261e-05	8.99273583790856e-05
boot617	0.0603569280128334	6.83884602741597e-05	6.9118951302663e-05	8.81624084014313e-05
boot618	0.0476092333058533	7.48453594537786e-05	7.5312515079494e-05	9.15687271796758e-05
boot619	0.0763546798029557	7.20242838636795e-05	7.32209253102747e-05	9.18547695429012e-05
boot620	0.0611088628085795	7.20435204352606e-05	7.27991442947827e-05	9.08434626069335e-05
boot621	0.0547638436482085	7.13812499858516e-05	7.19918115842078e-05	9.02909150172469e-05
boot622	0.0651286239281339	7.13712019592052e-05	7.22372161802694e-05	9.03301230510939e-05
boot623	0.0412640901771337	6.80093687163745e-05	6.83521072707518e-05	8.88399455917051e-05
boot624	0.0450885668276973	6.83075451419923e-05	6.87167598880824e-05	8.93107921106787e-05
boot625	0.0521427063542326	7.46962042814734e-05	7.52701670904123e-05	9.41671180744359e-05
boot626	0.0561001042752868	7.24559525291899e-05	7.31123074196379e-05	9.34687968307059e-05
boot627	0.0502624142107388	7.165171327776e-05	7.2161666907613e-05	8.95180617856766e-05
boot628	0.0577894524146292	6.9713797101803e-05	7.03886042972733e-05	8.92028354381738e-05
boot629	0.0654916883637092	7.19446727884517e-05	7.28037076862544e-05	8.99603286604927e-05
boot630	0.0559454995871181	7.19320917332539e-05	7.25782310652217e-05	9.11377939688336e-05
boot631	0.0519613883754364	7.00992315672473e-05	7.06537573183056e-05	9.12687582640806e-05
boot632	0.0558681672025723	6.81918162775246e-05	6.88190775529616e-05	8.98316809749151e-05
boot633	0.0532494758909853	7.46487099720778e-05	7.52431558175002e-05	9.35703056369906e-05
boot634	0.0612286411716843	7.1194860433448e-05	7.19574614301386e-05	9.00769557201225e-05
boot635	0.0512872905598692	7.21518876967131e-05	7.26893593299319e-05	8.99295632546584e-05
boot636	0.0548139158576052	7.12734007945048e-05	7.18811203276044e-05	8.96327352407012e-05
boot637	0.0760667903525046	7.13461250122726e-05	7.25389010573214e-05	9.18159248161128e-05
boot638	0.0961262553802009	7.21673049480849e-05	7.40611883203784e-05	9.20266947451965e-05
boot639	0.073469387755102	7.17847155521934e-05	7.28862973760933e-05	9.18766160358354e-05
boot640	0.0680706232716443	7.56679966372425e-05	7.66536613367937e-05	9.51107526200086e-05
boot641	0.0656934306569343	7.30418414059413e-05	7.39168671219748e-05	8.90095603365232e-05
boot642	0.0677551020408163	7.20327074603269e-05	7.2969596001666e-05	9.15716240682029e-05
boot643	0.0600201409869084	7.26176487369655e-05	7.33432111385945e-05	8.97660829168311e-05
boot644	0.0777212614445575	7.0550755648804e-05	7.17797677506419e-05	9.02939165314848e-05
boot645	0.055948293274086	7.30855505653272e-05	7.37177888041241e-05	9.02054800100718e-05
boot646	0.0712835093419984	7.21766747420647e-05	7.32086281750685e-05	9.15665538080268e-05
boot647	0.046611909650924	7.21181561042649e-05	7.25642895993996e-05	9.0930619198296e-05
boot648	0.0476483877592935	7.16638139016242e-05	7.21301044861508e-05	9.10472910282223e-05
boot649	0.0750838926174497	7.51796075505358e-05	7.63619881987298e-05	9.34200274923941e-05
boot650	0.0717026863259947	7.31689052555183e-05	7.42073369312129e-05	9.06488023748067e-05
boot651	0.071265323083316	7.50510822691981e-05	7.61062965376729e-05	9.26944148026748e-05
boot652	0.0591606960081883	7.42524348177429e-05	7.49689113688531e-05	9.22419916944081e-05
boot653	0.0685876623376623	7.07763783107375e-05	7.17309780317086e-05	9.1457712246688e-05
boot654	0.0683621566632757	7.09117175238936e-05	7.18625587169056e-05	9.12798112343229e-05
boot655	0.0619219943707278	7.18221291016388e-05	7.2593004330197e-05	8.96577037521963e-05
boot656	0.0809081527347781	7.37957808312791e-05	7.51468910849332e-05	9.1479090447435e-05
boot657	0.0579073482428115	7.1579038594542e-05	7.22486194612582e-05	8.90322809189951e-05
boot658	0.0736973219846377	7.38180991098129e-05	7.49456256341449e-05	9.24601274550796e-05
boot659	0.0720958570268075	6.98433397535094e-05	7.08989475115171e-05	9.03343175969891e-05
boot660	0.0629125412541254	7.24930492124568e-05	7.33094658475749e-05	9.23876196664633e-05
boot661	0.0740442655935614	7.07970847321988e-05	7.1900214162237e-05	9.04679521407805e-05
boot662	0.0555669050051073	7.04847059689062e-05	7.11154885903253e-05	9.14951624725171e-05
boot663	0.0899711101939744	7.12311712488529e-05	7.29015799714151e-05	9.09257308530613e-05
boot664	0.0586109995985548	7.0622993806093e-05	7.13125259766955e-05	8.98967377770496e-05
boot665	0.0690218501123137	7.05849719939155e-05	7.1557815733537e-05	9.1662974846347e-05
boot666	0.0490413723511604	7.21359214369759e-05	7.26213010943089e-05	9.10695832281621e-05
boot667	0.062603305785124	7.24861347562969e-05	7.32958814288642e-05	9.10543635669333e-05
boot668	0.0579001019367992	7.42156579932042e-05	7.48991282896959e-05	9.09777466773202e-05
boot669	0.0589077520965433	6.9827301181178e-05	7.0537082988719e-05	9.09209752415259e-05
boot670	0.0464232960540198	7.4083975006997e-05	7.4538738125064e-05	9.3566947786339e-05
boot671	0.0725806451612903	7.36961499101201e-05	7.47854696065694e-05	9.24570536748145e-05
boot672	0.0601713488742777	7.02581536104214e-05	7.09795306228442e-05	8.87920314979228e-05
boot673	0.0748039412829278	6.8262158137059e-05	6.93873601542437e-05	8.75723693419654e-05
boot674	0.0530427631578947	7.36443672118998e-05	7.42228077389197e-05	9.11038268462338e-05
boot675	0.0640843642263233	7.13043957497457e-05	7.21372502900604e-05	9.12079144536621e-05
boot676	0.0682559087204564	7.09108837565835e-05	7.18601235844677e-05	9.03418758981425e-05
boot677	0.0549648946840522	7.01377801954135e-05	7.07438262631425e-05	8.95226007133108e-05
boot678	0.070413961038961	7.26602011959012e-05	7.36663144079946e-05	9.0567844888365e-05
boot679	0.0596080016164882	7.27328077374525e-05	7.34507535561454e-05	9.05298616573065e-05
boot680	0.0650200548870593	7.19266307542309e-05	7.28190959299785e-05	9.4108789476763e-05
boot681	0.0809873521011832	7.38608934718953e-05	7.51989088126463e-05	9.13025574739225e-05
boot682	0.0734187512711003	7.19073422056549e-05	7.30036027381356e-05	9.14479016611508e-05
boot683	0.0634236453201971	7.46281360124634e-05	7.54537843674925e-05	9.17328865131451e-05
boot684	0.0544316996871741	7.5886892362967e-05	7.65047880732558e-05	9.37619573738062e-05
boot685	0.0481580572134184	7.27123959079701e-05	7.31896954499686e-05	9.07541895862148e-05
boot686	0.0415424368912741	6.9863709666722e-05	7.0206737705455e-05	8.90090891993671e-05
boot687	0.0556123492128399	7.45289821069718e-05	7.51613136107482e-05	9.08764916219787e-05
boot688	0.0497070115174783	7.20941020174501e-05	7.25933517636612e-05	9.07810045083568e-05
boot689	0.073469387755102	7.07018334197486e-05	7.18034152436485e-05	9.09876667034994e-05
boot690	0.0817287996722655	7.15950176282666e-05	7.29632267015704e-05	9.25103683337522e-05
boot691	0.0545864970244203	7.33374265671472e-05	7.39488949967382e-05	9.0862310869303e-05
boot692	0.0708180708180708	7.21964103854226e-05	7.32170044339357e-05	9.05334610053744e-05
boot693	0.0750620347394541	7.33638393649836e-05	7.45289156799603e-05	9.25003431711158e-05
boot694	0.0543701272055806	7.21754868686182e-05	7.27819929688133e-05	9.126844572517e-05
boot695	0.046141282155982	7.15941286454679e-05	7.20287995150061e-05	9.06979627212726e-05
boot696	0.0803387030152829	7.40350142797001e-05	7.53679980058831e-05	9.19190415649515e-05
boot697	0.061950606948514	7.50642297999026e-05	7.58674691681088e-05	9.30034134873692e-05
boot698	0.0609981515711645	7.15768349058482e-05	7.23410112244144e-05	9.1080401956694e-05
boot699	0.0610289523016038	7.2500973746818e-05	7.32767565043751e-05	9.3372872562082e-05
boot700	0.0561680882047015	7.1615388581511e-05	7.22716927488859e-05	9.35721750416475e-05
boot701	0.07842340511987	7.19773185638971e-05	7.32268574648713e-05	9.09377270475022e-05
boot702	0.0704225352112676	7.0702949397474e-05	7.17301518551339e-05	9.32645094815274e-05
boot703	0.0799754551032931	7.2366595572648e-05	7.36748535843026e-05	9.17568069866763e-05
boot704	0.0765359614174879	7.47059493134114e-05	7.59342473612409e-05	9.46440501708911e-05
boot705	0.0489240763296793	7.18390728294202e-05	7.23249772639943e-05	9.0670958806967e-05
boot706	0.073086319218241	7.3225329786351e-05	7.43127911171471e-05	9.14620363064143e-05
boot707	0.0496830913923533	7.19394519516111e-05	7.24441359774342e-05	9.15497284374046e-05
boot708	0.0690152451586321	7.31656878958653e-05	7.41469619099375e-05	9.22160003925391e-05
boot709	0.0434080355340198	7.35224158721371e-05	7.39028434006901e-05	9.06157551344159e-05
boot710	0.0649507339634024	7.20569504008483e-05	7.29052507914344e-05	8.94755954097365e-05
boot711	0.0757981462409887	7.2042106025653e-05	7.32254961334944e-05	9.21536734040987e-05
boot712	0.0656237301909793	7.14025236248794e-05	7.22774675428352e-05	9.08509027284481e-05
boot713	0.0679414157851912	7.04805569667959e-05	7.14195390617707e-05	8.97813879670206e-05
boot714	0.0781918142944411	7.61249007868852e-05	7.73698528990123e-05	9.08505357313197e-05
boot715	0.0597290640394089	7.32891261939701e-05	7.40213842175792e-05	8.98978010897533e-05
boot716	0.0741724560686555	7.12312048717268e-05	7.23553473399035e-05	9.15793531678085e-05
boot717	0.0572777663724081	7.17766793530571e-05	7.24502048140738e-05	9.02459742568922e-05
boot718	0.0693009118541034	7.03080918463181e-05	7.12812663921763e-05	8.96004343724532e-05
boot719	0.0570607553366174	7.30581840105224e-05	7.37264783043618e-05	8.99736115560088e-05
boot720	0.0734727014410392	7.0664454519992e-05	7.17600984934128e-05	9.11861494089879e-05
boot721	0.06876026272578	7.49046405714899e-05	7.58750785292317e-05	9.20605136313712e-05
boot722	0.0893223819301848	7.26968855061315e-05	7.43351787122263e-05	9.14901626694203e-05
boot723	0.0666666666666667	7.47013715510836e-05	7.56102558955508e-05	9.17328187561244e-05
boot724	0.0591409006017846	7.40715043886682e-05	7.47973076930861e-05	9.34473295848655e-05
boot725	0.0701611258413216	7.32906775166804e-05	7.4294671720091e-05	9.20963095448504e-05
boot726	0.0645756457564576	7.17237651415622e-05	7.25786265652734e-05	9.14690867987883e-05
boot727	0.0551132884262094	7.19627061508745e-05	7.25827254530077e-05	9.10413379574535e-05
boot728	0.0803500397772474	7.18940751176859e-05	7.3178110299111e-05	8.80920228482708e-05
boot729	0.0372874410981356	7.13231280513987e-05	7.16079781361451e-05	9.08575627847574e-05
boot730	0.0589077520965433	7.24211915401938e-05	7.31309733477347e-05	9.17550099407226e-05
boot731	0.06359918200409	7.29011945582666e-05	7.37283634645221e-05	9.09302115179531e-05
boot732	0.0793939393939394	7.32087820352283e-05	7.44821956943169e-05	9.05330253870199e-05
boot733	0.0634690924126525	7.39217356454836e-05	7.47545505496981e-05	9.18400201592341e-05
boot734	0.0642446633825944	7.28371861679204e-05	7.36843488881879e-05	9.18027563166519e-05
boot735	0.0643879173290938	6.89205268627909e-05	6.97444147598454e-05	8.8551561588355e-05
boot736	0.0715304666802527	7.28401666636376e-05	7.38828827148899e-05	9.24028167373272e-05
boot737	0.0710132890365448	7.31104588710692e-05	7.41575700047461e-05	9.30637790613794e-05
boot738	0.0741559485530547	7.27622998343788e-05	7.38674253781495e-05	9.15030655718493e-05
boot739	0.0823817292006525	7.19656633049051e-05	7.33495844521501e-05	9.084219309495e-05
boot740	0.0648409182440596	6.99529748048069e-05	7.07996007973024e-05	8.9704794157832e-05
boot741	0.0589435039771568	7.04661802355708e-05	7.11747946881722e-05	9.07098445912899e-05
boot742	0.0669412976313079	7.29388763649364e-05	7.38618706653614e-05	9.16729910800487e-05
boot743	0.0609657947686117	6.92495967428357e-05	6.99974494856463e-05	8.9100941287316e-05
boot744	0.0595432300163132	7.19613220171184e-05	7.26842820988426e-05	9.16198093115822e-05
boot745	0.0710295291300878	7.12063389298122e-05	7.22129618365245e-05	8.91414082646687e-05
boot746	0.0584310553983017	7.12962193464545e-05	7.19865121557872e-05	9.09333930725326e-05
boot747	0.0797131147540984	7.15529930781651e-05	7.28550792797635e-05	9.07248896245721e-05
boot748	0.049082285007218	7.41008447342485e-05	7.45976627795217e-05	9.1931669288419e-05
boot749	0.0810922631361192	7.41289261423249e-05	7.54892809500489e-05	9.29267944331681e-05
boot750	0.060082304526749	7.17394014749695e-05	7.24821758200816e-05	9.13864554282776e-05
boot751	0.062111801242236	7.11657798950917e-05	7.19387464055215e-05	8.88580905063148e-05
boot752	0.065690461663616	7.29532232572459e-05	7.38308390297858e-05	9.10920739701115e-05
boot753	0.0616757963075675	7.15063851064297e-05	7.22781245769456e-05	9.07233793404353e-05
boot754	0.0525991370454078	7.3900608071829e-05	7.44690628114883e-05	9.1415113561588e-05
boot755	0.0790267444198673	7.04363583234037e-05	7.16921850544721e-05	8.94291185429727e-05
boot756	0.0527811611855461	7.13885397546604e-05	7.19540799446918e-05	9.08562066831188e-05
boot757	0.0782180250461917	7.11941876836844e-05	7.24502048140738e-05	9.19985369819087e-05
boot758	0.0499280871173207	7.29014753119433e-05	7.34136622614388e-05	9.22710397212574e-05
boot759	0.083020442219441	7.45333464214439e-05	7.59710589425768e-05	9.24490974396617e-05
boot760	0.0489467162329616	7.27405522248952e-05	7.32353438461241e-05	9.16979009204798e-05
boot761	0.0524367674275139	7.17850736461582e-05	7.23504889408831e-05	9.14877510856511e-05
boot762	0.0686274509803922	7.35527586643753e-05	7.4535179821669e-05	9.22607382571217e-05
boot763	0.0640971931294512	7.42565317627999e-05	7.51171204027401e-05	9.36024974797162e-05
boot764	0.0385799302277858	7.26327635597859e-05	7.29382039489468e-05	9.0845977620788e-05
boot765	0.0545713703929953	7.07927881816462e-05	7.13991890096995e-05	9.08770801204292e-05
boot766	0.0545936035852516	6.91903673228457e-05	6.97975096231968e-05	8.99454132494033e-05
boot767	0.073071443110116	7.16214359417665e-05	7.27082333767746e-05	9.05413969552918e-05
boot768	0.0534737694956451	7.0234065073815e-05	7.08132516292279e-05	8.9550505113392e-05
boot769	0.0614770459081836	7.15162517225142e-05	7.22706284038709e-05	8.89883453558141e-05
boot770	0.0658852061438965	7.21538528912938e-05	7.30311488469574e-05	9.00987965435489e-05
boot771	0.0559822150363783	7.11315599140897e-05	7.17649488389844e-05	8.92645332934526e-05
boot772	0.063933428049523	7.2454670755004e-05	7.3284279689886e-05	9.0445007011168e-05
boot773	0.0633196721311475	7.22014504380323e-05	7.30230448804085e-05	9.12668884592763e-05
boot774	0.0557051149306275	7.65897708284614e-05	7.72323593207858e-05	9.26895337408909e-05
boot775	0.0671672077922078	7.51391323294392e-05	7.6054601851071e-05	9.18890970003255e-05
boot776	0.0630114566284779	7.13441177029298e-05	7.21564015954098e-05	9.04822468394235e-05
boot777	0.0540314136125654	7.27199318127445e-05	7.33313231545188e-05	9.37258959013449e-05
boot778	0.0688544392993759	7.32214042825436e-05	7.41758906548471e-05	9.03209781896451e-05
boot779	0.0817230273752013	6.97224090412808e-05	7.10667434219909e-05	8.94281510112734e-05
boot780	0.0524994770968417	7.40145908573688e-05	7.45910801055265e-05	9.41076125019701e-05
boot781	0.0730584467574059	7.32505005979782e-05	7.43188626161137e-05	8.92684328892485e-05
boot782	0.078855975485189	7.18484118881691e-05	7.31187417900528e-05	9.03635494993003e-05
boot783	0.0502574665293512	7.32991958630072e-05	7.38194456965703e-05	9.34003295828048e-05
boot784	0.0861438439658675	6.98204055661027e-05	7.13280776207991e-05	9.09378947753474e-05
boot785	0.0607222110147266	7.07607561191088e-05	7.15045904766874e-05	9.04543169063599e-05
boot786	0.0637507736744378	7.25863586223097e-05	7.34248486458479e-05	9.23779759370471e-05
boot787	0.0615352523988319	7.40063890765254e-05	7.47962487527432e-05	9.25013311936018e-05
boot788	0.0792607802874743	7.22440681037165e-05	7.35340622088047e-05	9.26954044838784e-05
boot789	0.052160063706948	7.1672459317392e-05	7.2214102209272e-05	8.87761411022375e-05
boot790	0.0499898394635237	7.3409514692721e-05	7.39173350645131e-05	9.11537567366799e-05
boot791	0.0710568454763811	7.13050352153574e-05	7.23156587720136e-05	8.90908550432767e-05
boot792	0.0499592169657423	7.24663952389713e-05	7.29753518784147e-05	9.1609405483234e-05
boot793	0.0958792329661363	7.03688983183375e-05	7.2244220087855e-05	9.15363317408632e-05
boot794	0.0602994738972076	7.02618507744729e-05	7.09975906676902e-05	9.03331074717798e-05
boot795	0.0714139134003694	7.32392196697269e-05	7.42857920126687e-05	9.09519968233181e-05
boot796	0.0551292407108239	7.24218131088313e-05	7.30355516349524e-05	9.08085230653957e-05
boot797	0.0761884990658086	7.4257747222534e-05	7.54627892382908e-05	9.34508298323248e-05
boot798	0.0464923204649232	7.25273220535012e-05	7.29759596338692e-05	9.31697830441787e-05
boot799	0.0743532287634956	7.43563854824883e-05	7.54825624284155e-05	9.19574935176057e-05
boot800	0.0587633087633088	7.4460276547974e-05	7.51673048970346e-05	9.21968520814575e-05
boot801	0.0533360373149463	7.27530335250332e-05	7.33299414294058e-05	9.0962068230798e-05
boot802	0.0658186957399556	7.26613369871737e-05	7.35359787616354e-05	9.06636532029108e-05
boot803	0.0711656441717791	7.27344882226246e-05	7.37701832963228e-05	9.10568939654915e-05
boot804	0.0560441808140724	7.45803679256481e-05	7.52228204114571e-05	9.11186331817094e-05
boot805	0.057719763410157	7.12440687271025e-05	7.19235651758327e-05	9.18633824824143e-05
boot806	0.0619451170298628	7.07591962242647e-05	7.15334491548223e-05	8.91684563989479e-05
boot807	0.0447087776866284	7.19338144837043e-05	7.23437559935961e-05	9.04245539024425e-05
boot808	0.0653162463828028	7.1321142603787e-05	7.22029557583011e-05	9.24902923931268e-05
boot809	0.0615290269828291	6.95513593571332e-05	7.03252393983135e-05	9.1199534769419e-05
boot810	0.043574297188755	7.00611432682554e-05	7.04424122191578e-05	9.02702032464951e-05
boot811	0.0530085959885387	7.08445129232614e-05	7.14196073253646e-05	9.11678472223231e-05
boot812	0.0672234671012426	7.08687999719395e-05	7.17893529418136e-05	9.11734427456887e-05
boot813	0.0582760016187778	7.17843992143667e-05	7.24715890898567e-05	8.92770203114221e-05
boot814	0.0813406907827509	7.57525747530346e-05	7.71047733994713e-05	9.20729954051089e-05
boot815	0.0543478260869565	7.07706084684825e-05	7.1376368558798e-05	9.05974791075768e-05
boot816	0.0535353535353535	7.08014745970057e-05	7.13804713804714e-05	8.94836498852416e-05
boot817	0.0699200328070535	7.07651099480181e-05	7.1767531721186e-05	9.11512520921054e-05
boot818	0.0662812306421639	7.28948757648799e-05	7.38019997655902e-05	9.24301966545459e-05
boot819	0.0543812846295916	7.55739581627455e-05	7.61808377272776e-05	9.17602765765496e-05
boot820	0.0511052524842831	7.28414100543271e-05	7.33710687100729e-05	8.96567045231031e-05
boot821	0.0597938144329897	7.46799784807921e-05	7.54171537889255e-05	9.21674948201601e-05
boot822	0.0701077016866491	7.17209926560487e-05	7.27197916472668e-05	9.01218029056021e-05
boot823	0.0661326761141918	7.37627452857485e-05	7.4660985345314e-05	9.13318786787444e-05
boot824	0.0684242302274099	7.13109449941086e-05	7.22531617947151e-05	9.15725511287006e-05
boot825	0.0711974110032362	7.13876693778925e-05	7.24129669777233e-05	8.94647457764857e-05
boot826	0.0715888231694881	7.14606720600955e-05	7.25059422217909e-05	9.24873833415986e-05
boot827	0.0423399468193905	7.20530709552594e-05	7.24197453460691e-05	9.08858044850035e-05
boot828	0.0762518179929358	7.51572593426131e-05	7.63653083239611e-05	9.22834831591892e-05
boot829	0.0747644818600922	6.93091386846286e-05	7.04295491371858e-05	8.85112741682778e-05
boot830	0.0512129380053908	7.41294877998015e-05	7.46732914529518e-05	9.25520677273014e-05
boot831	0.0557244174265451	7.18428028486926e-05	7.24720248745341e-05	9.10849906591678e-05
boot832	0.0714428657194317	7.08648081359587e-05	7.18862376060818e-05	8.91105587856586e-05
boot833	0.0590872045639772	7.16054253470228e-05	7.2316773705455e-05	9.09075627811816e-05
boot834	0.0565040650406504	7.04892867142036e-05	7.11382113821138e-05	9.16272831427501e-05
boot835	0.0459983498349835	7.2107172226562e-05	7.25436095589757e-05	9.1976361579695e-05
boot836	0.0496932515337423	7.15505764812501e-05	7.20555701924967e-05	9.08164342086942e-05
boot837	0.0539094650205761	7.23075632171844e-05	7.29055530152924e-05	9.13751653697386e-05
boot838	0.0641624365482233	6.92509333422974e-05	7.00868355278415e-05	9.08797517138797e-05
boot839	0.0726313653885169	7.03023292362796e-05	7.13725899865738e-05	9.02030464283006e-05
boot840	0.0639676113360324	7.24395677202468e-05	7.32678785097281e-05	9.00228897004179e-05
boot841	0.0830062794348509	7.02327072099157e-05	7.15847563515202e-05	8.84215535152079e-05
boot842	0.0638253638253638	7.21558781862809e-05	7.300279649552e-05	9.23812388449903e-05
boot843	0.0507468794761612	7.28313695070246e-05	7.33583279225286e-05	9.08476171242935e-05
boot844	0.0571136131013306	7.06134775138201e-05	7.12812287526099e-05	9.14478205739871e-05
boot845	0.060453906406909	6.97366930330735e-05	7.04707108679511e-05	8.89191867373735e-05
boot846	0.07984559122308	7.20554210350022e-05	7.3350690932963e-05	8.98098495390247e-05
boot847	0.0603859721934011	7.14569504501088e-05	7.22136355793353e-05	9.23648036739141e-05
boot848	0.0668316831683168	7.08139033318095e-05	7.17352056987877e-05	9.19956431421497e-05
boot849	0.0595141700404858	7.25508873284309e-05	7.32678785097281e-05	9.05545528127097e-05
boot850	0.0602385284010511	7.12647623955422e-05	7.19982736758988e-05	8.9145177769893e-05
boot851	0.0619344460084456	7.27404433015055e-05	7.35117836599156e-05	8.96844160696779e-05
boot852	0.0871503850830969	7.12495879707916e-05	7.27889454130559e-05	9.10263099592442e-05
boot853	0.0737856118056979	7.32393813353433e-05	7.43552486256777e-05	9.1645836151673e-05
boot854	0.0663815923437182	6.95897295996594e-05	7.04870042488322e-05	9.03804197407363e-05
boot855	0.0556006493506494	7.22566245360926e-05	7.28839443835385e-05	9.1239074451277e-05
boot856	0.0598888660218152	7.46116568731393e-05	7.53498079892906e-05	9.21694564727457e-05
boot857	0.0650863800723182	7.11411453003327e-05	7.19921370381628e-05	8.99490387333292e-05
boot858	0.0587751746814632	7.28606092536493e-05	7.35705396192137e-05	9.09817476089244e-05
boot859	0.0588959573158219	7.13420221144406e-05	7.20538492821293e-05	9.12438520978411e-05
boot860	0.0585456039441249	7.40297554230335e-05	7.4733861368223e-05	9.17980694109545e-05
boot861	0.0557688421903415	6.90252456060288e-05	6.9653688475144e-05	9.01432392746898e-05
boot862	0.0825015278060705	7.48429683112476e-05	7.62295036728968e-05	9.10060694784389e-05
boot863	0.0636495143624716	7.45815613904898e-05	7.54187716981109e-05	9.12275764284468e-05
boot864	0.0713573848913693	7.13720075366989e-05	7.23869320689961e-05	8.73444381923359e-05
boot865	0.063735377168213	7.27311360085812e-05	7.35504579736426e-05	8.99874566999295e-05
boot866	0.0526315789473684	7.25148946871398e-05	7.30734918039966e-05	8.90030750186126e-05
boot867	0.0608427543679342	7.57974264951044e-05	7.6558339292448e-05	9.26372770995739e-05
boot868	0.0595623987034036	7.48022276213819e-05	7.55209633060057e-05	9.11792001000506e-05
boot869	0.0692872741711336	7.18455019638189e-05	7.27985943525554e-05	8.87979185041092e-05
boot870	0.0665707828230943	7.38118043666192e-05	7.47223589435001e-05	9.27134275482853e-05
boot871	0.0636658556366586	7.04639430944581e-05	7.12857884257533e-05	9.0484307419509e-05
boot872	0.044806517311609	7.07705114128217e-05	7.11793961365682e-05	8.98763935566492e-05
boot873	0.066028123089464	7.12086001220008e-05	7.20970682366772e-05	9.02489823399857e-05
boot874	0.0707480235151024	7.34886580027725e-05	7.45033109180965e-05	9.06884165133927e-05
boot875	0.059499384489126	7.18451796304272e-05	7.25715187265668e-05	9.1496270921568e-05
boot876	0.043043043043043	6.96490582973663e-05	7.00199699198698e-05	8.89123263309261e-05
boot877	0.0760736196319018	7.49286182935389e-05	7.61120938771584e-05	9.09830037105309e-05
boot878	0.0870712401055409	7.11688166201464e-05	7.27075624804096e-05	9.11045304377375e-05
boot879	0.0626398210290828	7.19160738638889e-05	7.2714070036058e-05	8.97129262172535e-05
boot880	0.0745930352359365	7.21393311703073e-05	7.3285863398972e-05	9.18506493133138e-05
boot881	0.0582349409645787	7.17682413402137e-05	7.2446910211366e-05	8.97929383320195e-05
boot882	0.0699371579160754	7.17036499315418e-05	7.26951776139618e-05	9.08296836962407e-05
boot883	0.0642497482376636	7.13353730012275e-05	7.21667990130308e-05	8.92748796874052e-05
boot884	0.0620423108218063	7.4401991504441e-05	7.51849956403461e-05	9.0903821555057e-05
boot885	0.0683088387497413	7.4017334796802e-05	7.49832005495112e-05	9.32095573755387e-05
boot886	0.072609923356192	7.02903350464096e-05	7.13537075695625e-05	9.03315430435325e-05
boot887	0.0511684125705077	7.2439502500481e-05	7.29669413491888e-05	9.01014769506344e-05
boot888	0.0515232058883664	7.01874636077377e-05	7.07302239318054e-05	9.16504960145771e-05
boot889	0.0721094073767095	7.34600966614953e-05	7.45375451969741e-05	9.3296523493929e-05
boot890	0.0599799398194584	6.99014193229229e-05	7.06231030101337e-05	8.92162356917e-05
boot891	0.0618196754980489	7.31590036308054e-05	7.39439024352178e-05	9.21316176245676e-05
boot892	0.0668855149774313	7.35058274473801e-05	7.44236920583354e-05	9.28454997714744e-05
boot893	0.0579166666666667	7.16102068865741e-05	7.23090277777778e-05	9.27298538773148e-05
boot894	0.0589916309450908	7.35806928724e-05	7.42910444791692e-05	9.20359373707602e-05
boot895	0.0746705710102489	7.52622950992585e-05	7.64285143368649e-05	9.46154274146819e-05
boot896	0.0607957988285195	7.16657851898154e-05	7.24123271318872e-05	8.96969966241792e-05
boot897	0.0647236180904523	7.03480819161081e-05	7.11901214615793e-05	8.87433049188266e-05
boot898	0.0591300861896172	7.14161503905129e-05	7.21169656025377e-05	8.86942551880724e-05
boot899	0.0483450351053159	7.01542479611198e-05	7.06231030101337e-05	8.8647516559572e-05
boot900	0.0697956706453571	7.1252107880837e-05	7.22376299607146e-05	9.06369318240039e-05
boot901	0.0618826849425519	7.06986787091556e-05	7.1470592979605e-05	9.06882844671573e-05
boot902	0.0634627233518176	7.45508928076326e-05	7.53780682554103e-05	9.24265145385332e-05
boot903	0.0546987456302694	7.26232360619848e-05	7.32384844217473e-05	9.03116177098035e-05
boot904	0.0624489795918367	7.2257001759471e-05	7.30528946272387e-05	9.11672177409073e-05
boot905	0.0683417085427136	7.10593699793632e-05	7.19981818640943e-05	8.94421350458258e-05
boot906	0.0547063555913113	7.09168395014965e-05	7.15187673659541e-05	9.09868347613198e-05
boot907	0.0734114743985194	7.41176889012586e-05	7.52259028789194e-05	9.21387547347932e-05
boot908	0.0550610639619126	7.38414745016255e-05	7.44690300314574e-05	9.24613794927514e-05
boot909	0.0497572815533981	7.1912200985089e-05	7.24129669777233e-05	9.0657859066888e-05
boot910	0.0683204554697031	7.24796101763174e-05	7.34287123795682e-05	8.99147898227708e-05
boot911	0.0455747711088505	7.33441548551879e-05	7.37667509409711e-05	8.97877209410086e-05
boot912	0.069264943457189	7.149581558055e-05	7.2464642800285e-05	9.05799553061206e-05
boot913	0.0599549826069163	7.25809134651084e-05	7.3316456730792e-05	9.17318558130565e-05
boot914	0.0870275791624106	7.13210829368449e-05	7.28683351400869e-05	9.07428170994734e-05
boot915	0.067994367330517	6.96462699849951e-05	7.05763110207378e-05	8.95543289743987e-05
boot916	0.0677266157340491	7.50292903568598e-05	7.59764087708155e-05	9.17379050699547e-05
boot917	0.0686254366139306	7.26571133288244e-05	7.36247423714487e-05	9.12707966982083e-05
boot918	0.0554521001448376	7.09455737700091e-05	7.15818111816526e-05	9.19821918951673e-05
boot919	0.0618328298086606	7.16401445059522e-05	7.24101946252164e-05	8.9914048493759e-05
boot920	0.0558148975035519	7.17457177691196e-05	7.23780097892803e-05	8.9728980715544e-05
boot921	0.0484885372286468	7.17599628501287e-05	7.22369639137468e-05	9.07257509428594e-05
boot922	0.0668802563075691	7.1117058307104e-05	7.2012726846104e-05	8.97266444559851e-05
boot923	0.0690490611750454	6.91493057587327e-05	7.01119087971246e-05	8.93053561553718e-05
boot924	0.0743108270075909	7.20811563220889e-05	7.31842524088952e-05	8.99742159783893e-05
boot925	0.0725956566701138	7.34697520560627e-05	7.45597477887132e-05	9.18244234217377e-05
boot926	0.0584088620342397	7.15202360130205e-05	7.22073649483951e-05	9.08607503931865e-05
boot927	0.0647615131578947	7.28110579537796e-05	7.36733222602147e-05	9.18856218407254e-05
boot928	0.0632377740303541	7.20279964801058e-05	7.28709593941686e-05	9.26236410466732e-05
boot929	0.0525339925834363	7.14562731509235e-05	7.20248393595672e-05	9.09792060352883e-05
boot930	0.0505652620760534	7.43427504821038e-05	7.48683097274933e-05	9.15481372858998e-05
boot931	0.0616903146206046	7.32170416825425e-05	7.39996234053451e-05	9.15311061130943e-05
boot932	0.0436459602111246	7.02898273478999e-05	7.06765447337608e-05	8.93193846806251e-05
boot933	0.0517380759902991	7.28986084440053e-05	7.34396004624326e-05	8.9948376063816e-05
boot934	0.0797131147540984	7.23928210813901e-05	7.36949072829884e-05	9.12973494339835e-05
boot935	0.0480474340625639	7.2975400763648e-05	7.34474015651194e-05	9.1458994883608e-05
boot936	0.0521422797089733	6.98675804696689e-05	7.04170585079164e-05	8.92651689194508e-05
boot937	0.056859571023877	7.52157835645528e-05	7.5869974340963e-05	9.01487416792056e-05
boot938	0.0548308194048104	7.2386155673673e-05	7.29989601491323e-05	9.13180970476272e-05
boot939	0.0627076411960133	7.32548435395479e-05	7.40713402721824e-05	9.23789366525697e-05
boot940	0.0615537848605578	7.0315545803959e-05	7.10703004714211e-05	8.89665177008827e-05
boot941	0.0753452477660439	7.18907455500207e-05	7.30436509848148e-05	9.22705212622144e-05
boot942	0.0633218693101355	7.01167599489502e-05	7.09279392192172e-05	9.03338687770164e-05
boot943	0.0511608793918225	7.17782532956861e-05	7.23160456893874e-05	9.22049443673115e-05
boot944	0.05564451561249	7.04539141585377e-05	7.10736723886715e-05	8.85341359861551e-05
boot945	0.0738510937186434	7.18003240925444e-05	7.28948422630119e-05	9.15187368430579e-05
boot946	0.0496919917864476	7.36173166808343e-05	7.41243585797469e-05	9.06017138178952e-05
boot947	0.0774907749077491	7.29866338951209e-05	7.42176343452651e-05	9.25516872688527e-05
boot948	0.0663151490569864	7.12042757178804e-05	7.20961230093933e-05	8.98189283334813e-05
boot949	0.0542	7.2972472e-05	7.356e-05	8.890844e-05
boot950	0.0457647531112003	7.15367630289857e-05	7.19571589798747e-05	9.02096248065182e-05
boot951	0.0854092526690391	7.59497636852318e-05	7.74768184144518e-05	9.40066648044047e-05
boot952	0.0612535612535613	7.16666375978047e-05	7.24301701102678e-05	9.02415099581535e-05
boot953	0.0728382502543235	7.34324371449515e-05	7.45118696373445e-05	9.22009217955027e-05
boot954	0.0825910931174089	7.16411854811625e-05	7.30220131456015e-05	8.96393928207181e-05
boot955	0.0722549218591435	7.11948022545089e-05	7.22544275301068e-05	9.07652456750516e-05
boot956	0.0425101214574899	7.02795027985185e-05	7.0645314625711e-05	8.9157865007373e-05
boot957	0.0448036006546645	7.02808378821706e-05	7.06915094516515e-05	9.11395388410094e-05
boot958	0.0698654888576591	7.05224244773196e-05	7.1502385636388e-05	9.06296084345443e-05
boot959	0.0634297520661157	7.25499908696342e-05	7.33812581107848e-05	9.23362133028442e-05
boot960	0.0454360228198859	7.07752792752234e-05	7.11959052266678e-05	9.01083235690934e-05
boot961	0.0447019867549669	7.17118514393612e-05	7.21254002017455e-05	9.2037574561764e-05
boot962	0.0729613733905579	7.2466490633026e-05	7.3554445263526e-05	9.07708029433065e-05
boot963	0.0552384834896046	7.34572445038189e-05	7.4079195188334e-05	9.118107328603e-05
boot964	0.0746573941501329	7.37899073121477e-05	7.4929961822536e-05	9.08016513902002e-05
boot965	0.0651815181518152	7.25607409244339e-05	7.34371085623414e-05	9.22631276485203e-05
boot966	0.0694942254082039	7.07657519709985e-05	7.17274101480368e-05	8.91886975157898e-05
boot967	0.0731012013846467	7.41671170041112e-05	7.52552427715473e-05	9.15149897462422e-05
boot968	0.0599755201958384	7.42570371556029e-05	7.49908321418863e-05	9.21070951324802e-05
boot969	0.0698924731182796	7.27918892736352e-05	7.3802012887901e-05	9.34625707066512e-05
boot970	0.0623446561723281	7.31988292237274e-05	7.40038947070012e-05	9.38316656343393e-05
boot971	0.0843838958926393	7.05337640270983e-05	7.19816375297457e-05	9.0222926896323e-05
boot972	0.0732196589769308	7.09158498353001e-05	7.19912998775665e-05	8.90393525141722e-05
boot973	0.0660186310247064	7.13783243645237e-05	7.22609609871192e-05	9.03425374362085e-05
boot974	0.0608660130718954	7.09138115325142e-05	7.16704846426588e-05	9.12177256290926e-05
boot975	0.0624098867147271	7.44172052053501e-05	7.52194696666776e-05	9.14840492313975e-05
boot976	0.072373696872494	7.39092625600973e-05	7.49593732254926e-05	8.93109930909292e-05
boot977	0.0914760914760915	7.37267957758879e-05	7.54664787928821e-05	9.36337656873962e-05
boot978	0.0739299610894942	7.27367012733094e-05	7.38560211886676e-05	9.26320821867175e-05
boot979	0.0788339150071854	7.21437044812724e-05	7.34195792822086e-05	9.21329461558842e-05
boot980	0.0664899041403223	7.41417682626996e-05	7.50434422077514e-05	9.04904923558334e-05
boot981	0.0655004068348251	7.3443321726866e-05	7.43160441222133e-05	9.12393875414706e-05
boot982	0.0450617283950617	7.49009924588681e-05	7.53188030279937e-05	9.22745108738944e-05
boot983	0.0561590489854478	7.00960968316215e-05	7.07425077320007e-05	9.00207166487298e-05
boot984	0.0761107790396493	7.06986963151046e-05	7.1852880552208e-05	8.85498745901958e-05
boot985	0.063267429760666	7.1325576845692e-05	7.21586190243644e-05	9.14752713008747e-05
boot986	0.0514018691588785	7.34743315140327e-05	7.40111360961186e-05	9.08881383100767e-05
boot987	0.0318953179308935	7.31139967798845e-05	7.33219933666587e-05	9.16312142797084e-05
boot988	0.0597585513078471	7.00076398131878e-05	7.07261678724257e-05	9.03453179432289e-05
boot989	0.0520642668293675	7.14182684005242e-05	7.19695573735728e-05	9.03605157909407e-05
boot990	0.0612864077669903	7.01395360417993e-05	7.08992495889234e-05	8.99613825763392e-05
boot991	0.0486960065199674	7.26223828319534e-05	7.31055330053423e-05	9.19259920213365e-05
boot992	0.056428859330915	7.35212735446119e-05	7.41629938520259e-05	9.03313825535613e-05
boot993	0.0552147239263804	7.17248599888708e-05	7.23483090151011e-05	9.11002531776038e-05
boot994	0.0680049160180254	7.16383239235812e-05	7.25856136824134e-05	9.03011628654683e-05
boot995	0.0571076417419885	7.30933486945977e-05	7.37632917400642e-05	9.23362932832951e-05
boot996	0.0504738360115369	7.45558486706419e-05	7.50806958321004e-05	9.24978308583139e-05
boot997	0.0673154906731549	7.07781241385895e-05	7.16968944720379e-05	9.00624152575737e-05
boot998	0.048053024026512	7.27105081937906e-05	7.3188779345011e-05	9.17496346598424e-05
boot999	0.0616632860040568	7.1724399650061e-05	7.24956695974886e-05	8.9590979479868e-05
boot1000	0.0678034916768169	7.29989238117539e-05	7.3932198980972e-05	9.02735329678037e-05
