V1	V2	V3	V4
boot1	0.0219656434807097	0.000123896599092113	0.00012403247335106	0.000121953043329598
boot2	0.0585750492818924	0.00012433513080623	0.000125301347758744	0.000125114732816639
boot3	0.104759222754154	0.000128555183398385	0.000131645719797161	0.000128026515505913
boot4	0.0675865953252605	0.000128297415368015	0.000129583798884675	0.000125777220327719
boot5	0.0430864545198536	0.000123430374399512	0.00012395316870058	0.000123869218776289
boot6	0.0822303576457336	0.000125934891640699	0.00012783909657411	0.000126756211783211
boot7	0.0490002816108139	0.000130017908655454	0.000130694063991398	0.00012436072447828
boot8	0.0563221627710504	0.000122187495658728	0.000123080817545297	0.000124941964363777
boot9	0.0377358490566038	0.000121728149544654	0.000122129161739535	0.00012340755002531
boot10	0.0428048437059983	0.000119868476707287	0.00012038445942897	0.000123845322415824
boot11	0.0515347789355111	0.000122570820080255	0.000123318731496738	0.000124565339856399
boot12	0.0228104759222754	0.000122696376471412	0.000122842903593857	0.000122034514285653
boot13	0.03914390312588	0.00011987365797423	0.00012030515477849	0.000123530605115185
boot14	0.0371726274288933	0.000120946984220943	0.000121336115234733	0.0001233580153267
boot15	0.0599831033511687	0.000120719410470339	0.000121732638487134	0.000125221261451613
boot16	0.0394255139397353	0.000124705010733364	0.000125142738457783	0.000123555082134877
boot17	0.062517600675866	0.000125310950969024	0.000126411612865467	0.000125410199030622
boot18	0.0433680653337088	0.000119854808882423	0.00012038445942897	0.000123893070470661
boot19	0.0349197409180513	0.000123371861815942	0.000123715254749139	0.000123158089888486
boot20	0.0808223035764573	0.000128933817880007	0.000130773368641879	0.000126667326255497
boot21	0.0520980005632216	0.00012556795967579	0.000126332308214986	0.000124610318613388
boot22	0.0760349197409181	0.000122245784911826	0.0001238738640501	0.000126356762901631
boot23	0.0413967896367221	0.000122518918078645	0.000123001512894817	0.00012372517062208
boot24	0.0397071247535905	0.000126205523506235	0.000126649526816907	0.000123579514488475
boot25	0.0532244438186426	0.000123789847126668	0.000124587605904422	0.000124699740134233
boot26	0.0870177414812729	0.000124199926538698	0.000126332308214986	0.000127050070017798
boot27	0.0487186707969586	0.000127567214057933	0.000128235619826512	0.000124337766105795
boot28	0.0839200225288651	0.000128393581469104	0.000130376845389477	0.000126861400435354
boot29	0.03914390312588	0.00012383889049824	0.000124270387302501	0.000123530605115185
boot30	0.0794142495071811	0.000124635599622778	0.000126411612865467	0.000126577324075425
boot31	0.0782878062517601	0.000124527016347465	0.000126253003564506	0.00012650451834167
boot32	0.0706843142776683	0.000125876959716355	0.000127283964020749	0.000125994386878344
boot33	0.035764573359617	0.000119310507856936	0.000119670717574648	0.000123233396923524
boot34	0.0664601520698395	0.000124850532868686	0.000126094394263546	0.000125696910690117
boot35	0.0484370599831034	0.000126702567803922	0.000127363268671229	0.000124314763067216
boot36	0.0464657842861166	0.000128103430520346	0.000128711447729393	0.000124152491146521
boot37	0.0461841734722613	0.000126445380432779	0.000127046050069308	0.000124129130779187
boot38	0.0264714165023937	0.00012145599903191	0.000121653333836654	0.000122382909821415
boot39	0.0698394818361025	0.000129003273656688	0.000130376845389477	0.000125935695630397
boot40	0.0650520980005632	0.000127043906096781	0.000128235619826512	0.000125595518655991
boot41	0.0490002816108139	0.000125576848228562	0.000126253003564506	0.00012436072447828
boot42	0.0577302168403267	0.000123014622393503	0.00012395316870058	0.000125050279642523
boot43	0.0481554491692481	0.000123458737369411	0.00012411177800154	0.000124291715362543
boot44	0.0506899464939454	0.000123308882622939	0.00012403247335106	0.000124497536725208
boot45	0.0909602928752464	0.000129236430669083	0.000131566415146681	0.0001272823783744
boot46	0.0467473950999718	0.000125320375514927	0.000125935784962585	0.00012417580684776
boot47	0.065896930442129	0.000127409274748387	0.000128632143078913	0.000125656487874749
boot48	0.102787947057167	0.000124150034511333	0.000127125354719789	0.000127926776117277
boot49	0.0397071247535905	0.000124778039797591	0.000125222043108263	0.000123579514488475
boot50	0.0695578710222473	0.000125445619243424	0.000126808136117868	0.000125916042548892
boot51	0.0566037735849057	0.000124795593572662	0.000125697871011145	0.000124963716751715
boot52	0.065896930442129	0.000123444042224377	0.000124666910554902	0.000125656487874749
boot53	0.0802590819487468	0.000127531883177319	0.000129345884933235	0.000126631459381751
boot54	0.099408617290904	0.00012450106534666	0.000127283964020749	0.000127750702373434
boot55	0.0794142495071811	0.000128918050748709	0.000130694063991398	0.000126577324075425
boot56	0.0168966488313151	0.000121097106963981	0.000121177505933772	0.000121455775701439
boot57	0.0642072655589975	0.000128264228459929	0.000129425189583715	0.000125534147442384
boot58	0.0526612221909321	0.000124441078781977	0.000125222043108263	0.000124655118705999
boot59	0.0735004224162208	0.000123542084301428	0.000125063433807303	0.000126187121075372
boot60	0.0475922275415376	0.00012617028195781	0.000126808136117868	0.000124245485954913
boot61	0.0822303576457336	0.000128472640456066	0.000130376845389477	0.000126756211783211
boot62	0.0275978597578147	0.000120804410047846	0.000121018896632812	0.000122488589800596
boot63	0.0684314277668262	0.000127234094326431	0.000128552838428432	0.000125836983561931
boot64	0.0377358490566038	0.00012030066583601	0.000120701678030891	0.00012340755002531
boot65	0.0326668544072092	0.00012087699245113	0.000121177505933772	0.000122955305820234
boot66	0.0411151788228668	0.000122446157010984	0.000122922208244337	0.000123701006265048
boot67	0.069276260208392	0.000123949841076552	0.000125301347758744	0.000125896344801293
boot68	0.0450577302168403	0.000122509091537893	0.000123080817545297	0.000124035242648908
boot69	0.0475922275415376	0.000124584188948205	0.000125222043108263	0.000124245485954913
boot70	0.0667417628836947	0.000126029539094581	0.000127283964020749	0.000125717055098659
boot71	0.0656153196282737	0.000126864571728052	0.000128077010525551	0.000125636209467924
boot72	0.0566037735849057	0.000125747249378425	0.000126649526816907	0.000124963716751715
boot73	0.0461841734722613	0.000121845710704926	0.000122446380341456	0.000124129130779187
boot74	0.0757533089270628	0.000127095406103541	0.000128711447729393	0.000126338092474202
boot75	0.0554773303294847	0.000124672538482787	0.000125539261710184	0.000124876439203397
boot76	0.0461841734722613	0.000123749022316451	0.000124349691952981	0.000124129130779187
boot77	0.0467473950999718	0.000124210110408204	0.000124825519855862	0.00012417580684776
boot78	0.0791326386933258	0.000123934431274009	0.000125697871011145	0.000126559189641128
boot79	0.038017459870459	0.000124180586119853	0.000124587605904422	0.000123432250375474
boot80	0.0932131793860884	0.000129595412069201	0.000132042243049562	0.000127411195390444
boot81	0.030132357082512	0.000125442179954161	0.000125697871011145	0.000122723756787236
boot82	0.0630808223035765	0.00013131818332745	0.000132438766301963	0.000125451693832253
boot83	0.0546324978879189	0.000123826383991828	0.000124666910554902	0.000124810512048168
boot84	0.0605463249788792	0.000127361884022305	0.000128394229127472	0.000125263560242942
boot85	0.0475922275415376	0.000124266970346285	0.000124904824506342	0.000124245485954913
boot86	0.02787947057167	0.000122148189495719	0.000122367075690975	0.000122514898130156
boot87	0.0633624331174317	0.000126787790711901	0.000127918401224591	0.000125472374233927
boot88	0.0861729090397071	0.000127175403078484	0.000129266580282754	0.000126999150670263
boot89	0.0354829625457618	0.000124946788301964	0.000125301347758744	0.000123208339244605
boot90	0.068149816952971	0.000129068932815351	0.000130376845389477	0.000125817107149955
boot91	0.0611095466065897	0.000124646230153228	0.000125697871011145	0.000125305680369893
boot92	0.0574486060264714	0.000126592465881403	0.00012752187797219	0.000125028705918962
boot93	0.0605463249788792	0.000123238042197334	0.000124270387302501	0.000125263560242942
boot94	0.0371726274288933	0.000124912216744954	0.000125301347758744	0.0001233580153267
boot95	0.0470290059138271	0.000121902838639572	0.000122525684991936	0.000124199077882905
boot96	0.0709659250915235	0.000124676156436428	0.000126094394263546	0.000126013861295471
boot97	0.0833568009011546	0.00012286878759552	0.000124825519855862	0.000126826516215684
boot98	0.068149816952971	0.000123200388679815	0.000124508301253941	0.000125817107149955
boot99	0.0571669952126162	0.000124618939169593	0.000125539261710184	0.000125007087529307
boot100	0.0329484652210645	0.000124599107423711	0.000124904824506342	0.000122980810160096
boot101	0.0549141087017741	0.000128338061513854	0.000129187275632274	0.000124832532432672
boot102	0.0464657842861166	0.000128420649122267	0.000129028666331314	0.000124152491146521
boot103	0.0842016333427204	0.00012592180447506	0.000127918401224591	0.000126878775546048
boot104	0.064770487186708	0.000126974896981043	0.000128156315176031	0.000125575106250883
boot105	0.0630808223035765	0.000124973811289033	0.000126094394263546	0.000125451693832253
boot106	0.0450577302168403	0.000123936575246537	0.000124508301253941	0.000124035242648908
boot107	0.0639256547451422	0.000123278197016135	0.000124428996603461	0.000125513601038992
boot108	0.0608279357927344	0.000126638516624655	0.00012768048727315	0.000125284642639465
boot109	0.038017459870459	0.000123863367517932	0.000124270387302501	0.000123432250375474
boot110	0.0901154604336807	0.00012840715996178	0.000130694063991398	0.000127233335002828
boot111	0.0478738383553928	0.000126242015705301	0.000126887440768348	0.000124268622991775
boot112	0.0675865953252605	0.000124173573543044	0.000125459957059704	0.000125777220327719
boot113	0.0256265840608279	0.000124085447338934	0.000124270387302501	0.000122303180843039
boot114	0.062517600675866	0.00012372485795942	0.000124825519855862	0.000125410199030622
boot115	0.0684314277668262	0.000122951643200499	0.000124270387302501	0.000125836983561931
boot116	0.0563221627710504	0.00012313915146449	0.00012403247335106	0.000124941964363777
boot117	0.0216840326668544	0.000124931021170666	0.000125063433807303	0.000121925797012057
boot118	0.0470290059138271	0.000122220057241493	0.000122842903593857	0.000124199077882905
boot119	0.0515347789355111	0.000120191680565848	0.000120939591982332	0.000124565339856399
boot120	0.0430864545198536	0.000124857858108156	0.000125380652409224	0.000123869218776289
boot121	0.0242185299915517	0.000122281205124629	0.000122446380341456	0.000122169405890525
boot122	0.0684314277668262	0.000122317205996658	0.000123635950098659	0.000125836983561931
boot123	0.0478738383553928	0.000125131750598578	0.000125777175661625	0.000124268622991775
boot124	0.0504083356800901	0.000125140907147916	0.000125856480312105	0.000124474846349289
boot125	0.0582934384680372	0.000121885954855916	0.000122842903593857	0.000125093293091361
boot126	0.0281610813855252	0.000125395235889022	0.000125618566360664	0.000122541161793621
boot127	0.0352013517319065	0.000123445605537678	0.000123794559399619	0.000123183236899593
boot128	0.0543508870740636	0.000123279894327719	0.00012411177800154	0.00012478844699757
boot129	0.0630808223035765	0.000124815201988072	0.000125935784962585	0.000125451693832253
boot130	0.0597014925373134	0.00012302873687931	0.00012403247335106	0.000125200045056807
boot131	0.0481554491692481	0.000123617346670371	0.000124270387302501	0.000124291715362543
boot132	0.0934947901999437	0.000125853286686361	0.000128314924476992	0.000127427096520025
boot133	0.0363277949873275	0.000123422915161759	0.000123794559399619	0.000123283378283077
boot134	0.0706843142776683	0.000125242522512513	0.000126649526816907	0.000125994386878344
boot135	0.0563221627710504	0.000123456370066411	0.000124349691952981	0.000124941964363777
boot136	0.0805406927626021	0.000128708700764592	0.000130535454690438	0.000126649415151671
boot137	0.0796958603210363	0.000127398644217937	0.000129187275632274	0.000126595413843628
boot138	0.0309771895240777	0.000121700322567887	0.000121970552438574	0.000122801341793084
boot139	0.072655589974655	0.000123497552205382	0.000124984129156823	0.000126129769810254
boot140	0.0430864545198536	0.000120258188380303	0.000120780982681371	0.000123869218776289
boot141	0.0597014925373134	0.000125883704296598	0.000126887440768348	0.000125200045056807
boot142	0.0461841734722613	0.000120259617695322	0.000120860287331851	0.000124129130779187
boot143	0.0439312869614193	0.00012317175771335	0.000123715254749139	0.000123940639861121
boot144	0.0613911574204449	0.000125033038530112	0.000126094394263546	0.000125326673434228
boot145	0.0211208110391439	0.000124303373213162	0.000124428996603461	0.000121871170378694
boot146	0.0664601520698395	0.000125960797975409	0.000127204659370269	0.000125696910690117
boot147	0.074908476485497	0.000126576118090878	0.000128156315176031	0.000126281813195348
boot148	0.0743452548577865	0.000126123963217991	0.00012768048727315	0.00012624407034564
boot149	0.0653337088144185	0.000129016182157949	0.000130218236088517	0.000125615886395005
boot150	0.0405519571951563	0.000121983282275458	0.000122446380341456	0.000123652543552702
boot151	0.0492818924246691	0.000126282795849423	0.000126966745418828	0.000124383638184671
boot152	0.064770487186708	0.000126657678379122	0.00012783909657411	0.000125575106250883
boot153	0.070402703463813	0.000129456857844594	0.000130852673292359	0.000125974867795123
boot154	0.0453393410306956	0.000123215664484075	0.000123794559399619	0.00012405878168062
boot155	0.068149816952971	0.000129068932815351	0.000130376845389477	0.000125817107149955
boot156	0.0611095466065897	0.000124963448755149	0.000126015089613065	0.000125305680369893
boot157	0.0506899464939454	0.000122198617516216	0.000122922208244337	0.000124497536725208
boot158	0.0295691354548015	0.00012576886776808	0.000126015089613065	0.000122671810119532
boot159	0.0844832441565756	0.000125511903727408	0.00012752187797219	0.000126896105990648
boot160	0.0171782596451704	0.000120697881412873	0.000120780982681371	0.000121483781342583
boot161	0.0566037735849057	0.000122257844757295	0.000123160122195778	0.000124963716751715
boot162	0.0661785412559842	0.000124305919180539	0.000125539261710184	0.00012567672161548
boot163	0.102787947057167	0.000131287453054552	0.000134262773263008	0.000127926776117277
boot164	0.0751900872993523	0.000128071002935864	0.000129663103535155	0.00012630061762106
boot165	0.033511686848775	0.00012109916160432	0.000121415419885213	0.000123031684841536
boot166	0.0833568009011546	0.000127785675925294	0.000129742408185636	0.000126826516215684
boot167	0.0667417628836947	0.000125553711191699	0.000126808136117868	0.000125717055098659
boot168	0.0571669952126162	0.000126998078684	0.000127918401224591	0.000125007087529307
boot169	0.0436496761475641	0.000121671914931894	0.000122208466390015	0.000123916877498938
boot170	0.0504083356800901	0.000124347860643113	0.000125063433807303	0.000124474846349289
boot171	0.0957476767107857	0.000132712033467065	0.000135293733719251	0.000127552697577276
boot172	0.0577302168403267	0.000124917934005028	0.000125856480312105	0.000125050279642523
boot173	0.0484370599831034	0.000124640646891437	0.000125301347758744	0.000124314763067216
boot174	0.0642072655589975	0.000125885088945522	0.000127046050069308	0.000125534147442384
boot175	0.0613911574204449	0.000124557210627231	0.000125618566360664	0.000125326673434228
boot176	0.0574486060264714	0.000128178558891007	0.000129107970981794	0.000125028705918962
boot177	0.0416784004505773	0.000121164150771568	0.000121653333836654	0.000123749290313017
boot178	0.0537876654463531	0.000129641418146359	0.000130456150039958	0.00012474418289809
boot179	0.0608279357927344	0.000127272953828497	0.000128314924476992	0.000125284642639465
boot180	0.103914390312588	0.000126146385597344	0.000129187275632274	0.000127984038050206
boot181	0.0475922275415376	0.000126646109860691	0.000127283964020749	0.000124245485954913
boot182	0.0506899464939454	0.000126481068642147	0.000127204659370269	0.000124497536725208
boot183	0.062517600675866	0.000126897043978628	0.000127997705875071	0.000125410199030622
boot184	0.0611095466065897	0.000124487620852267	0.000125539261710184	0.000125305680369893
boot185	0.0329484652210645	0.000123806060918909	0.00012411177800154	0.000122980810160096
boot186	0.0543508870740636	0.000123755722230601	0.000124587605904422	0.00012478844699757
boot187	0.0490002816108139	0.00012494241102472	0.000125618566360664	0.00012436072447828
boot188	0.0433680653337088	0.000120965073989146	0.000121494724535693	0.000123893070470661
boot189	0.0608279357927344	0.000125211032916011	0.000126253003564506	0.000125284642639465
boot190	0.0473106167276823	0.000121816052418292	0.000122446380341456	0.000124222304251956
boot191	0.0360461841734723	0.000121921866395756	0.000122287771040495	0.000123258409936347
boot192	0.0743452548577865	0.000125489526014149	0.000127046050069308	0.00012624407034564
boot193	0.0627992114897212	0.000127283629025041	0.000128394229127472	0.000125430968764485
boot194	0.0720923683469445	0.000126216868694194	0.00012768048727315	0.000126091312303037
boot195	0.0492818924246691	0.000123269219131175	0.00012395316870058	0.000124383638184671
boot196	0.0819487468318783	0.000124441123448071	0.000126332308214986	0.000126738524009857
boot197	0.0701210926499578	0.000124154590452954	0.000125539261710184	0.000125955304045807
boot198	0.063644043931287	0.000122415962731218	0.000123556645448179	0.000125493009969507
boot199	0.0394255139397353	0.00012343613632568	0.0001238738640501	0.000123555082134877
boot200	0.0568853843987609	0.000125658944509937	0.000126570222166427	0.000124985424473558
boot201	0.0520980005632216	0.000126678224782513	0.000127442573321709	0.000124610318613388
boot202	0.0515347789355111	0.000122412210779294	0.000123160122195778	0.000124565339856399
boot203	0.0709659250915235	0.000127213905251795	0.000128632143078913	0.000126013861295471
boot204	0.068149816952971	0.000127324230504786	0.000128632143078913	0.000125817107149955
boot205	0.0577302168403267	0.000124283496801186	0.000125222043108263	0.000125050279642523
boot206	0.065896930442129	0.000129471195660873	0.000130694063991398	0.000125656487874749
boot207	0.0656153196282737	0.000124485432213645	0.000125697871011145	0.000125636209467924
boot208	0.0360461841734723	0.000124459615211123	0.000124825519855862	0.000123258409936347
boot209	0.0520980005632216	0.000124933522471948	0.000125697871011145	0.000124610318613388
boot210	0.0377358490566038	0.000120935103039852	0.000121336115234733	0.00012340755002531
boot211	0.0557589411433399	0.000126170505288281	0.000127046050069308	0.000124898325589618
boot212	0.0563221627710504	0.000125835509580818	0.000126728831467387	0.000124941964363777
boot213	0.0284426921993805	0.000123408130684537	0.000123635950098659	0.000122567380790992
boot214	0.0906786820613912	0.000126792391319617	0.000129107970981794	0.00012726607524997
boot215	0.0689946493945368	0.000126102032165676	0.000127442573321709	0.0001258766023876
boot216	0.0639256547451422	0.000123912634219977	0.000125063433807303	0.000125513601038992
boot217	0.0411151788228668	0.000123239203515786	0.000123715254749139	0.000123701006265048
boot218	0.0478738383553928	0.00012576618780242	0.000126411612865467	0.000124268622991775
boot219	0.0292875246409462	0.00012315648190909	0.000123398036147218	0.000122645769786538
boot220	0.0498451140523796	0.000124363761772694	0.000125063433807303	0.000124429331599169
boot221	0.0608279357927344	0.000124417986411209	0.000125459957059704	0.000125284642639465
boot222	0.0295691354548015	0.000122438072447911	0.000122684294292896	0.000122671810119532
boot223	0.0273162489439594	0.000120253632438682	0.00012046376407945	0.000122462236804942
boot224	0.072655589974655	0.000126986956826512	0.000128473533777952	0.000126129769810254
boot225	0.0171782596451704	0.000121808146519596	0.000121891247788094	0.000121483781342583
boot226	0.0585750492818924	0.000126555661019676	0.00012752187797219	0.000125114732816639
boot227	0.0549141087017741	0.000120566205766793	0.000121415419885213	0.000124832532432672
boot228	0.0653337088144185	0.000125050949633938	0.000126253003564506	0.000125615886395005
boot229	0.0481554491692481	0.000125203439679975	0.000125856480312105	0.000124291715362543
boot230	0.11208110391439	0.000127473638590315	0.000131011282593319	0.000128377814337806
boot231	0.0132357082511968	0.000123269397795552	0.000123318731496738	0.000121087637751983
boot232	0.0306955787102225	0.000121625908854736	0.000121891247788094	0.000122775524790562
boot233	0.0340749084764855	0.000125688111469534	0.000126015089613065	0.000123082380858599
boot234	0.0720923683469445	0.000128596008208601	0.000130059626787557	0.000126091312303037
boot235	0.0732188116023655	0.000126487991886768	0.000127997705875071	0.000126168048653093
boot236	0.073782033230076	0.000126147457583608	0.00012768048727315	0.000126206148831556
boot237	0.0650520980005632	0.000128629999106385	0.000129821712836116	0.000125595518655991
boot238	0.040270346381301	0.000126192838335446	0.000126649526816907	0.000123628245197387
boot239	0.0461841734722613	0.000124700678122214	0.000125301347758744	0.000124129130779187
boot240	0.0363277949873275	0.00012358152446272	0.00012395316870058	0.000123283378283077
boot241	0.0405519571951563	0.000121348845071616	0.000121811943137614	0.000123652543552702
boot242	0.0484370599831034	0.000126385349202001	0.000127046050069308	0.000124314763067216
boot243	0.0574486060264714	0.000124530544968917	0.000125459957059704	0.000125028705918962
boot244	0.0163334272036046	0.000123164298475597	0.000123239426846258	0.000121399630420868
boot245	0.0664601520698395	0.000125326360771567	0.000126570222166427	0.000125696910690117
boot246	0.0720923683469445	0.00012447216638363	0.000125935784962585	0.000126091312303037
boot247	0.0422416220782878	0.000124481635595627	0.000124984129156823	0.000123797395696609
boot248	0.0551957195156294	0.000125077838622724	0.000125935784962585	0.000124854508151081
boot249	0.0464657842861166	0.000124296807297296	0.000124904824506342	0.000124152491146521
boot250	0.0537876654463531	0.000121393734496416	0.000122208466390015	0.00012474418289809
boot251	0.0740636440439313	0.000123042851365118	0.000124587605904422	0.000126225131921645
boot252	0.0627992114897212	0.000121415084889505	0.000122525684991936	0.000125430968764485
boot253	0.0546324978879189	0.000123191946787987	0.00012403247335106	0.000124810512048168
boot254	0.070402703463813	0.000123429704408097	0.000124825519855862	0.000125974867795123
boot255	0.0326668544072092	0.000123256131965537	0.000123556645448179	0.000122955305820234
boot256	0.0498451140523796	0.000124205152471734	0.000124904824506342	0.000124429331599169
boot257	0.0689946493945368	0.00012752951587432	0.000128870057030353	0.0001258766023876
boot258	0.0743452548577865	0.000125965353917031	0.00012752187797219	0.00012624407034564
boot259	0.0582934384680372	0.000124740922273204	0.000125697871011145	0.000125093293091361
boot260	0.0568853843987609	0.000123755632898412	0.000124666910554902	0.000124985424473558
boot261	0.0830751900872994	0.000122961291076874	0.000124904824506342	0.000126809007106707
boot262	0.0588566600957477	0.000122184592362596	0.000123160122195778	0.000125136127875822
boot263	0.0836384117150099	0.000122776239448072	0.000124746215205382	0.000126843980658566
boot264	0.070402703463813	0.000123905532310978	0.000125301347758744	0.000125974867795123
boot265	0.0425232328921431	0.000121857859882584	0.000122367075690975	0.000123821381389264
boot266	0.0064770487186708	0.000121562215004223	0.000121574029186173	0.000120388166714799
boot267	0.0306955787102225	0.000125115313475865	0.000125380652409224	0.000122775524790562
boot268	0.0588566600957477	0.000122660420265478	0.000123635950098659	0.000125136127875822
boot269	0.0785694170656153	0.0001264971931022	0.000128235619826512	0.00012652278677425
boot270	0.0281610813855252	0.000120319738258288	0.00012054306872993	0.000122541161793621
boot271	0.0551957195156294	0.000124760620020803	0.000125618566360664	0.000124854508151081
boot272	0.0813855252041678	0.000126687559996228	0.000128552838428432	0.000126703014464866
boot273	0.0630808223035765	0.000124656592687112	0.000125777175661625	0.000125451693832253
boot274	0.0199943677837229	0.000118923699480051	0.000119036280370806	0.000121761381118834
boot275	0.0619543790481554	0.000125330693382717	0.000126411612865467	0.000125368525564614
boot276	0.0743452548577865	0.000123427605101664	0.000124984129156823	0.00012624407034564
boot277	0.0932131793860884	0.000124044086535585	0.000126490917515947	0.000127411195390444
boot278	0.0456209518445508	0.000124556629968005	0.000125142738457783	0.000124082276046236
boot279	0.0673049845114052	0.000122994701315432	0.000124270387302501	0.00012575720991746
boot280	0.0253449732469727	0.000123217138465188	0.000123398036147218	0.000122276515184724
boot281	0.068149816952971	0.000126689793300944	0.000127997705875071	0.000125817107149955
boot282	0.0535060546324979	0.000125446780561877	0.000126253003564506	0.000124721983849209
boot283	0.06702337369755	0.000129111812265906	0.000130376845389477	0.000125737154841107
boot284	0.0529428330047874	0.000124512008539771	0.000125301347758744	0.000124677451753163
boot285	0.0343565192903407	0.000122748412471305	0.000123080817545297	0.000123107661867989
boot286	0.0802590819487468	0.000126421618070596	0.000128235619826512	0.000126631459381751
boot287	0.0582934384680372	0.000124582312972244	0.000125539261710184	0.000125093293091361
boot288	0.0428048437059983	0.000123675099930338	0.00012419108265202	0.000123845322415824
boot289	0.0532244438186426	0.00012474150293243	0.000125539261710184	0.000124699740134233
boot290	0.0459025626584061	0.000126531987989682	0.000127125354719789	0.000124105725745759
boot291	0.0242185299915517	0.000124184516736154	0.000124349691952981	0.000122169405890525
boot292	0.0732188116023655	0.000127439647692531	0.000128949361680834	0.000126168048653093
boot293	0.0566037735849057	0.000130188309805317	0.000131090587243799	0.000124963716751715
boot294	0.0884257955505491	0.000129760989280876	0.000131962938399082	0.000127134042275135
boot295	0.0275978597578147	0.000120645800746886	0.000120860287331851	0.000122488589800596
boot296	0.0785694170656153	0.000128717723315646	0.000130456150039958	0.00012652278677425
boot297	0.0639256547451422	0.000123754024919016	0.000124904824506342	0.000125513601038992
boot298	0.0537876654463531	0.000124883139117546	0.000125697871011145	0.00012474418289809
boot299	0.0622359898620107	0.000124131274751715	0.000125222043108263	0.000125389384630665
boot300	0.0481554491692481	0.000120286551350202	0.000120939591982332	0.000124291715362543
boot301	0.0332300760349197	0.000123562898701385	0.0001238738640501	0.000123006269833863
boot302	0.0529428330047874	0.000127525585258019	0.000128314924476992	0.000124677451753163
boot303	0.0706843142776683	0.000126511396920196	0.000127918401224591	0.000125994386878344
boot304	0.0340749084764855	0.000125370892867613	0.000125697871011145	0.000123082380858599
boot305	0.030132357082512	0.000122269993934953	0.000122525684991936	0.000122723756787236
boot306	0.0594198817234582	0.00012280026980682	0.000123794559399619	0.000125178783995906
boot307	0.0582934384680372	0.000123789266467441	0.000124746215205382	0.000125093293091361
boot308	0.0563221627710504	0.000125518290978897	0.000126411612865467	0.000124941964363777
boot309	0.0430864545198536	0.000123906202302393	0.000124428996603461	0.000123869218776289
boot310	0.0512531681216559	0.000122975494894871	0.000123715254749139	0.000124542783478763
boot311	0.0735004224162208	0.000124810958709111	0.000126332308214986	0.000126187121075372
boot312	0.0560405519571952	0.000122434320495987	0.000123318731496738	0.000124920167309744
boot313	0.0754716981132075	0.000127979750105151	0.000129583798884675	0.000126319377380678
boot314	0.0214024218529992	0.000120731291651431	0.000120860287331851	0.000121898506028423
boot315	0.0459025626584061	0.00012589755078584	0.000126490917515947	0.000124105725745759
boot316	0.0478738383553928	0.000122752611084172	0.000123398036147218	0.000124268622991775
boot317	0.0630808223035765	0.000124973811289033	0.000126094394263546	0.000125451693832253
boot318	0.0385806814981695	0.000126706185757563	0.000127125354719789	0.000123481517077518
boot319	0.0591382709096029	0.000126378381291286	0.000127363268671229	0.000125157478268911
boot320	0.115460433680653	0.0001309051112871	0.000134659296515409	0.000128529768390712
boot321	0.0864545198535624	0.000128985719881617	0.000131090587243799	0.000127016168452203
boot322	0.0537876654463531	0.000123297046107942	0.00012411177800154	0.00012474418289809
boot323	0.0811039143903126	0.000126462532213001	0.000128314924476992	0.000126685192693229
boot324	0.0630808223035765	0.00012767016940536	0.000128790752379873	0.000125451693832253
boot325	0.0557589411433399	0.0001256946773854	0.000126570222166427	0.000124898325589618
boot326	0.0340749084764855	0.000126163939372415	0.000126490917515947	0.000123082380858599
boot327	0.0132357082511968	0.000120097211776344	0.000120146545477529	0.000121087637751983
boot328	0.0428048437059983	0.000122247616221694	0.000122763598943377	0.000123845322415824
boot329	0.0433680653337088	0.000123661432105473	0.00012419108265202	0.000123893070470661
boot330	0.068149816952971	0.000127165621203826	0.000128473533777952	0.000125817107149955
boot331	0.073782033230076	0.000121389178554795	0.000122922208244337	0.000126206148831556
boot332	0.0566037735849057	0.000127333342388029	0.000128235619826512	0.000124963716751715
boot333	0.073782033230076	0.000129954080806658	0.0001314871104962	0.000126206148831556
boot334	0.0585750492818924	0.000124810958709111	0.000125777175661625	0.000125114732816639
boot335	0.0833568009011546	0.00013000620613874	0.000131962938399082	0.000126826516215684
boot336	0.062517600675866	0.000126421216075747	0.00012752187797219	0.000125410199030622
boot337	0.0436496761475641	0.000123099398640538	0.000123635950098659	0.000123916877498938
boot338	0.0729372007885103	0.000125944450184885	0.000127442573321709	0.000126148931564721
boot339	0.0712475359053788	0.000127281931713457	0.000128711447729393	0.000126033291046504
boot340	0.0732188116023655	0.000126012163983887	0.00012752187797219	0.000126168048653093
boot341	0.065896930442129	0.00012471291663206	0.000125935784962585	0.000125656487874749
boot342	0.0515347789355111	0.000126377443303305	0.000127125354719789	0.000124565339856399
boot343	0.0292875246409462	0.000120777342394683	0.000121018896632812	0.000122645769786538
boot344	0.0428048437059983	0.000121930397619773	0.000122446380341456	0.000123845322415824
boot345	0.0399887355674458	0.000123740759089001	0.00012419108265202	0.000123603902175978
boot346	0.0582934384680372	0.000122679001360718	0.000123635950098659	0.000125093293091361
boot347	0.0605463249788792	0.000120383074780046	0.000121415419885213	0.000125263560242942
boot348	0.0794142495071811	0.000130028315855432	0.000131804329098121	0.000126577324075425
boot349	0.0566037735849057	0.000119402877340007	0.00012030515477849	0.000124963716751715
boot350	0.0526612221909321	0.000128089092704067	0.000128870057030353	0.000124655118705999
boot351	0.0442128977752746	0.000125305993032554	0.000125856480312105	0.000123964357557209
boot352	0.0754716981132075	0.000126235047794586	0.00012783909657411	0.000126319377380678
boot353	0.00816671360180231	0.000122665512200231	0.000122684294292896	0.000120565446443189
boot354	0.0484370599831034	0.000121785679474149	0.000122446380341456	0.000124314763067216
boot355	0.0799774711348916	0.000128892769739319	0.000130694063991398	0.000126613458945737
boot356	0.0535060546324979	0.000126239827066679	0.000127046050069308	0.000124721983849209
boot357	0.0366094058011828	0.000121434514640538	0.000121811943137614	0.000123308301963712
boot358	0.0444945085891298	0.000122999123258771	0.000123556645448179	0.000123988030587203
boot359	0.0261898056885384	0.000124394447379498	0.000124587605904422	0.000122356378161384
boot360	0.0281610813855252	0.000125236626588062	0.000125459957059704	0.000122541161793621
boot361	0.0619543790481554	0.000125965130586559	0.000127046050069308	0.000125368525564614
boot362	0.0518163897493664	0.000123117756405307	0.0001238738640501	0.00012458785156794
boot363	0.035764573359617	0.000124861833390551	0.000125222043108263	0.000123233396923524
boot364	0.0791326386933258	0.000123775821973049	0.000125539261710184	0.000126559189641128
boot365	0.0318220219656435	0.000124143825924221	0.000124428996603461	0.000122878524804084
boot366	0.063644043931287	0.000125905367352348	0.000127046050069308	0.000125493009969507
boot367	0.0520980005632216	0.000124933522471948	0.000125697871011145	0.000124610318613388
boot368	0.0194311461560124	0.000121150482946703	0.000121256810584252	0.000121706218492338
boot369	0.0509715573078006	0.000124331780849155	0.000125063433807303	0.000124520182435033
boot370	0.0422416220782878	0.000126067728605232	0.000126570222166427	0.000123797395696609
boot371	0.0352013517319065	0.000124714479945362	0.000125063433807303	0.000123183236899593
boot372	0.0642072655589975	0.000124774823838799	0.000125935784962585	0.000125534147442384
boot373	0.0261898056885384	0.000124077228777577	0.000124270387302501	0.000122356378161384
boot374	0.062517600675866	0.000124835123066143	0.000125935784962585	0.000125410199030622
boot375	0.06702337369755	0.000123719096033251	0.000124984129156823	0.000125737154841107
boot376	0.068149816952971	0.000124786481689419	0.000126094394263546	0.000125817107149955
boot377	0.063644043931287	0.000129711990575398	0.000130852673292359	0.000125493009969507
boot378	0.03914390312588	0.000127011076517449	0.000127442573321709	0.000123530605115185
boot379	0.0585750492818924	0.000126555661019676	0.00012752187797219	0.000125114732816639
boot380	0.0723739791607998	0.000125015842083796	0.000126490917515947	0.000126110563389693
boot381	0.0453393410306956	0.000121629571474471	0.000122208466390015	0.00012405878168062
boot382	0.0881441847366939	0.000126047673528878	0.000128235619826512	0.000127117337155857
boot383	0.0304139678963672	0.000122344496980292	0.000122604989642416	0.000122749663121946
boot384	0.0588566600957477	0.000123136248168359	0.00012411177800154	0.000125136127875822
boot385	0.0537876654463531	0.000125676185622348	0.000126490917515947	0.00012474418289809
boot386	0.0504083356800901	0.000124506469944074	0.000125222043108263	0.000124474846349289
boot387	0.0870177414812729	0.000128958205567511	0.000131090587243799	0.000127050070017798
boot388	0.0397071247535905	0.000123826383991828	0.000124270387302501	0.000123579514488475
boot389	0.0568853843987609	0.00012296258639361	0.0001238738640501	0.000124985424473558
boot390	0.0765981413686286	0.000128090120024237	0.000129742408185636	0.000126393969758207
boot391	0.072655589974655	0.000128731659137077	0.000130218236088517	0.000126129769810254
boot392	0.0642072655589975	0.000124140386634958	0.000125301347758744	0.000125534147442384
boot393	0.0594198817234582	0.000121214176797216	0.000122208466390015	0.000125178783995906
boot394	0.0574486060264714	0.000125006372871798	0.000125935784962585	0.000125028705918962
boot395	0.0447761194029851	0.000128305455264994	0.000128870057030353	0.000124011658951103
boot396	0.0720923683469445	0.000127009915198997	0.000128473533777952	0.000126091312303037
boot397	0.00675865953252605	0.000119895767690922	0.000119908631526089	0.000120417825001433
boot398	0.0602647141650239	0.000123485537026008	0.000124508301253941	0.000125242433180324
boot399	0.0484370599831034	0.000122895944580872	0.000123556645448179	0.000124314763067216
boot400	0.0735004224162208	0.000125286786611992	0.000126808136117868	0.000126187121075372
boot401	0.0470290059138271	0.000123806150251098	0.000124428996603461	0.000124199077882905
boot402	0.036891016615038	0.000124997394986838	0.000125380652409224	0.000123333180978253
boot403	0.0461841734722613	0.000124383459520293	0.000124984129156823	0.000124129130779187
boot404	0.0419600112644326	0.000122981524817605	0.000123477340797699	0.000123773365337861
boot405	0.0447761194029851	0.000123388566935221	0.00012395316870058	0.000124011658951103
boot406	0.0233736975499859	0.000122213223329061	0.000122367075690975	0.000122088604925885
boot407	0.0309771895240777	0.00012281058767461	0.000123080817545297	0.000122801341793084
boot408	0.063644043931287	0.000126063976653308	0.000127204659370269	0.000125493009969507
boot409	0.0487186707969586	0.000124870855941606	0.000125539261710184	0.000124337766105795
boot410	0.0478738383553928	0.00012195956457937	0.000122604989642416	0.000124268622991775
boot411	0.0574486060264714	0.000126592465881403	0.00012752187797219	0.000125028705918962
boot412	0.0363277949873275	0.000124374570967522	0.000124746215205382	0.000123283378283077
boot413	0.0613911574204449	0.000128522443151242	0.000129583798884675	0.000125326673434228
boot414	0.0653337088144185	0.000124099293828175	0.000125301347758744	0.000125615886395005
boot415	0.0571669952126162	0.00012366728336383	0.000124587605904422	0.000125007087529307
boot416	0.00591382709096029	0.000118709212895086	0.000118719061768885	0.000120328716143248
boot417	0.0416784004505773	0.000126874085606144	0.000127363268671229	0.000123749290313017
boot418	0.0439312869614193	0.00012681977163544	0.000127363268671229	0.000123940639861121
boot419	0.0490002816108139	0.000124307973820878	0.000124984129156823	0.00012436072447828
boot420	0.0594198817234582	0.000122483051204899	0.000123477340797699	0.000125178783995906
boot421	0.0678682061391157	0.000125511010405521	0.000126808136117868	0.000125797186071884
boot422	0.0343565192903407	0.00012084510085978	0.000121177505933772	0.000123107661867989
boot423	0.0490002816108139	0.000127638769141047	0.000128314924476992	0.00012436072447828
boot424	0.0419600112644326	0.000125043445730091	0.000125539261710184	0.000123773365337861
boot425	0.070402703463813	0.000123112485806176	0.000124508301253941	0.000125974867795123
boot426	0.0382990706843143	0.000122826354805908	0.000123239426846258	0.000123456906059543
boot427	0.0563221627710504	0.000122028886357767	0.000122922208244337	0.000124941964363777
boot428	0.036891016615038	0.000123411301977234	0.000123794559399619	0.000123333180978253
boot429	0.0459025626584061	0.00012573894148488	0.000126332308214986	0.000124105725745759
boot430	0.0349197409180513	0.000121309940903456	0.000121653333836654	0.000123158089888486
boot431	0.00929315685722332	0.000117108648070919	0.000117132968759281	0.000120682739606896
boot432	0.0428048437059983	0.000122089006920734	0.000122604989642416	0.000123845322415824
boot433	0.0644888763728527	0.000127540280403053	0.000128711447729393	0.00012555464917968
boot434	0.065896930442129	0.000128519539855111	0.000129742408185636	0.000125656487874749
boot435	0.0428048437059983	0.000123516490629377	0.00012403247335106	0.000123845322415824
boot436	0.0802590819487468	0.000125469962264834	0.000127283964020749	0.000126631459381751
boot437	0.0284426921993805	0.000128800846917191	0.000129028666331314	0.000122567380790992
boot438	0.0442128977752746	0.000122609634916226	0.000123160122195778	0.000123964357557209
boot439	0.0453393410306956	0.000124643148192719	0.000125222043108263	0.00012405878168062
boot440	0.0816671360180231	0.000125326450103756	0.000127204659370269	0.000126720791570408
boot441	0.0563221627710504	0.00012646994678466	0.000127363268671229	0.000124941964363777
boot442	0.0723739791607998	0.000125491669986677	0.000126966745418828	0.000126110563389693
boot443	0.0385806814981695	0.000123375390437394	0.000123794559399619	0.000123481517077518
boot444	0.0532244438186426	0.000122679582019945	0.000123477340797699	0.000124699740134233
boot445	0.074908476485497	0.000124514197178393	0.000126094394263546	0.000126281813195348
boot446	0.0540692762602084	0.000125905546016725	0.000126728831467387	0.000124766337280877
boot447	0.0490002816108139	0.000124307973820878	0.000124984129156823	0.00012436072447828
boot448	0.0627992114897212	0.000124428661607754	0.000125539261710184	0.000125430968764485
boot449	0.0397071247535905	0.000121605853778382	0.000122049857089055	0.000123579514488475
boot450	0.0295691354548015	0.000125134430564238	0.000125380652409224	0.000122671810119532
boot451	0.0577302168403267	0.000126028199111751	0.000126966745418828	0.000125050279642523
boot452	0.0639256547451422	0.000127560648142067	0.000128711447729393	0.000125513601038992
boot453	0.0515347789355111	0.000125901615400424	0.000126649526816907	0.000124565339856399
boot454	0.0377358490566038	0.000121410930942733	0.000121811943137614	0.00012340755002531
boot455	0.065896930442129	0.000125188744534941	0.000126411612865467	0.000125656487874749
boot456	0.0467473950999718	0.000121355142990917	0.000121970552438574	0.00012417580684776
boot457	0.0594198817234582	0.000124862190719306	0.000125856480312105	0.000125178783995906
boot458	0.0366094058011828	0.000123337826252064	0.000123715254749139	0.000123308301963712
boot459	0.0996902281047592	0.000126785110746241	0.000129583798884675	0.00012776562084894
boot460	0.0825119684595888	0.000127745833769153	0.000129663103535155	0.000126773854890471
boot461	0.0664601520698395	0.000127705500285974	0.000128949361680834	0.000125696910690117
boot462	0.0473106167276823	0.000124036582631738	0.000124666910554902	0.000124222304251956
boot463	0.0642072655589975	0.000125567870343602	0.000126728831467387	0.000125534147442384
boot464	0.0743452548577865	0.000127868665528556	0.000129425189583715	0.00012624407034564
boot465	0.0613911574204449	0.000129949926859886	0.000131011282593319	0.000125326673434228
boot466	0.02787947057167	0.0001226240173986	0.000122842903593857	0.000122514898130156
boot467	0.0760349197409181	0.000126528236037758	0.000128156315176031	0.000126356762901631
boot468	0.0304139678963672	0.000122661715582213	0.000122922208244337	0.000122749663121946
boot469	0.0574486060264714	0.000129606042599651	0.000130535454690438	0.000125028705918962
boot470	0.0574486060264714	0.000124689154269877	0.000125618566360664	0.000125028705918962
boot471	0.0484370599831034	0.000127178395706804	0.00012783909657411	0.000124314763067216
boot472	0.0585750492818924	0.000128934800534082	0.000129901017486596	0.000125114732816639
boot473	0.0951844550830752	0.000126556554341562	0.000129107970981794	0.000127521565309529
boot474	0.036891016615038	0.000122935474074353	0.000123318731496738	0.000123333180978253
boot475	0.0633624331174317	0.000124091432595574	0.000125222043108263	0.000125472374233927
boot476	0.0518163897493664	0.000122641928502426	0.000123398036147218	0.00012458785156794
boot477	0.0566037735849057	0.000127016123786108	0.000127918401224591	0.000124963716751715
boot478	0.0546324978879189	0.000127474397913918	0.000128314924476992	0.000124810512048168
boot479	0.0802590819487468	0.000126580227371557	0.000128394229127472	0.000126631459381751
boot480	0.0520980005632216	0.000126043787578672	0.000126808136117868	0.000124610318613388
boot481	0.0585750492818924	0.000123383475000467	0.000124349691952981	0.000125114732816639
boot482	0.036891016615038	0.00012214242756955	0.000122525684991936	0.000123333180978253
boot483	0.0549141087017741	0.000119931768562951	0.000120780982681371	0.000124832532432672
boot484	0.0675865953252605	0.000126869931659371	0.000128156315176031	0.000125777220327719
boot485	0.0247817516192622	0.000121638996020374	0.000121811943137614	0.000122223049869813
boot486	0.0430864545198536	0.000124064811603354	0.000124587605904422	0.000123869218776289
boot487	0.0856096874119966	0.000129105961007549	0.00013116989189428	0.000126964981108102
boot488	0.0735004224162208	0.000125128177311032	0.000126649526816907	0.000126187121075372
boot489	0.0523796113770769	0.000125638978765772	0.000126411612865467	0.000124632740992741
boot490	0.0802590819487468	0.000125311352963873	0.000127125354719789	0.000126631459381751
boot491	0.0856096874119966	0.000126885430794103	0.000128949361680834	0.000126964981108102
boot492	0.0850464657842861	0.00012849859145687	0.000130535454690438	0.000126930632881564
boot493	0.0627992114897212	0.00012680780112216	0.000127918401224591	0.000125430968764485
boot494	0.0794142495071811	0.000127014739137184	0.000128790752379873	0.000126577324075425
boot495	0.0399887355674458	0.000123740759089001	0.00012419108265202	0.000123603902175978
boot496	0.0746268656716418	0.00012936363970573	0.000130931977942839	0.000126262964103541
boot497	0.0729372007885103	0.000126420278087766	0.000127918401224591	0.000126148931564721
boot498	0.0374542382427485	0.000124192556633133	0.000124587605904422	0.000123382805009052
boot499	0.0225288651084202	0.000120241527927119	0.00012038445942897	0.000122007401966395
boot500	0.0506899464939454	0.000122991664021018	0.000123715254749139	0.000124497536725208
boot501	0.0777245846240496	0.000128041165984853	0.000129742408185636	0.000126467847478226
boot502	0.064770487186708	0.000127450724883924	0.000128632143078913	0.000125575106250883
boot503	0.0450577302168403	0.000126791542663825	0.000127363268671229	0.000124035242648908
boot504	0.0627992114897212	0.000125856145316398	0.000126966745418828	0.000125430968764485
boot505	0.0588566600957477	0.000125356778381805	0.000126332308214986	0.000125136127875822
boot506	0.0560405519571952	0.000125765115816156	0.000126649526816907	0.000124920167309744
boot507	0.0605463249788792	0.000126251618915582	0.000127283964020749	0.000125263560242942
boot508	0.0751900872993523	0.000124740207615695	0.000126332308214986	0.00012630061762106
boot509	0.0574486060264714	0.000127226903085244	0.000128156315176031	0.000125028705918962
boot510	0.0256265840608279	0.000121389089222606	0.000121574029186173	0.000122303180843039
boot511	0.0349197409180513	0.00011908941069001	0.000119432803623207	0.000123158089888486
boot512	0.109546606589693	0.000129455830524424	0.000132835289554364	0.000128259627852213
boot513	0.0492818924246691	0.00012866193536383	0.000129345884933235	0.000124383638184671
boot514	0.0298507462686567	0.000124415976436964	0.000124666910554902	0.000122697805786431
boot515	0.0788510278794706	0.000125770967074513	0.00012752187797219	0.000126541010540736
boot516	0.0416784004505773	0.000121481369373489	0.000121970552438574	0.000123749290313017
boot517	0.0399887355674458	0.000122947712584199	0.000123398036147218	0.000123603902175978
boot518	0.0892706279921149	0.000123453645434657	0.000125697871011145	0.000127183889636406
boot519	0.0405519571951563	0.000121983282275458	0.000122446380341456	0.000123652543552702
boot520	0.0397071247535905	0.000125095258399512	0.000125539261710184	0.000123579514488475
boot521	0.0605463249788792	0.000124982744507898	0.000126015089613065	0.000125263560242942
boot522	0.036891016615038	0.000126583487996443	0.000126966745418828	0.000123333180978253
boot523	0.0467473950999718	0.00012278262669956	0.000123398036147218	0.00012417580684776
boot524	0.0444945085891298	0.000125219653472217	0.000125777175661625	0.000123988030587203
boot525	0.0284426921993805	0.000119442898160526	0.000119670717574648	0.000122567380790992
boot526	0.0506899464939454	0.000126956896545029	0.00012768048727315	0.000124497536725208
boot527	0.0639256547451422	0.000126608992336304	0.00012775979192363	0.000125513601038992
boot528	0.0194311461560124	0.00012352962246111	0.000123635950098659	0.000121706218492338
boot529	0.0611095466065897	0.000126866760366674	0.000127918401224591	0.000125305680369893
boot530	0.0523796113770769	0.000126273415969614	0.000127046050069308	0.000124632740992741
boot531	0.0512531681216559	0.000126940727418882	0.00012768048727315	0.000124542783478763
boot532	0.0630808223035765	0.000127194341502479	0.000128314924476992	0.000125451693832253
boot533	0.0720923683469445	0.000125423822189392	0.000126887440768348	0.000126091312303037
boot534	0.0399887355674458	0.000124533805593803	0.000124984129156823	0.000123603902175978
boot535	0.0853280765981414	0.000124281933487885	0.000126332308214986	0.00012694782932788
boot536	0.0551957195156294	0.000123967573516001	0.000124825519855862	0.000124854508151081
boot537	0.0306955787102225	0.000120198425146092	0.00012046376407945	0.000122775524790562
boot538	0.0557589411433399	0.000124743021579637	0.000125618566360664	0.000124898325589618
boot539	0.0551957195156294	0.000125236447923684	0.000126094394263546	0.000124854508151081
boot540	0.030132357082512	0.000125759398556082	0.000126015089613065	0.000122723756787236
boot541	0.02787947057167	0.000117865738369787	0.000118084624565044	0.000122514898130156
boot542	0.0608279357927344	0.000126955735226576	0.000127997705875071	0.000125284642639465
boot543	0.0585750492818924	0.000126079833116795	0.000127046050069308	0.000125114732816639
boot544	0.0492818924246691	0.000123745047034056	0.000124428996603461	0.000124383638184671
boot545	0.029005913827091	0.000121654316490729	0.000121891247788094	0.00012261968478745
boot546	0.0236553083638412	0.000122447407661625	0.000122604989642416	0.000122115583246859
boot547	0.0782878062517601	0.000129126686075318	0.000130852673292359	0.00012650451834167
boot548	0.031258800337933	0.000122409128818786	0.000122684294292896	0.000122827114129512
boot549	0.0456209518445508	0.00012645994157953	0.000127046050069308	0.000124082276046236
boot550	0.03914390312588	0.000123363062595359	0.000123794559399619	0.000123530605115185
boot551	0.0132357082511968	0.000121366086184027	0.000121415419885213	0.000121087637751983
boot552	0.0551957195156294	0.000126981150234249	0.00012783909657411	0.000124854508151081
boot553	0.0154885947620389	0.000119285941505055	0.000119353498972727	0.000121315077504304
boot554	0.0459025626584061	0.000127959471698326	0.000128552838428432	0.000124105725745759
boot555	0.0202759785975781	0.00012359948023264	0.000123715254749139	0.00012178889543294
boot556	0.0777245846240496	0.000123917324159881	0.000125618566360664	0.000126467847478226
boot557	0.0464657842861166	0.000124772635200177	0.000125380652409224	0.000124152491146521
boot558	0.0149253731343284	0.000121194077054768	0.000121256810584252	0.00012125848556279
boot559	0.0501267248662349	0.000125704012599115	0.000126411612865467	0.000124452111307276
boot560	0.0399887355674458	0.000123106321885159	0.000123556645448179	0.000123603902175978
boot561	0.0794142495071811	0.000126697520535263	0.000128473533777952	0.000126577324075425
boot562	0.0554773303294847	0.000123879491977985	0.000124746215205382	0.000124876439203397
boot563	0.0428048437059983	0.000127005895250507	0.00012752187797219	0.000123845322415824
boot564	0.0568853843987609	0.00011947318177248	0.00012038445942897	0.000124985424473558
boot565	0.0557589411433399	0.000125218849482519	0.000126094394263546	0.000124898325589618
boot566	0.0644888763728527	0.000129602201315539	0.000130773368641879	0.00012555464917968
boot567	0.0481554491692481	0.000121238207155965	0.000121891247788094	0.000124291715362543
boot568	0.0566037735849057	0.000121782016854414	0.000122684294292896	0.000124963716751715
boot569	0.0582934384680372	0.000127120061787611	0.000128077010525551	0.000125093293091361
boot570	0.0577302168403267	0.000125393761907909	0.000126332308214986	0.000125050279642523
boot571	0.0816671360180231	0.000123581747793191	0.000125459957059704	0.000126720791570408
boot572	0.0836384117150099	0.000127534518476885	0.000129504494234195	0.000126843980658566
boot573	0.0594198817234582	0.000127399939534673	0.000128394229127472	0.000125178783995906
boot574	0.101379892987891	0.000127641091777952	0.000130535454690438	0.000127854193713993
boot575	0.0245001408054069	0.000120294725245464	0.00012046376407945	0.000122196250213216
boot576	0.0585750492818924	0.000128458972631201	0.000129425189583715	0.000125114732816639
boot577	0.0371726274288933	0.000124594998143033	0.000124984129156823	0.0001233580153267
boot578	0.0732188116023655	0.000125536336081006	0.000127046050069308	0.000126168048653093
boot579	0.0718107575330893	0.000124562883221211	0.000126015089613065	0.000126072016550287
boot580	0.029005913827091	0.000123716237403214	0.00012395316870058	0.00012261968478745
boot581	0.0461841734722613	0.000126445380432779	0.000127046050069308	0.000124129130779187
boot582	0.0490002816108139	0.00012494241102472	0.000125618566360664	0.00012436072447828
boot583	0.0475922275415376	0.000126011672656849	0.000126649526816907	0.000124245485954913
boot584	0.0408335680090115	0.000123325007082991	0.000123794559399619	0.000123676797241922
boot585	0.0456209518445508	0.00012630133227857	0.000126887440768348	0.000124082276046236
boot586	0.0490002816108139	0.000125418238927601	0.000126094394263546	0.00012436072447828
boot587	0.0397071247535905	0.00012446082119567	0.000124904824506342	0.000123579514488475
boot588	0.0490002816108139	0.000119549694792065	0.00012022585012801	0.00012436072447828
boot589	0.0394255139397353	0.000125180838636245	0.000125618566360664	0.000123555082134877
boot590	0.0664601520698395	0.000125326360771567	0.000126570222166427	0.000125696910690117
boot591	0.0599831033511687	0.000123732987188588	0.000124746215205382	0.000125221261451613
boot592	0.0740636440439313	0.00012716669319009	0.000128711447729393	0.000126225131921645
boot593	0.0461841734722613	0.000121845710704926	0.000122446380341456	0.000124129130779187
boot594	0.0292875246409462	0.000123632309811971	0.0001238738640501	0.000122645769786538
boot595	0.034638130104196	0.000124408338534834	0.000124746215205382	0.000123132898211284
boot596	0.0428048437059983	0.000124943974338021	0.000125459957059704	0.000123845322415824
boot597	0.0709659250915235	0.000124676156436428	0.000126094394263546	0.000126013861295471
boot598	0.0563221627710504	0.000123297760765451	0.00012419108265202	0.000124941964363777
boot599	0.0422416220782878	0.000122102496081221	0.000122604989642416	0.000123797395696609
boot600	0.0642072655589975	0.00012509204244072	0.000126253003564506	0.000125534147442384
boot601	0.0326668544072092	0.000125000834276101	0.000125301347758744	0.000122955305820234
boot602	0.0377358490566038	0.000120617884437931	0.000121018896632812	0.00012340755002531
boot603	0.0557589411433399	0.000121570835560429	0.000122446380341456	0.000124898325589618
boot604	0.0796958603210363	0.000126288379111214	0.000128077010525551	0.000126595413843628
boot605	0.0808223035764573	0.000128457989977126	0.000130297540738997	0.000126667326255497
boot606	0.0498451140523796	0.00012626707338422	0.000126966745418828	0.000124429331599169
boot607	0.064770487186708	0.000124278538864716	0.000125459957059704	0.000125575106250883
boot608	0.0456209518445508	0.00012630133227857	0.000126887440768348	0.000124082276046236
boot609	0.0495635032385244	0.000122071810474417	0.000122763598943377	0.000124406507224967
boot610	0.071529146719234	0.000126081039101341	0.00012752187797219	0.000126052676131443
boot611	0.0667417628836947	0.000125553711191699	0.000126808136117868	0.000125717055098659
boot612	0.0275978597578147	0.00012207328445553	0.000122287771040495	0.000122488589800596
boot613	0.0416784004505773	0.000121639978674449	0.000122129161739535	0.000123749290313017
boot614	0.0363277949873275	0.000118506026831986	0.000118877671069846	0.000123283378283077
boot615	0.0340749084764855	0.000123784799858009	0.00012411177800154	0.000123082380858599
boot616	0.0501267248662349	0.000123642091686629	0.000124349691952981	0.000124452111307276
boot617	0.0394255139397353	0.000128035806053533	0.000128473533777952	0.000123555082134877
boot618	0.0247817516192622	0.000124969791340543	0.000125142738457783	0.000122223049869813
boot619	0.0918051253168122	0.000129430862177695	0.000131804329098121	0.000127331019751124
boot620	0.0461841734722613	0.000127238426937581	0.00012783909657411	0.000124129130779187
boot621	0.0202759785975781	0.000121061731417273	0.000121177505933772	0.00012178889543294
boot622	0.0419600112644326	0.0001282156317493	0.000128711447729393	0.000123773365337861
boot623	0.0340749084764855	0.000123784799858009	0.00012411177800154	0.000123082380858599
boot624	0.0436496761475641	0.00012389244514534	0.000124428996603461	0.000123916877498938
boot625	0.0450577302168403	0.000122350482236932	0.000122922208244337	0.000124035242648908
boot626	0.0549141087017741	0.000125483094096566	0.000126332308214986	0.000124832532432672
boot627	0.0425232328921431	0.000122650906387386	0.000123160122195778	0.000123821381389264
boot628	0.0264714165023937	0.000125104012954	0.000125301347758744	0.000122382909821415
boot629	0.0571669952126162	0.000128742780994564	0.000129663103535155	0.000125007087529307
boot630	0.0304139678963672	0.00012139284117453	0.000121653333836654	0.000122749663121946
boot631	0.0498451140523796	0.000119764092044842	0.00012046376407945	0.000124429331599169
boot632	0.0943396226415094	0.00012398459129794	0.000126490917515947	0.000127474531912201
boot633	0.0411151788228668	0.000125142515127311	0.000125618566360664	0.000123701006265048
boot634	0.0520980005632216	0.000125250741073869	0.000126015089613065	0.000124610318613388
boot635	0.0560405519571952	0.000124337632107512	0.000125222043108263	0.000124920167309744
boot636	0.0678682061391157	0.000124242135997838	0.000125539261710184	0.000125797186071884
boot637	0.063644043931287	0.000125746758051387	0.000126887440768348	0.000125493009969507
boot638	0.110391439031259	0.000123931483311783	0.000127363268671229	0.00012829942534226
boot639	0.0698394818361025	0.000125672478336519	0.000127046050069308	0.000125935695630397
boot640	0.0650520980005632	0.000123554501475651	0.000124746215205382	0.000125595518655991
boot641	0.0718107575330893	0.000124562883221211	0.000126015089613065	0.000126072016550287
boot642	0.0557589411433399	0.000129977128511332	0.000130852673292359	0.000124898325589618
boot643	0.0453393410306956	0.000119567650561985	0.000120146545477529	0.00012405878168062
boot644	0.0450577302168403	0.000123619356644616	0.00012419108265202	0.000124035242648908
boot645	0.0554773303294847	0.000125148366385668	0.000126015089613065	0.000124876439203397
boot646	0.0718107575330893	0.00012424566461929	0.000125697871011145	0.000126072016550287
boot647	0.0430864545198536	0.000124540639506235	0.000125063433807303	0.000123869218776289
boot648	0.0408335680090115	0.000120787258267624	0.000121256810584252	0.000123676797241922
boot649	0.0597014925373134	0.000123504564782192	0.000124508301253941	0.000125200045056807
boot650	0.0861729090397071	0.000123844607758314	0.000125935784962585	0.000126999150670263
boot651	0.0822303576457336	0.000121969659116688	0.0001238738640501	0.000126756211783211
boot652	0.0504083356800901	0.000124189251342153	0.000124904824506342	0.000124474846349289
boot653	0.0613911574204449	0.000123129726918587	0.00012419108265202	0.000125326673434228
boot654	0.0642072655589975	0.00012509204244072	0.000126253003564506	0.000125534147442384
boot655	0.0599831033511687	0.000122939940683785	0.00012395316870058	0.000125221261451613
boot656	0.0872993522951281	0.000127278983751231	0.000129425189583715	0.000127066953801454
boot657	0.0642072655589975	0.00012493343313976	0.000126094394263546	0.000125534147442384
boot658	0.0580118276541819	0.000130380776005778	0.00013132850119524	0.000125071808699989
boot659	0.0633624331174317	0.000124725869799415	0.000125856480312105	0.000125472374233927
boot660	0.0656153196282737	0.000126547353126131	0.00012775979192363	0.000125636209467924
boot661	0.0459025626584061	0.000127007815892563	0.00012760118262267	0.000124105725745759
boot662	0.0397071247535905	0.000126998570011037	0.000127442573321709	0.000123579514488475
boot663	0.0816671360180231	0.000127864198919123	0.000129742408185636	0.000126720791570408
boot664	0.0509715573078006	0.00012607648315972	0.000126808136117868	0.000124520182435033
boot665	0.0504083356800901	0.000123872032740232	0.000124587605904422	0.000124474846349289
boot666	0.0512531681216559	0.000128526820428486	0.000129266580282754	0.000124542783478763
boot667	0.0211208110391439	0.000121448405795874	0.000121574029186173	0.000121871170378694
boot668	0.0411151788228668	0.000123556422117707	0.00012403247335106	0.000123701006265048
boot669	0.0642072655589975	0.000123347340130155	0.000124508301253941	0.000125534147442384
boot670	0.0520980005632216	0.000125885178277711	0.000126649526816907	0.000124610318613388
boot671	0.0588566600957477	0.000123770685372201	0.000124746215205382	0.000125136127875822
boot672	0.0613911574204449	0.000126619131539717	0.00012768048727315	0.000125326673434228
boot673	0.034638130104196	0.000120918933913705	0.000121256810584252	0.000123132898211284
boot674	0.0321036327794987	0.000122949186565311	0.000123239426846258	0.000122904163142228
boot675	0.0554773303294847	0.000124038101278945	0.000124904824506342	0.000124876439203397
boot676	0.0611095466065897	0.000126549541764753	0.00012760118262267	0.000125305680369893
boot677	0.0459025626584061	0.000120980662456067	0.000121574029186173	0.000124105725745759
boot678	0.0701210926499578	0.000125899292763519	0.000127283964020749	0.000125955304045807
boot679	0.0537876654463531	0.000126786450729071	0.00012760118262267	0.00012474418289809
boot680	0.02787947057167	0.000120403487185154	0.000120622373380411	0.000122514898130156
boot681	0.0827935792734441	0.000124798452202699	0.000126728831467387	0.000126791453331636
boot682	0.0796958603210363	0.0001283503000237	0.000130138931438037	0.000126595413843628
boot683	0.0630808223035765	0.000126401294997677	0.00012752187797219	0.000125451693832253
boot684	0.0844832441565756	0.000124877466523566	0.000126887440768348	0.000126896105990648
boot685	0.0447761194029851	0.000121485255323695	0.000122049857089055	0.000124011658951103
boot686	0.0239369191776964	0.000119826579910807	0.000119987936176569	0.000122142516901739
boot687	0.0867361306674176	0.000126989368795605	0.000129107970981794	0.000127033141568047
boot688	0.0419600112644326	0.000125202055031051	0.000125697871011145	0.000123773365337861
boot689	0.0678682061391157	0.000127414322017047	0.000128711447729393	0.000125797186071884
boot690	0.0918051253168122	0.000128320597070971	0.000130694063991398	0.000127331019751124
boot691	0.0385806814981695	0.000124485655544117	0.000124904824506342	0.000123481517077518
boot692	0.0408335680090115	0.000123166397782031	0.000123635950098659	0.000123676797241922
boot693	0.0656153196282737	0.000126547353126131	0.00012775979192363	0.000125636209467924
boot694	0.0253449732469727	0.000121155217552702	0.000121336115234733	0.000122276515184724
boot695	0.00563221627710504	0.000124023540132194	0.00012403247335106	0.000120298923858331
boot696	0.0684314277668262	0.000125489392015866	0.000126808136117868	0.000125836983561931
boot697	0.0326668544072092	0.000119132290140565	0.000119432803623207	0.000122955305820234
boot698	0.0777245846240496	0.000123441496257	0.000125142738457783	0.000126467847478226
boot699	0.0498451140523796	0.000122143231559248	0.000122842903593857	0.000124429331599169
boot700	0.0554773303294847	0.000123879491977985	0.000124746215205382	0.000124876439203397
boot701	0.0963108983384962	0.000126813027055197	0.000129425189583715	0.000127583651180646
boot702	0.0413967896367221	0.000125691104097854	0.000126173698914026	0.00012372517062208
boot703	0.0887074063644044	0.000126812669726442	0.000129028666331314	0.00012715070272832
boot704	0.063644043931287	0.000128918944070596	0.000130059626787557	0.000125493009969507
boot705	0.0754716981132075	0.000126552266396507	0.000128156315176031	0.000126319377380678
boot706	0.062517600675866	0.000126579825376708	0.00012768048727315	0.000125410199030622
boot707	0.0315404111517882	0.000122007625296867	0.000122287771040495	0.000122852841799845
boot708	0.0605463249788792	0.000123396651498294	0.000124428996603461	0.000125263560242942
boot709	0.0453393410306956	0.000125436194697521	0.000126015089613065	0.00012405878168062
boot710	0.0495635032385244	0.000121754591872496	0.000122446380341456	0.000124406507224967
boot711	0.0751900872993523	0.000124898816916655	0.000126490917515947	0.00012630061762106
boot712	0.0664601520698395	0.000126436625878291	0.00012768048727315	0.000125696910690117
boot713	0.0340749084764855	0.000123943409158969	0.000124270387302501	0.000123082380858599
boot714	0.072655589974655	0.000129683314942839	0.00013116989189428	0.000126129769810254
boot715	0.0292875246409462	0.000124901184219655	0.000125142738457783	0.000122645769786538
boot716	0.0878625739228386	0.000128995903751124	0.00013116989189428	0.000127100587370483
boot717	0.0642072655589975	0.000122871512227274	0.00012403247335106	0.000125534147442384
boot718	0.0340749084764855	0.000122674534751286	0.000123001512894817	0.000123082380858599
boot719	-0.00732188116023655	0.000118148832075641	0.000118163929215524	0.000118880194704175
boot720	0.10025344973247	0.000130718630343279	0.000133549031408686	0.000127795323801669
boot721	0.0478738383553928	0.000121483736676488	0.000122129161739535	0.000124268622991775
boot722	0.0571669952126162	0.000126522250781118	0.000127442573321709	0.000125007087529307
boot723	0.0796958603210363	0.000128191690722739	0.000129980322137076	0.000126595413843628
boot724	0.0509715573078006	0.00012258707853859	0.000123318731496738	0.000124520182435033
boot725	0.0819487468318783	0.000127296090865359	0.000129187275632274	0.000126738524009857
boot726	0.0487186707969586	0.000125663902446408	0.000126332308214986	0.000124337766105795
boot727	0.0413967896367221	0.000123629183185368	0.00012411177800154	0.00012372517062208
boot728	0.0591382709096029	0.000123523413873998	0.000124508301253941	0.000125157478268911
boot729	0.0253449732469727	0.00011671415712581	0.00011689505480784	0.000122276515184724
boot730	0.0549141087017741	0.000120724815067753	0.000121574029186173	0.000124832532432672
boot731	0.0613911574204449	0.000125350257132033	0.000126411612865467	0.000125326673434228
boot732	0.0839200225288651	0.000127759144265263	0.000129742408185636	0.000126861400435354
boot733	0.0484370599831034	0.000124164818988555	0.000124825519855862	0.000124314763067216
boot734	0.0585750492818924	0.000125921223815834	0.000126887440768348	0.000125114732816639
boot735	0.0549141087017741	0.000127862233610973	0.000128711447729393	0.000124832532432672
boot736	0.0661785412559842	0.00012478174708342	0.000126015089613065	0.00012567672161548
boot737	0.0442128977752746	0.000129747053459446	0.000130297540738997	0.000123964357557209
boot738	0.0788510278794706	0.000125295139171632	0.000127046050069308	0.000126541010540736
boot739	0.0785694170656153	0.000129034941917567	0.000130773368641879	0.00012652278677425
boot740	0.034638130104196	0.000123456682729072	0.000123794559399619	0.000123132898211284
boot741	0.0554773303294847	0.000124831147783748	0.000125697871011145	0.000124876439203397
boot742	0.0487186707969586	0.000125188074543526	0.000125856480312105	0.000124337766105795
boot743	0.0475922275415376	0.000123949751744364	0.000124587605904422	0.000124245485954913
boot744	0.06702337369755	0.000127684328557262	0.000128949361680834	0.000125737154841107
boot745	0.0439312869614193	0.000124440632121034	0.000124984129156823	0.000123940639861121
boot746	0.0495635032385244	0.000123499294183061	0.00012419108265202	0.000124406507224967
boot747	0.0416784004505773	0.000122274415878291	0.000122763598943377	0.000123749290313017
boot748	0.0827935792734441	0.000126384545212304	0.000128314924476992	0.000126791453331636
boot749	0.0765981413686286	0.00012920038513096	0.000130852673292359	0.000126393969758207
boot750	0.033511686848775	0.000125381612730252	0.000125697871011145	0.000123031684841536
boot751	0.0430864545198536	0.000123430374399512	0.00012395316870058	0.000123869218776289
boot752	0.0633624331174317	0.000125360307003257	0.000126490917515947	0.000125472374233927
boot753	0.0630808223035765	0.000125449639191914	0.000126570222166427	0.000125451693832253
boot754	0.0656153196282737	0.000124009604310764	0.000125222043108263	0.000125636209467924
boot755	0.0678682061391157	0.000125986838308403	0.000127283964020749	0.000125797186071884
boot756	0.0123908758096311	0.000122085924960225	0.000122129161739535	0.000121001610854307
boot757	0.0760349197409181	0.000126052408134877	0.00012768048727315	0.000126356762901631
boot758	0.02787947057167	0.000120720705787075	0.000120939591982332	0.000122514898130156
boot759	0.0461841734722613	0.000124700678122214	0.000125301347758744	0.000124129130779187
boot760	0.0177414812728809	0.000120533733516216	0.000120622373380411	0.000121539658626588
boot761	0.0419600112644326	0.000122505696914724	0.000123001512894817	0.000123773365337861
boot762	0.0523796113770769	0.000122625402047524	0.000123398036147218	0.000124632740992741
boot763	0.0729372007885103	0.000129433854806015	0.000130931977942839	0.000126148931564721
boot764	0.0264714165023937	0.000123676529245356	0.0001238738640501	0.000122382909821415
boot765	0.0413967896367221	0.000121091434370001	0.000121574029186173	0.00012372517062208
boot766	0.0425232328921431	0.000122650906387386	0.000123160122195778	0.000123821381389264
boot767	0.073782033230076	0.00013042990870954	0.000131962938399082	0.000126206148831556
boot768	0.0498451140523796	0.000123887933869813	0.000124587605904422	0.000124429331599169
boot769	0.0394255139397353	0.000124705010733364	0.000125142738457783	0.000123555082134877
boot770	0.0329484652210645	0.000123488842316988	0.000123794559399619	0.000122980810160096
boot771	0.0374542382427485	0.000124985603137935	0.000125380652409224	0.000123382805009052
boot772	0.0850464657842861	0.000126278061243424	0.000128314924476992	0.000126930632881564
boot773	0.0588566600957477	0.000123770685372201	0.000124746215205382	0.000125136127875822
boot774	0.0487186707969586	0.000126139730349289	0.000126808136117868	0.000124337766105795
boot775	0.0718107575330893	0.000126148976230815	0.00012760118262267	0.000126072016550287
boot776	0.0537876654463531	0.000124565920515625	0.000125380652409224	0.00012474418289809
boot777	0.0599831033511687	0.000123574377887627	0.000124587605904422	0.000125221261451613
boot778	0.0653337088144185	0.000129809228662751	0.000131011282593319	0.000125615886395005
boot779	0.0419600112644326	0.000120443776002238	0.000120939591982332	0.000123773365337861
boot780	0.0571669952126162	0.000128108343790723	0.000129028666331314	0.000125007087529307
boot781	0.0627992114897212	0.000123477005801991	0.000124587605904422	0.000125430968764485
boot782	0.0411151788228668	0.000119908408195617	0.00012038445942897	0.000123701006265048
boot783	0.0780061954379048	0.000126839246052567	0.000128552838428432	0.000126486205242995
boot784	0.0594198817234582	0.000126131065126989	0.000127125354719789	0.000125178783995906
boot785	0.0661785412559842	0.000130650291218956	0.000131883633748602	0.00012567672161548
boot786	0.0332300760349197	0.000124673163808108	0.000124984129156823	0.000123006269833863
boot787	0.0532244438186426	0.000127437861048758	0.000128235619826512	0.000124699740134233
boot788	0.0777245846240496	0.000122965668354119	0.000124666910554902	0.000126467847478226
boot789	0.0433680653337088	0.000119696199581462	0.00012022585012801	0.000123893070470661
boot790	0.0306955787102225	0.000124639485572984	0.000124904824506342	0.000122775524790562
boot791	0.0456209518445508	0.000127411597385293	0.000127997705875071	0.000124082276046236
boot792	0.0363277949873275	0.00012374013376368	0.00012411177800154	0.000123283378283077
boot793	0.0808223035764573	0.000127030506268482	0.000128870057030353	0.000126667326255497
boot794	0.0442128977752746	0.000125464602333514	0.000126015089613065	0.000123964357557209
boot795	0.0487186707969586	0.000125663902446408	0.000126332308214986	0.000124337766105795
boot796	0.040270346381301	0.000122703433714316	0.000123160122195778	0.000123628245197387
boot797	0.0754716981132075	0.000122904252474417	0.000124508301253941	0.000126319377380678
boot798	0.0233736975499859	0.000122689051231942	0.000122842903593857	0.000122088604925885
boot799	0.0794142495071811	0.000125111427525659	0.000126887440768348	0.000126577324075425
boot800	0.0802590819487468	0.000129435194788844	0.00013124919654476	0.000126631459381751
boot801	0.0754716981132075	0.000126393657095547	0.000127997705875071	0.000126319377380678
boot802	0.0571669952126162	0.000124301720567672	0.000125222043108263	0.000125007087529307
boot803	0.0633624331174317	0.000128691102323426	0.000129821712836116	0.000125472374233927
boot804	0.0321036327794987	0.000123900842371074	0.00012419108265202	0.000122904163142228
boot805	0.0532244438186426	0.000125217330835312	0.000126015089613065	0.000124699740134233
boot806	0.0211208110391439	0.000122400061601637	0.000122525684991936	0.000121871170378694
boot807	0.0461841734722613	0.000125652333927977	0.000126253003564506	0.000124129130779187
boot808	0.0405519571951563	0.000125314077595627	0.000125777175661625	0.000123652543552702
boot809	0.0965925091523514	0.000126242596364528	0.000128870057030353	0.000127599060983189
boot810	0.0526612221909321	0.0001255513438887	0.000126332308214986	0.000124655118705999
boot811	0.0397071247535905	0.000125571086302393	0.000126015089613065	0.000123579514488475
boot812	0.0751900872993523	0.00012648490992626	0.000128077010525551	0.00012630061762106
boot813	0.0321036327794987	0.000121521702856667	0.000121811943137614	0.000122904163142228
boot814	0.0808223035764573	0.000124968585355996	0.000126808136117868	0.000126667326255497
boot815	0.0560405519571952	0.000121799883292145	0.000122684294292896	0.000124920167309744
boot816	0.0247817516192622	0.000126714493651108	0.000126887440768348	0.000122223049869813
boot817	0.0639256547451422	0.000124071243520937	0.000125222043108263	0.000125513601038992
boot818	0.0889890171782596	0.000130525896146252	0.000132755984903884	0.00012716731851541
boot819	0.0473106167276823	0.000124195191932699	0.000124825519855862	0.000124222304251956
boot820	0.062517600675866	0.000123090420755578	0.00012419108265202	0.000125410199030622
boot821	0.0453393410306956	0.00012131235287255	0.000121891247788094	0.00012405878168062
boot822	0.0551957195156294	0.000128250024641932	0.000129107970981794	0.000124854508151081
boot823	0.0856096874119966	0.000127678477298905	0.000129742408185636	0.000126964981108102
boot824	0.0884257955505491	0.000125319928853984	0.00012752187797219	0.000127134042275135
boot825	0.0523796113770769	0.000124370104358089	0.000125142738457783	0.000124632740992741
boot826	0.0698394818361025	0.000126465524841321	0.00012783909657411	0.000125935695630397
boot827	0.0259081948746832	0.000122257353430258	0.000122446380341456	0.000122329801835258
boot828	0.0639256547451422	0.000122167931909412	0.000123318731496738	0.000125513601038992
boot829	0.0563221627710504	0.00012646994678466	0.000127363268671229	0.000124941964363777
boot830	0.0332300760349197	0.000120707931284097	0.000121018896632812	0.000123006269833863
boot831	0.0444945085891298	0.000123157732559731	0.000123715254749139	0.000123988030587203
boot832	0.063644043931287	0.000125112320847545	0.000126253003564506	0.000125493009969507
boot833	0.0405519571951563	0.000125948514799469	0.000126411612865467	0.000123652543552702
boot834	0.0839200225288651	0.000127124707061421	0.000129107970981794	0.000126861400435354
boot835	0.0385806814981695	0.000123692609039315	0.00012411177800154	0.000123481517077518
boot836	0.035764573359617	0.000123910177584789	0.000124270387302501	0.000123233396923524
boot837	0.0461841734722613	0.000125810943228937	0.000126411612865467	0.000124129130779187
boot838	0.0551957195156294	0.000123491745613119	0.000124349691952981	0.000124854508151081
boot839	0.0706843142776683	0.000126670006221157	0.000128077010525551	0.000125994386878344
boot840	0.0701210926499578	0.000124154590452954	0.000125539261710184	0.000125955304045807
boot841	0.06702337369755	0.00012689128205246	0.000128156315176031	0.000125737154841107
boot842	0.0470290059138271	0.000121744229338612	0.000122367075690975	0.000124199077882905
boot843	0.0442128977752746	0.000123244072120068	0.000123794559399619	0.000123964357557209
boot844	0.0580118276541819	0.000125463887676005	0.000126411612865467	0.000125071808699989
boot845	0.0475922275415376	0.000123632533142443	0.000124270387302501	0.000124245485954913
boot846	0.0354829625457618	0.000126850099913489	0.000127204659370269	0.000123208339244605
boot847	0.0675865953252605	0.000126711322358411	0.000127997705875071	0.000125777220327719
boot848	0.0484370599831034	0.000125592302697199	0.000126253003564506	0.000124314763067216
boot849	0.0504083356800901	0.000123713423439272	0.000124428996603461	0.000124474846349289
boot850	0.0399887355674458	0.000122154666079396	0.000122604989642416	0.000123603902175978
boot851	0.0557589411433399	0.000127597988996925	0.000128473533777952	0.000124898325589618
boot852	0.0684314277668262	0.000124061908307223	0.000125380652409224	0.000125836983561931
boot853	0.0836384117150099	0.000128010346379766	0.000129980322137076	0.000126843980658566
boot854	0.040270346381301	0.000122068996510474	0.000122525684991936	0.000123628245197387
boot855	0.0540692762602084	0.000121781704191754	0.000122604989642416	0.000124766337280877
boot856	0.0689946493945368	0.000127212297272399	0.000128552838428432	0.0001258766023876
boot857	0.0701210926499578	0.000126692339268321	0.000128077010525551	0.000125955304045807
boot858	0.0337932976626302	0.000123710877471895	0.00012403247335106	0.000123057055183115
boot859	0.0413967896367221	0.00012442222969017	0.000124904824506342	0.00012372517062208
boot860	0.0551957195156294	0.000125236447923684	0.000126094394263546	0.000124854508151081
boot861	0.02787947057167	0.000119293222078431	0.000119512108273688	0.000122514898130156
boot862	0.0811039143903126	0.000127572797319724	0.000129425189583715	0.000126685192693229
boot863	0.0340749084764855	0.00012426062776089	0.000124587605904422	0.000123082380858599
boot864	0.0264714165023937	0.000123200701342475	0.000123398036147218	0.000122382909821415
boot865	0.0509715573078006	0.000124490390150116	0.000125222043108263	0.000124520182435033
boot866	0.0211208110391439	0.000122558670902597	0.000122684294292896	0.000121871170378694
boot867	0.0765981413686286	0.000124917934005028	0.000126570222166427	0.000126393969758207
boot868	0.0515347789355111	0.000126377443303305	0.000127125354719789	0.000124565339856399
boot869	0.0813855252041678	0.00013112862042312	0.000132993898855325	0.000126703014464866
boot870	0.0867361306674176	0.000129685726911933	0.000131804329098121	0.000127033141568047
boot871	0.0622359898620107	0.000127620679372844	0.000128711447729393	0.000125389384630665
boot872	0.062517600675866	0.000124359295163262	0.000125459957059704	0.000125410199030622
boot873	0.102224725429456	0.000127354737447212	0.000130297540738997	0.000127897877154247
boot874	0.101661503801746	0.000126911247796625	0.000129821712836116	0.000127868799526839
boot875	0.0371726274288933	0.000123008905133429	0.000123398036147218	0.0001233580153267
boot876	0.0180230920867361	0.000124892652995638	0.000124984129156823	0.000121567530269449
boot877	0.0467473950999718	0.000127540905728374	0.000128156315176031	0.00012417580684776
boot878	0.0684314277668262	0.000126441047821629	0.00012775979192363	0.000125836983561931
boot879	0.0422416220782878	0.00012543329140139	0.000125935784962585	0.000123797395696609
boot880	0.0763165305547733	0.000121202742277068	0.000122842903593857	0.000126375388662966
boot881	0.06702337369755	0.000126098235547658	0.000127363268671229	0.000125737154841107
boot882	0.038017459870459	0.000120849790799684	0.000121256810584252	0.000123432250375474
boot883	0.0504083356800901	0.000124347860643113	0.000125063433807303	0.000124474846349289
boot884	0.063644043931287	0.000122415962731218	0.000123556645448179	0.000125493009969507
boot885	0.0777245846240496	0.00012708951017909	0.000128790752379873	0.000126467847478226
boot886	0.0591382709096029	0.000128281692902811	0.000129266580282754	0.000125157478268911
boot887	0.03914390312588	0.00011987365797423	0.00012030515477849	0.000123530605115185
boot888	0.0233736975499859	0.000125068190746349	0.000125222043108263	0.000122088604925885
boot889	0.0850464657842861	0.000128657200757831	0.000130694063991398	0.000126930632881564
boot890	0.0464657842861166	0.000123662370093454	0.000124270387302501	0.000124152491146521
boot891	0.031258800337933	0.000121457473013023	0.000121732638487134	0.000122827114129512
boot892	0.0934947901999437	0.000125218849482519	0.00012768048727315	0.000127427096520025
boot893	0.0782878062517601	0.000128333639570515	0.000130059626787557	0.00012650451834167
boot894	0.0453393410306956	0.000121788180775431	0.000122367075690975	0.00012405878168062
boot895	0.0687130385806815	0.000124447555365655	0.000125777175661625	0.000125856815307813
boot896	0.0585750492818924	0.00012798314472832	0.000128949361680834	0.000125114732816639
boot897	0.0318220219656435	0.000126681574739588	0.000126966745418828	0.000122878524804084
boot898	0.0250633624331174	0.000123934877934952	0.00012411177800154	0.000122249804860316
boot899	0.0506899464939454	0.000129177426758475	0.000129901017486596	0.000124497536725208
boot900	0.0875809631089834	0.000127503028880383	0.000129663103535155	0.000127083792919016
boot901	0.0467473950999718	0.000124527329010125	0.000125142738457783	0.00012417580684776
boot902	0.0594198817234582	0.000121848614001058	0.000122842903593857	0.000125178783995906
boot903	0.0377358490566038	0.000124424507660981	0.000124825519855862	0.00012340755002531
boot904	0.0718107575330893	0.000121549306502962	0.000123001512894817	0.000126072016550287
boot905	0.0543508870740636	0.000126134861745007	0.000126966745418828	0.00012478844699757
boot906	0.0490002816108139	0.000126369894733364	0.000127046050069308	0.00012436072447828
boot907	0.0571669952126162	0.000126998078684	0.000127918401224591	0.000125007087529307
boot908	0.0684314277668262	0.000126599657122589	0.000127918401224591	0.000125836983561931
boot909	0.0839200225288651	0.000127600534964302	0.000129583798884675	0.000126861400435354
boot910	0.0295691354548015	0.000123072509651752	0.000123318731496738	0.000122671810119532
boot911	0.0253449732469727	0.000121948264057504	0.000122129161739535	0.000122276515184724
boot912	0.0816671360180231	0.000125326450103756	0.000127204659370269	0.000126720791570408
boot913	0.0577302168403267	0.000123014622393503	0.00012395316870058	0.000125050279642523
boot914	0.0788510278794706	0.000122281562453384	0.00012403247335106	0.000126541010540736
boot915	0.0580118276541819	0.00012736719928753	0.000128314924476992	0.000125071808699989
boot916	0.0388622923120248	0.000123448553499904	0.0001238738640501	0.000123506083429399
boot917	0.0718107575330893	0.00012805228784234	0.000129504494234195	0.000126072016550287
boot918	0.0512531681216559	0.000123292713496792	0.00012403247335106	0.000124542783478763
boot919	0.0518163897493664	0.000123434975007228	0.00012419108265202	0.00012458785156794
boot920	0.036891016615038	0.000128486799607968	0.000128870057030353	0.000123333180978253
boot921	0.0827935792734441	0.00012527428010558	0.000127204659370269	0.000126791453331636
boot922	0.0515347789355111	0.000122412210779294	0.000123160122195778	0.000124565339856399
boot923	0.0461841734722613	0.000124700678122214	0.000125301347758744	0.000124129130779187
boot924	0.104196001126443	0.000126685014028851	0.000129742408185636	0.000127998241868203
boot925	0.0729372007885103	0.000125627231582964	0.000127125354719789	0.000126148931564721
boot926	0.0439312869614193	0.000127295599538322	0.00012783909657411	0.000123940639861121
boot927	0.0642072655589975	0.000124774823838799	0.000125935784962585	0.000125534147442384
boot928	0.0309771895240777	0.000124713899286135	0.000124984129156823	0.000122801341793084
boot929	0.0405519571951563	0.0001226177194793	0.000123080817545297	0.000123652543552702
boot930	0.036891016615038	0.000121349381064748	0.000121732638487134	0.000123333180978253
boot931	0.0520980005632216	0.000126678224782513	0.000127442573321709	0.000124610318613388
boot932	0.0112644325542101	0.000123838131174637	0.0001238738640501	0.000120886282998751
boot933	0.0382990706843143	0.000123143573407829	0.000123556645448179	0.000123456906059543
boot934	0.0582934384680372	0.00012680284318569	0.00012775979192363	0.000125093293091361
boot935	0.0343565192903407	0.000126872254296276	0.000127204659370269	0.000123107661867989
boot936	0.032385243593354	0.000123499204850872	0.000123794559399619	0.000122929756814279
boot937	0.0611095466065897	0.000121474044134019	0.000122525684991936	0.000125305680369893
boot938	0.0777245846240496	0.00012724811948005	0.000128949361680834	0.000126467847478226
boot939	0.0560405519571952	0.000124020413505591	0.000124904824506342	0.000124920167309744
boot940	0.0366094058011828	0.000127937495979916	0.000128314924476992	0.000123308301963712
boot941	0.068149816952971	0.000123993435184617	0.000125301347758744	0.000125817107149955
boot942	0.0678682061391157	0.00012487657320168	0.000126173698914026	0.000125797186071884
boot943	0.0371726274288933	0.000125546653948796	0.000125935784962585	0.0001233580153267
boot944	0.0706843142776683	0.000125242522512513	0.000126649526816907	0.000125994386878344
boot945	0.149253731343284	0.000131082301683301	0.000137355654631737	0.000129695553452685
boot946	0.0183047029005914	0.000124810467382074	0.000124904824506342	0.000121595357246215
boot947	0.0650520980005632	0.000130057482815029	0.00013124919654476	0.000125595518655991
boot948	0.0639256547451422	0.000122167931909412	0.000123318731496738	0.000125513601038992
boot949	0.0408335680090115	0.000124752490791635	0.000125222043108263	0.000123676797241922
boot950	0.0459025626584061	0.000121932318261829	0.000122525684991936	0.000124105725745759
boot951	0.0825119684595888	0.00013044219188548	0.000132359461651483	0.000126773854890471
boot952	0.0416784004505773	0.000125922429800381	0.000126411612865467	0.000123749290313017
boot953	0.0780061954379048	0.000126522027450647	0.000128235619826512	0.000126486205242995
boot954	0.0720923683469445	0.000129071836111482	0.000130535454690438	0.000126091312303037
boot955	0.0664601520698395	0.000126595235179251	0.00012783909657411	0.000125696910690117
boot956	0.0456209518445508	0.000118846695133429	0.000119432803623207	0.000124082276046236
boot957	0.0306955787102225	0.000120991471650894	0.000121256810584252	0.000122775524790562
boot958	0.0473106167276823	0.000124195191932699	0.000124825519855862	0.000124222304251956
boot959	0.0653337088144185	0.00012584399613874	0.000127046050069308	0.000125615886395005
boot960	0.0321036327794987	0.000123425014468193	0.000123715254749139	0.000122904163142228
boot961	0.0256265840608279	0.000124402665940854	0.000124587605904422	0.000122303180843039
boot962	0.0487186707969586	0.000127884432659854	0.000128552838428432	0.000124337766105795
boot963	0.0501267248662349	0.000123642091686629	0.000124349691952981	0.000124452111307276
boot964	0.0354829625457618	0.000121140165078914	0.000121494724535693	0.000123208339244605
boot965	0.0577302168403267	0.000128407338626157	0.000129345884933235	0.000125050279642523
boot966	0.0425232328921431	0.000124871436600832	0.000125380652409224	0.000123821381389264
boot967	0.0881441847366939	0.000120496347995263	0.000122684294292896	0.000127117337155857
boot968	0.0661785412559842	0.000126843667995906	0.000128077010525551	0.00012567672161548
boot969	0.0667417628836947	0.00012587092979362	0.000127125354719789	0.000125717055098659
boot970	0.073782033230076	0.000124561364574004	0.000126094394263546	0.000126206148831556
boot971	0.0475922275415376	0.000122998095938601	0.000123635950098659	0.000124245485954913
boot972	0.0439312869614193	0.000126502553033519	0.000127046050069308	0.000123940639861121
boot973	0.0740636440439313	0.000123042851365118	0.000124587605904422	0.000126225131921645
boot974	0.0377358490566038	0.000122997023952337	0.000123398036147218	0.00012340755002531
boot975	0.0456209518445508	0.000124556629968005	0.000125142738457783	0.000124082276046236
boot976	0.0523796113770769	0.00012103930903792	0.000121811943137614	0.000124632740992741
boot977	0.0833568009011546	0.000123979052702243	0.000125935784962585	0.000126826516215684
boot978	0.0788510278794706	0.000127991497287959	0.000129742408185636	0.000126541010540736
boot979	0.0791326386933258	0.000133450989331635	0.000135214429068771	0.000126559189641128
boot980	0.0627992114897212	0.000128235284830804	0.000129345884933235	0.000125430968764485
boot981	0.0695578710222473	0.000122590651826137	0.00012395316870058	0.000125916042548892
boot982	0.0154885947620389	0.000127533625154998	0.00012760118262267	0.000121315077504304
boot983	0.0168966488313151	0.000117449093041891	0.000117529492011682	0.000121455775701439
boot984	0.0473106167276823	0.00012467101983558	0.000125301347758744	0.000124222304251956
boot985	0.0264714165023937	0.000122407654837673	0.000122604989642416	0.000122382909821415
boot986	0.0709659250915235	0.000122931454125863	0.000124349691952981	0.000126013861295471
boot987	0.0247817516192622	0.000123225089029978	0.000123398036147218	0.000122223049869813
boot988	0.0568853843987609	0.000122486758490729	0.000123398036147218	0.000124985424473558
boot989	0.0428048437059983	0.000121930397619773	0.000122446380341456	0.000123845322415824
boot990	0.0735004224162208	0.000127348707524478	0.000128870057030353	0.000126187121075372
boot991	0.0529428330047874	0.000119753729510958	0.00012054306872993	0.000124677451753163
boot992	0.0295691354548015	0.000125293039865198	0.000125539261710184	0.000122671810119532
boot993	0.0298507462686567	0.00011918186950527	0.000119432803623207	0.000122697805786431
boot994	0.0419600112644326	0.000121395431808001	0.000121891247788094	0.000123773365337861
boot995	0.0436496761475641	0.000122464961436696	0.000123001512894817	0.000123916877498938
boot996	0.0447761194029851	0.000124816050643865	0.000125380652409224	0.000124011658951103
boot997	0.0526612221909321	0.000122854985772373	0.000123635950098659	0.000124655118705999
boot998	0.0349197409180513	0.000125592392029388	0.000125935784962585	0.000123158089888486
boot999	0.062517600675866	0.000124835123066143	0.000125935784962585	0.000125410199030622
boot1000	0.070402703463813	0.000124857188116741	0.000126253003564506	0.000125974867795123
