V1	V2	V3	V4
boot1	0.081959706959707	0.000208461054684714	0.000211536784338982	0.000203679423476625
boot2	0.0732600732600733	0.000208869699269409	0.000211327134404057	0.000205253429879079
boot3	0.0558608058608059	0.000208221166778406	0.00020964993492466	0.000208193520633141
boot4	0.0558608058608059	0.000198157969902023	0.000199586738048277	0.000208193520633141
boot5	0.0714285714285714	0.000208991035129183	0.000211327134404057	0.000205575968240501
boot6	0.0723443223443224	0.000206834251824289	0.000209230635054811	0.00020541508303403
boot7	0.0773809523809524	0.000200828414746193	0.000203570086811845	0.000204516487319364
boot8	0.0824175824175824	0.000202346744883878	0.000205456936226167	0.000203594661163192
boot9	0.0178571428571429	0.000221873274880535	0.000222019281085215	0.000213651234483939
boot10	0.0956959706959707	0.000201473491469038	0.000205666586161092	0.00020105303967647
boot11	0.0517399267399267	0.000207375943483071	0.000208601685250037	0.000208849252641141
boot12	0.0682234432234432	0.000208147731705047	0.000210278884729434	0.000206133018868875
boot13	0.0590659340659341	0.00021035865537775	0.000211956084208831	0.000207672755570428
boot14	0.106227106227106	0.000208676176252556	0.000213842933623153	0.000198922462613442
boot15	0.0636446886446886	0.000206327693808448	0.000208182385380188	0.000206912486575646
boot16	0.059981684981685	0.00022121053534266	0.000222857880824914	0.000207522237668431
boot17	0.086996336996337	0.000202410868581923	0.000205876236096016	0.000202736478737264
boot18	0.0412087912087912	0.000212646085917732	0.000213423633753304	0.000210454360957018
boot19	0.0938644688644689	0.000199535957455064	0.000203570086811845	0.000201413207513392
boot20	0.076007326007326	0.000199038038859618	0.000201683237397523	0.000204763862723348
boot21	0.101190476190476	0.000200558864829862	0.000205247286291242	0.000199954105402194
boot22	0.0631868131868132	0.000201951635391135	0.00020377973674677	0.000206989377417164
boot23	0.0833333333333333	0.000207728143854517	0.000210907834534208	0.000203424560574965
boot24	0.043956043956044	0.000201637160488748	0.000202521837137222	0.000210045428391643
boot25	0.0508241758241758	0.000207418948597928	0.000208601685250037	0.000208992859006822
boot26	0.0705128205128205	0.000200664553739364	0.000202941137007071	0.000205736085498493
boot27	0.0686813186813187	0.00020665148008615	0.000208811335184962	0.000206054016169039
boot28	0.0746336996336996	0.000206470532225649	0.000209020985119886	0.000205009510243253
boot29	0.086996336996337	0.000193605571315087	0.000197070938829181	0.000202736478737264
boot30	0.0691391941391941	0.00021312173400727	0.000215310483167626	0.000205974821482082
boot31	0.070970695970696	0.000213423537759744	0.000215729783037475	0.000205656122863057
boot32	0.0705128205128205	0.000203599652828309	0.000205876236096016	0.000205736085498493
boot33	0.0801282051282051	0.000203984682997257	0.00020692448577064	0.000204016552859159
boot34	0.0714285714285714	0.000206055936040237	0.000208392035315112	0.000205575968240501
boot35	0.0526556776556777	0.000209009369899133	0.000210278884729434	0.00020870487832698
boot36	0.0586080586080586	0.000208496476308335	0.00021006923479451	0.000207747726540747
boot37	0.0897435897435897	0.000200092048147838	0.00020377973674677	0.000202212353899952
boot38	0.0902014652014652	0.000201102572353403	0.000204827986421393	0.00020212432780548
boot39	0.0398351648351648	0.00020577861064555	0.00020650518590079	0.000210656235413587
boot40	0.0833333333333333	0.000203954445025874	0.000207134135705564	0.000203424560574965
boot41	0.0668498168498168	0.000210119535419922	0.000212165734143756	0.000206368875045665
boot42	0.0769230769230769	0.000202328314120368	0.000205037636356318	0.000204599137774479
boot43	0.0663919413919414	0.000199874622734558	0.000201892887332448	0.000206447109797022
boot44	0.0567765567765568	0.000205238838857967	0.000206714835835715	0.000208045690550823
boot45	0.070970695970696	0.000202941041013511	0.000205247286291242	0.000205656122863057
boot46	0.0732600732600733	0.000205934600180464	0.000208392035315112	0.000205253429879079
boot47	0.0636446886446886	0.000212197891986338	0.000214052583558078	0.000206912486575646
boot48	0.0677655677655678	0.000201677093809686	0.00020377973674677	0.000206211829581592
boot49	0.0947802197802198	0.000200295458501367	0.000204408686551544	0.000201233507569171
boot50	0.0782967032967033	0.000204536837954073	0.000207343785640489	0.000204350610447776
boot51	0.0586080586080586	0.000204303477609842	0.000205876236096016	0.000207747726540747
boot52	0.0535714285714286	0.000206449029668221	0.000207763085510338	0.00020855973606434
boot53	0.0613553113553114	0.000209184174171796	0.000210907834534208	0.000207295020912036
boot54	0.0462454212454212	0.000208880354554564	0.000209859584859585	0.000209699371608033
boot55	0.0641025641025641	0.000215315858806983	0.000217197332581948	0.000206835403747009
boot56	0.0764652014652015	0.000206763120596368	0.000209440284989736	0.000204681596242474
boot57	0.0718864468864469	0.000213363637778337	0.000215729783037475	0.000205495621630826
boot58	0.0673076923076923	0.000209462459502083	0.000211536784338982	0.000206290448307188
boot59	0.0302197802197802	0.000203780888669489	0.000204199036616619	0.000212020975855356
boot60	0.0608974358974359	0.00020732295503798	0.000209020985119886	0.000207370951817954
boot61	0.070970695970696	0.000205876140102456	0.000208182385380188	0.000205656122863057
boot62	0.0947802197802198	0.000198618259021969	0.000202731487072146	0.000201233507569171
boot63	0.0728021978021978	0.000206174872061012	0.000208601685250037	0.000205334352450114
boot64	0.0508241758241758	0.000207838248467777	0.000209020985119886	0.000208992859006822
boot65	0.0874542124542124	0.000205099744189604	0.000208601685250037	0.000202649604565511
boot66	0.0645604395604396	0.000199984439367138	0.000201892887332448	0.000206758128931251
boot67	0.107600732600733	0.00019952674207331	0.000204827986421393	0.000198637073759719
boot68	0.0984432234432234	0.000198713484633437	0.000203150786941996	0.00020050702830749
boot69	0.0586080586080586	0.000218140373314869	0.000219713131801044	0.000207747726540747
boot70	0.0787545787545788	0.000205132861967785	0.000207972735445263	0.000204267384031301
boot71	0.0622710622710623	0.000203262139471534	0.000205037636356318	0.00020714258313884
boot72	0.0947802197802198	0.000201972657980764	0.000206085886030941	0.000201233507569171
boot73	0.0622710622710623	0.000207035838300178	0.000208811335184962	0.00020714258313884
boot74	0.0366300366300366	0.00021406717457919	0.000214681533362852	0.000211120556263051
boot75	0.0467032967032967	0.000209070517796819	0.00021006923479451	0.000209629584289951
boot76	0.0837912087912088	0.000201613258092322	0.000204827986421393	0.000203339222300172
boot77	0.0833333333333333	0.000207308843984668	0.000210488534664359	0.000203424560574965
boot78	0.0801282051282051	0.000206081182346504	0.000209020985119886	0.000204016552859159
boot79	0.0824175824175824	0.000205701143842673	0.000208811335184962	0.000203594661163192
boot80	0.0421245421245421	0.000214707643611158	0.000215520133102551	0.000210318818050372
boot81	0.113553113553114	0.000195779249486531	0.000201683237397523	0.00019738042206645
boot82	0.0705128205128205	0.00020905055113635	0.000211327134404057	0.000205736085498493
boot83	0.0787545787545788	0.000206810061447183	0.00020964993492466	0.000204267384031301
boot84	0.0416666666666667	0.000211161161538909	0.000211956084208831	0.000210386685497255
boot85	0.0906593406593407	0.000200435705092449	0.000204199036616619	0.000202036109723889
boot86	0.086996336996337	0.000201572268842224	0.000205037636356318	0.000202736478737264
boot87	0.086996336996337	0.000207442467020115	0.000210907834534208	0.000202736478737264
boot88	0.0416666666666667	0.000208226062449964	0.000209020985119886	0.000210386685497255
boot89	0.0888278388278388	0.000203102022213543	0.000206714835835715	0.000202387830127535
boot90	0.0402930402930403	0.000212680259625073	0.000213423633753304	0.000210589135915183
boot91	0.0384615384615385	0.00020436030579733	0.000205037636356318	0.000210856381986076
boot92	0.0686813186813187	0.000201619881647958	0.00020377973674677	0.000206054016169039
boot93	0.0659340659340659	0.000208498012205294	0.000210488534664359	0.000206525152561259
boot94	0.0773809523809524	0.000208375812403481	0.000211117484469133	0.000204516487319364
boot95	0.0741758241758242	0.000203356981108762	0.000205876236096016	0.000205091008775648
boot96	0.048992673992674	0.0002083412547219	0.000209440284989736	0.000209277767892745
boot97	0.0755494505494505	0.000204730360970927	0.000207343785640489	0.000204845937217103
boot98	0.0604395604395604	0.000206300143656743	0.000207972735445263	0.000207446690736752
boot99	0.0833333333333333	0.000205631644505271	0.000208811335184962	0.000203424560574965
boot100	0.0590659340659341	0.000204907757069709	0.00020650518590079	0.000207672755570428
boot101	0.0627289377289377	0.000204284182904292	0.000206085886030941	0.000207066076271562
boot102	0.092948717948718	0.000215547683254256	0.000219503481866119	0.000201592139509133
boot103	0.0769230769230769	0.000197716015552026	0.000200425337787975	0.000204599137774479
boot104	0.0773809523809524	0.000203344213965289	0.000206085886030941	0.000204516487319364
boot105	0.0924908424908425	0.000204055814225178	0.000207972735445263	0.000201681317526324
boot106	0.081959706959707	0.000201752256767125	0.000204827986421393	0.000203679423476625
boot107	0.0750915750915751	0.000203294393307677	0.000205876236096016	0.000204927819723738
boot108	0.0741758241758242	0.000195809583451475	0.000198328838438729	0.000205091008775648
boot109	0.0654761904761905	0.000205380813333129	0.000207343785640489	0.000206603003338376
boot110	0.0805860805860806	0.000194936042055955	0.000197909538568879	0.000203932558494206
boot111	0.0581501831501832	0.000213342903169388	0.000214891183297777	0.000207822505523946
boot112	0.0627289377289377	0.000212250880431429	0.000214052583558078	0.000207066076271562
boot113	0.0645604395604396	0.000205435337675179	0.000207343785640489	0.000206758128931251
boot114	0.0961538461538462	0.000201642920102345	0.000205876236096016	0.00020096251774944
boot115	0.0796703296703297	0.000201712035465507	0.000204618336486468	0.000204100355236993
boot116	0.0622710622710623	0.000206616538430329	0.000208392035315112	0.00020714258313884
boot117	0.0467032967032967	0.000205296818968175	0.000206295535965866	0.000209629584289951
boot118	0.0828754578754579	0.000202102441273812	0.000205247286291242	0.000203509706862638
boot119	0.0815018315018315	0.000201157576663252	0.000204199036616619	0.000203763993802938
boot120	0.0860805860805861	0.000200386940363996	0.00020377973674677	0.000202909651119408
boot121	0.0897435897435897	0.000206800846065428	0.000210488534664359	0.000202212353899952
boot122	0.0265567765567766	0.000205134013890505	0.000205456936226167	0.000212518606470122
boot123	0.081959706959707	0.000197139958198783	0.00020021568785305	0.000203679423476625
boot124	0.0613553113553114	0.000204571875603454	0.000206295535965866	0.000207295020912036
boot125	0.0883699633699634	0.000194543524389331	0.000198119188503804	0.000202475280260647
boot126	0.0796703296703297	0.000213871731691138	0.000216778032712099	0.000204100355236993
boot127	0.070970695970696	0.0002096498389311	0.000211956084208831	0.000205656122863057
boot128	0.0705128205128205	0.000204018952698158	0.000206295535965866	0.000205736085498493
boot129	0.105769230769231	0.000199705674069051	0.000204827986421393	0.00019901720825711
boot130	0.10989010989011	0.000191541709776223	0.000197070938829181	0.000198157585927783
boot131	0.059981684981685	0.000211985938205975	0.000213633283688229	0.000207522237668431
boot132	0.0851648351648352	0.000201297343286535	0.000204618336486468	0.000203082055553074
boot133	0.0663919413919414	0.00021077641935064	0.00021279468394853	0.000206447109797022
boot134	0.0824175824175824	0.000202766044753727	0.000205876236096016	0.000203594661163192
boot135	0.0746336996336996	0.000197245935088964	0.000199796387983201	0.000205009510243253
boot136	0.0677655677655678	0.000200419194200139	0.000202521837137222	0.000206211829581592
boot137	0.0558608058608059	0.000217026464045242	0.000218455232191496	0.000208193520633141
boot138	0.0654761904761905	0.00021083171164117	0.00021279468394853	0.000206603003338376
boot139	0.0654761904761905	0.000207058012812526	0.000209020985119886	0.000206603003338376
boot140	0.0677655677655678	0.000209643791336824	0.000211746434273907	0.000206211829581592
boot141	0.0645604395604396	0.000210466936113371	0.000212375384078681	0.000206758128931251
boot142	0.0705128205128205	0.000204018952698158	0.000206295535965866	0.000205736085498493
boot143	0.081959706959707	0.000202171556636974	0.000205247286291242	0.000203679423476625
boot144	0.0815018315018315	0.000204092675752198	0.000207134135705564	0.000203763993802938
boot145	0.0146520146520147	0.000215841135567014	0.0002159394329724	0.000214051047661119
boot146	0.0682234432234432	0.000202696833397005	0.000204827986421393	0.000206133018868875
boot147	0.0586080586080586	0.00021143157539728	0.000213004333883455	0.000207747726540747
boot148	0.0860805860805861	0.000205418538802188	0.000208811335184962	0.000202909651119408
boot149	0.0911172161172161	0.000195156347276034	0.000198957788243503	0.000201947699655178
boot150	0.0567765567765568	0.000204819538988118	0.000206295535965866	0.000208045690550823
boot151	0.086996336996337	0.000209958266239211	0.000213423633753304	0.000202736478737264
boot152	0.0517399267399267	0.000206118043873523	0.000207343785640489	0.000208849252641141
boot153	0.0576923076923077	0.000213996139344829	0.000215520133102551	0.000207897092520025
boot154	0.0851648351648352	0.000194169245499097	0.00019749023869903	0.000203082055553074
boot155	0.0677655677655678	0.000203354293289084	0.000205456936226167	0.000206211829581592
boot156	0.0833333333333333	0.000207308843984668	0.000210488534664359	0.000203424560574965
boot157	0.0393772893772894	0.000214390864863332	0.000215100833232701	0.00021072314292487
boot158	0.0723443223443224	0.000203060552995645	0.000205456936226167	0.00020541508303403
boot159	0.0792124542124542	0.00020447079438483	0.000207343785640489	0.000204183965627707
boot160	0.0590659340659341	0.000202391957850613	0.000203989386681694	0.000207672755570428
boot161	0.0746336996336996	0.000196407335349266	0.000198957788243503	0.000205009510243253
boot162	0.0471611721611722	0.000200455191785119	0.000201473587462598	0.00020955960498475
boot163	0.0659340659340659	0.000201369914417855	0.00020336043687692	0.000206525152561259
boot164	0.0531135531135531	0.000213809143890052	0.000215100833232701	0.00020863240318922
boot165	0.0718864468864469	0.000204558340511501	0.00020692448577064	0.000205495621630826
boot166	0.0531135531135531	0.000213809143890052	0.000215100833232701	0.00020863240318922
boot167	0.0682234432234432	0.000196407335349266	0.000198538488373653	0.000206133018868875
boot168	0.0641025641025641	0.000206091261670298	0.000207972735445263	0.000206835403747009
boot169	0.0714285714285714	0.000213184033827676	0.000215520133102551	0.000205575968240501
boot170	0.0805860805860806	0.000196193941665503	0.000199167438178427	0.000203932558494206
boot171	0.0293040293040293	0.000214707643611158	0.000215100833232701	0.000212146535431767
boot172	0.0631868131868132	0.000206563933959478	0.000208392035315112	0.000206989377417164
boot173	0.0663919413919414	0.000204486921302901	0.00020650518590079	0.000206447109797022
boot174	0.0700549450549451	0.000206773871875083	0.000209020985119886	0.00020581585614681
boot175	0.076007326007326	0.000200715238339016	0.00020336043687692	0.000204763862723348
boot176	0.0718864468864469	0.000204977640381351	0.000207343785640489	0.000205495621630826
boot177	0.0888278388278388	0.000195554624556255	0.000199167438178427	0.000202387830127535
boot178	0.0576923076923077	0.000206029441817692	0.000207553435575414	0.000207897092520025
boot179	0.0645604395604396	0.000210466936113371	0.000212375384078681	0.000206758128931251
boot180	0.0897435897435897	0.000202188547497085	0.000205876236096016	0.000202212353899952
boot181	0.0801282051282051	0.000201049583908312	0.000203989386681694	0.000204016552859159
boot182	0.0828754578754579	0.000206714739842155	0.000209859584859585	0.000203509706862638
boot183	0.0499084249084249	0.000206203286154756	0.000207343785640489	0.000209135697424023
boot184	0.0728021978021978	0.00019527307544493	0.000197699888633955	0.000205334352450114
boot185	0.0837912087912088	0.000197420259393828	0.0002006349877229	0.000203339222300172
boot186	0.0989010989010989	0.000202655460172668	0.000207134135705564	0.000200415354457741
boot187	0.0943223443223443	0.000204737752475043	0.000208811335184962	0.000201323453534841
boot188	0.059981684981685	0.000199826241980345	0.000201473587462598	0.000207522237668431
boot189	0.0888278388278388	0.000193877425076858	0.00019749023869903	0.000202387830127535
boot190	0.0673076923076923	0.000204011561194042	0.000206085886030941	0.000206290448307188
boot191	0.0641025641025641	0.000203156162581353	0.000205037636356318	0.000206835403747009
boot192	0.0663919413919414	0.000207841320261695	0.000209859584859585	0.000206447109797022
boot193	0.0384615384615385	0.000207295404886276	0.000207972735445263	0.000210856381986076
boot194	0.0521978021978022	0.000204628703790943	0.000205876236096016	0.00020877716147762
boot195	0.0622710622710623	0.000202004239861987	0.00020377973674677	0.00020714258313884
boot196	0.0673076923076923	0.00020526946080359	0.000207343785640489	0.000206290448307188
boot197	0.0627289377289377	0.000208057881732936	0.000209859584859585	0.000207066076271562
boot198	0.101648351648352	0.000203661088706675	0.000208392035315112	0.000199861279629725
boot199	0.0613553113553114	0.000208764874301947	0.000210488534664359	0.000207295020912036
boot200	0.0824175824175824	0.000201508145144179	0.000204618336486468	0.000203594661163192
boot201	0.0641025641025641	0.000205671961800449	0.000207553435575414	0.000206835403747009
boot202	0.0384615384615385	0.000212746303194317	0.000213423633753304	0.000210856381986076
boot203	0.0851648351648352	0.000205071042115179	0.000208392035315112	0.000203082055553074
boot204	0.0586080586080586	0.000213528074746527	0.000215100833232701	0.000207747726540747
boot205	0.0618131868131868	0.000208110102229547	0.000209859584859585	0.000207218898018998
boot206	0.0457875457875458	0.000204077700756846	0.000205037636356318	0.000209768966938995
boot207	0.0773809523809524	0.000203763513835139	0.00020650518590079	0.000204516487319364
boot208	0.0695970695970696	0.000204916300496544	0.000207134135705564	0.000205895434808006
boot209	0.0750915750915751	0.000205810192526773	0.000208392035315112	0.000204927819723738
boot210	0.0792124542124542	0.000205309394124528	0.000208182385380188	0.000204183965627707
boot211	0.054029304029304	0.000207055420986408	0.000208392035315112	0.00020848687695234
boot212	0.0815018315018315	0.000199899677053704	0.000202941137007071	0.000203763993802938
boot213	0.0682234432234432	0.000207728431835197	0.000209859584859585	0.000206133018868875
boot214	0.0503663003663004	0.000211004212068395	0.000212165734143756	0.000209064374208982
boot215	0.086996336996337	0.000205765267540717	0.000209230635054811	0.000202736478737264
boot216	0.0668498168498168	0.000208023036070675	0.00021006923479451	0.000206368875045665
boot217	0.0837912087912088	0.000209999255489308	0.000213213983818379	0.000203339222300172
boot218	0.0956959706959707	0.000200215591859491	0.000204408686551544	0.00020105303967647
boot219	0.0581501831501832	0.000203279706293005	0.000204827986421393	0.000207822505523946
boot220	0.0741758241758242	0.000202099081499214	0.000204618336486468	0.000205091008775648
boot221	0.0778388278388278	0.000202682722343693	0.000205456936226167	0.00020443364487713
boot222	0.0732600732600733	0.000211804798358355	0.000214262233493003	0.000205253429879079
boot223	0.0631868131868132	0.000209918332918273	0.000211746434273907	0.000206989377417164
boot224	0.086996336996337	0.000203668768191471	0.000207134135705564	0.000202736478737264
boot225	0.0828754578754579	0.000210488438670799	0.000213633283688229	0.000203509706862638
boot226	0.0879120879120879	0.000195628731584534	0.000199167438178427	0.000202562538406639
boot227	0.0608974358974359	0.000210258054126926	0.000211956084208831	0.000207370951817954
boot228	0.0943223443223443	0.000198448254427303	0.000202521837137222	0.000201323453534841
boot229	0.0732600732600733	0.000200483701872423	0.000202941137007071	0.000205253429879079
boot230	0.0883699633699634	0.000209219019834057	0.00021279468394853	0.000202475280260647
boot231	0.0732600732600733	0.00020258020122167	0.000205037636356318	0.000205253429879079
boot232	0.0659340659340659	0.000211852411164088	0.000213842933623153	0.000206525152561259
boot233	0.0627289377289377	0.000206380682253539	0.000208182385380188	0.000207066076271562
boot234	0.0467032967032967	0.000203200319618928	0.000204199036616619	0.000209629584289951
boot235	0.0471611721611722	0.000212614888010749	0.000213633283688229	0.00020955960498475
boot236	0.0700549450549451	0.000212224770183124	0.000214471883427927	0.00020581585614681
boot237	0.0796703296703297	0.000204647134554453	0.000207553435575414	0.000204100355236993
boot238	0.0805860805860806	0.000198709740884599	0.000201683237397523	0.000203932558494206
boot239	0.0567765567765568	0.000207335338207214	0.000208811335184962	0.000208045690550823
boot240	0.0746336996336996	0.000203954733006553	0.00020650518590079	0.000205009510243253
boot241	0.0847069597069597	0.000204058406051296	0.000207343785640489	0.000203167969789226
boot242	0.108974358974359	0.000196665078057724	0.000202102537267372	0.000198349957021917
boot243	0.0576923076923077	0.000206868041557391	0.000208392035315112	0.000207897092520025
boot244	0.0622710622710623	0.000207874438039877	0.00020964993492466	0.00020714258313884
boot245	0.0521978021978022	0.000203790104051244	0.000205037636356318	0.00020877716147762
boot246	0.0485347985347985	0.000214441549462984	0.000215520133102551	0.000209348515146426
boot247	0.100274725274725	0.000196869640333971	0.000201473587462598	0.000200139180985773
boot248	0.0911172161172161	0.000206058143892116	0.000209859584859585	0.000201947699655178
boot249	0.0576923076923077	0.00020141714324935	0.000202941137007071	0.000207897092520025
boot250	0.0663919413919414	0.00021119571922049	0.000213213983818379	0.000206447109797022
boot251	0.0888278388278388	0.000194716024816556	0.000198328838438729	0.000202387830127535
boot252	0.0970695970695971	0.000206593499975942	0.000210907834534208	0.00020078089793402
boot253	0.0700549450549451	0.000210547570703726	0.00021279468394853	0.00020581585614681
boot254	0.032051282051282	0.000211695365700015	0.000212165734143756	0.000211767552857095
boot255	0.0924908424908425	0.000196927716437739	0.000200844637657824	0.000201681317526324
boot256	0.0737179487179487	0.000198985338395207	0.000201473587462598	0.000205172315320924
boot257	0.0641025641025641	0.000203575462451202	0.000205456936226167	0.000206835403747009
boot258	0.0792124542124542	0.000205309394124528	0.000208182385380188	0.000204183965627707
boot259	0.0393772893772894	0.000212713665383935	0.000213423633753304	0.00021072314292487
boot260	0.0755494505494505	0.000203891761231228	0.00020650518590079	0.000204845937217103
boot261	0.0302197802197802	0.000204200188539338	0.000204618336486468	0.000212020975855356
boot262	0.081043956043956	0.000202659203921506	0.000205666586161092	0.000203848372142132
boot263	0.0705128205128205	0.000206954051787103	0.000209230635054811	0.000205736085498493
boot264	0.0531135531135531	0.000207938945712162	0.000209230635054811	0.00020863240318922
boot265	0.0659340659340659	0.000210175211684691	0.000212165734143756	0.000206525152561259
boot266	0.0517399267399267	0.000201505745305181	0.000202731487072146	0.000208849252641141
boot267	0.070970695970696	0.000206295439972306	0.000208601685250037	0.000205656122863057
boot268	0.0686813186813187	0.000210844478784643	0.000213004333883455	0.000206054016169039
boot269	0.0663919413919414	0.000203648321563202	0.000205666586161092	0.000206447109797022
boot270	0.0741758241758242	0.000200841181889666	0.00020336043687692	0.000205091008775648
boot271	0.0938644688644689	0.000205825455502804	0.000209859584859585	0.000201413207513392
boot272	0.0860805860805861	0.000205837838672037	0.000209230635054811	0.000202909651119408
boot273	0.0636446886446886	0.000200876795500407	0.000202731487072146	0.000206912486575646
boot274	0.0467032967032967	0.000200265220529983	0.000201263937527674	0.000209629584289951
boot275	0.0590659340659341	0.000213713054336545	0.000215310483167626	0.000207672755570428
boot276	0.0732600732600733	0.00020845039939956	0.000210907834534208	0.000205253429879079
boot277	0.0750915750915751	0.000203713693177526	0.000206295535965866	0.000204927819723738
boot278	0.0613553113553114	0.000202475376254207	0.000204199036616619	0.000207295020912036
boot279	0.0705128205128205	0.000205276852307706	0.000207553435575414	0.000205736085498493
boot280	0.0792124542124542	0.000201535695295884	0.000204408686551544	0.000204183965627707
boot281	0.0778388278388278	0.000207295020912036	0.00021006923479451	0.00020443364487713
boot282	0.059981684981685	0.000205277140288386	0.00020692448577064	0.000207522237668431
boot283	0.0787545787545788	0.000204294262228087	0.000207134135705564	0.000204267384031301
boot284	0.0572344322344322	0.000207101785875862	0.000208601685250037	0.000207971487528984
boot285	0.0833333333333333	0.000195149147759038	0.000198328838438729	0.000203424560574965
boot286	0.0471611721611722	0.000210937688531352	0.000211956084208831	0.00020955960498475
boot287	0.0851648351648352	0.000198781544067439	0.000202102537267372	0.000203082055553074
boot288	0.0494505494505494	0.000211046065260532	0.000212165734143756	0.000209206828651944
boot289	0.081959706959707	0.000200075057287728	0.000203150786941996	0.000203679423476625
boot290	0.0879120879120879	0.000206530528200616	0.00021006923479451	0.000202562538406639
boot291	0.0622710622710623	0.000200746340252439	0.000202521837137222	0.00020714258313884
boot292	0.0741758241758242	0.000209227179286653	0.000211746434273907	0.000205091008775648
boot293	0.0586080586080586	0.000205980677089239	0.000207553435575414	0.000207747726540747
boot294	0.086996336996337	0.000205345967670868	0.000208811335184962	0.000202736478737264
boot295	0.0970695970695971	0.000204916300496544	0.000209230635054811	0.00020078089793402
boot296	0.065018315018315	0.00020477922169294	0.000206714835835715	0.000206680662128374
boot297	0.0554029304029304	0.000210550642497645	0.000211956084208831	0.000208267147693621
boot298	0.0764652014652015	0.00020592452085667	0.000208601685250037	0.000204681596242474
boot299	0.0558608058608059	0.000197319370162324	0.000198748138308578	0.000208193520633141
boot300	0.0874542124542124	0.000205938343929302	0.000209440284989736	0.000202649604565511
boot301	0.0874542124542124	0.000205938343929302	0.000209440284989736	0.000202649604565511
boot302	0.0842490842490843	0.000200529778781198	0.00020377973674677	0.000203253692038259
boot303	0.0695970695970696	0.000199046102318654	0.000201263937527674	0.000205895434808006
boot304	0.0590659340659341	0.000207004256418956	0.000208601685250037	0.000207672755570428
boot305	0.0737179487179487	0.000205694136312796	0.000208182385380188	0.000205172315320924
boot306	0.0902014652014652	0.000195651674045361	0.000199377088113352	0.00020212432780548
boot307	0.0773809523809524	0.000203344213965289	0.000206085886030941	0.000204516487319364
boot308	0.0654761904761905	0.000211251011511019	0.000213213983818379	0.000206603003338376
boot309	0.0828754578754579	0.000202941041013511	0.000206085886030941	0.000203509706862638
boot310	0.0645604395604396	0.000207531837024425	0.000209440284989736	0.000206758128931251
boot311	0.0544871794871795	0.000206403720707926	0.000207763085510338	0.00020841382585322
boot312	0.0815018315018315	0.000206189175101444	0.000209230635054811	0.000203763993802938
boot313	0.0544871794871795	0.000208919519927022	0.000210278884729434	0.00020841382585322
boot314	0.086996336996337	0.000200314369232676	0.00020377973674677	0.000202736478737264
boot315	0.0778388278388278	0.000205617821432638	0.000208392035315112	0.00020443364487713
boot316	0.0686813186813187	0.000208328679565547	0.000210488534664359	0.000206054016169039
boot317	0.0654761904761905	0.000215863310079362	0.000217826282386722	0.000206603003338376
boot318	0.048992673992674	0.000209179854461599	0.000210278884729434	0.000209277767892745
boot319	0.0370879120879121	0.000209649070982621	0.000210278884729434	0.000211054800674487
boot320	0.0622710622710623	0.000206616538430329	0.000208392035315112	0.00020714258313884
boot321	0.0549450549450549	0.000203655329093078	0.000205037636356318	0.000208340582766981
boot322	0.0787545787545788	0.000200939863269292	0.00020377973674677	0.000204267384031301
boot323	0.0755494505494505	0.000208084759929721	0.000210698184599283	0.000204845937217103
boot324	0.0659340659340659	0.000207659412465595	0.00020964993492466	0.000206525152561259
boot325	0.0535714285714286	0.000207706929277769	0.000209020985119886	0.00020855973606434
boot326	0.0956959706959707	0.000190571694852956	0.000194764789545009	0.00020105303967647
boot327	0.0746336996336996	0.000205212632616101	0.000207763085510338	0.000205009510243253
boot328	0.0943223443223443	0.000199706154036851	0.00020377973674677	0.000201323453534841
boot329	0.0888278388278388	0.000201844122603995	0.000205456936226167	0.000202387830127535
boot330	0.0773809523809524	0.000203344213965289	0.000206085886030941	0.000204516487319364
boot331	0.0608974358974359	0.000203129956339487	0.000204827986421393	0.000207370951817954
boot332	0.0924908424908425	0.000205733013704575	0.00020964993492466	0.000201681317526324
boot333	0.0764652014652015	0.000198796423069231	0.000201473587462598	0.000204681596242474
boot334	0.043956043956044	0.00021295825697468	0.000213842933623153	0.000210045428391643
boot335	0.0778388278388278	0.000208972220391433	0.000211746434273907	0.00020443364487713
boot336	0.0677655677655678	0.000206289392378029	0.000208392035315112	0.000206211829581592
boot337	0.0554029304029304	0.000205938343929302	0.000207343785640489	0.000208267147693621
boot338	0.0563186813186813	0.000207987998421295	0.000209440284989736	0.000208119701585542
boot339	0.0691391941391941	0.000208509435438928	0.000210698184599283	0.000205974821482082
boot340	0.059981684981685	0.000215759637034619	0.000217406982516873	0.000207522237668431
boot341	0.0663919413919414	0.000215388717918983	0.000217406982516873	0.000206447109797022
boot342	0.0842490842490843	0.000200529778781198	0.00020377973674677	0.000203253692038259
boot343	0.0659340659340659	0.000206401512856047	0.000208392035315112	0.000206525152561259
boot344	0.0769230769230769	0.000199812514901272	0.000202521837137222	0.000204599137774479
boot345	0.0663919413919414	0.000207422020391846	0.000209440284989736	0.000206447109797022
boot346	0.0618131868131868	0.00020056270457226	0.000202312187202297	0.000207218898018998
boot347	0.081043956043956	0.000206013602880301	0.000209020985119886	0.000203848372142132
boot348	0.118131868131868	0.000193197022723952	0.000199586738048277	0.000196391688398994
boot349	0.0631868131868132	0.00021159553239767	0.000213423633753304	0.000206989377417164
boot350	0.081043956043956	0.000207690802359698	0.000210698184599283	0.000203848372142132
boot351	0.0732600732600733	0.000205934600180464	0.000208392035315112	0.000205253429879079
boot352	0.0732600732600733	0.000204676700570916	0.000207134135705564	0.000205253429879079
boot353	0.076007326007326	0.000207424036256605	0.00021006923479451	0.000204763862723348
boot354	0.0805860805860806	0.000201644839973544	0.000204618336486468	0.000203932558494206
boot355	0.0970695970695971	0.000200723301798051	0.000205037636356318	0.00020078089793402
boot356	0.0521978021978022	0.000205886603400491	0.000207134135705564	0.00020877716147762
boot357	0.0805860805860806	0.000205418538802188	0.000208392035315112	0.000203932558494206
boot358	0.070970695970696	0.000208391939321552	0.000210698184599283	0.000205656122863057
boot359	0.0769230769230769	0.000203166913860067	0.000205876236096016	0.000204599137774479
boot360	0.0434981684981685	0.000211089742330308	0.000211956084208831	0.000210114063787005
boot361	0.0746336996336996	0.0002060512323558	0.000208601685250037	0.000205009510243253
boot362	0.0645604395604396	0.000209628336373672	0.000211536784338982	0.000206758128931251
boot363	0.081959706959707	0.000209299654424413	0.000212375384078681	0.000203679423476625
boot364	0.0723443223443224	0.000207672851563988	0.00021006923479451	0.00020541508303403
boot365	0.0847069597069597	0.000212444403448283	0.000215729783037475	0.000203167969789226
boot366	0.054029304029304	0.000202862422287914	0.000204199036616619	0.00020848687695234
boot367	0.0906593406593407	0.000200435705092449	0.000204199036616619	0.000202036109723889
boot368	0.0737179487179487	0.000207790635662043	0.000210278884729434	0.000205172315320924
boot369	0.086996336996337	0.000201572268842224	0.000205037636356318	0.000202736478737264
boot370	0.0508241758241758	0.000204903149378832	0.000206085886030941	0.000208992859006822
boot371	0.0943223443223443	0.000191739456509714	0.000195813039219633	0.000201323453534841
boot372	0.0338827838827839	0.000206189175101444	0.000206714835835715	0.000211511058064916
boot373	0.0636446886446886	0.000200876795500407	0.000202731487072146	0.000206912486575646
boot374	0.101648351648352	0.000201564589357428	0.000206295535965866	0.000199861279629725
boot375	0.0778388278388278	0.000206037121302488	0.000208811335184962	0.00020443364487713
boot376	0.0677655677655678	0.000209224491466974	0.000211327134404057	0.000206211829581592
boot377	0.0833333333333333	0.000204373744895723	0.000207553435575414	0.000203424560574965
boot378	0.081959706959707	0.000199236457548029	0.000202312187202297	0.000203679423476625
boot379	0.0544871794871795	0.00021646691758431	0.000217826282386722	0.00020841382585322
boot380	0.0521978021978022	0.000215111200537176	0.000216358732842249	0.00020877716147762
boot381	0.0943223443223443	0.000196351755078056	0.000200425337787975	0.000201323453534841
boot382	0.0865384615384615	0.000207688498514259	0.000211117484469133	0.000202823160921896
boot383	0.0531135531135531	0.000200810847924723	0.000202102537267372	0.00020863240318922
boot384	0.0782967032967033	0.000204956137823923	0.000207763085510338	0.000204350610447776
boot385	0.043956043956044	0.000204572259577694	0.000205456936226167	0.000210045428391643
boot386	0.0741758241758242	0.000199163982410269	0.000201683237397523	0.000205091008775648
boot387	0.0567765567765568	0.000210689737166008	0.000212165734143756	0.000208045690550823
boot388	0.070970695970696	0.000215520037108991	0.000217826282386722	0.000205656122863057
boot389	0.0879120879120879	0.000201498929762425	0.000205037636356318	0.000202562538406639
boot390	0.0773809523809524	0.000194958216568303	0.000197699888633955	0.000204516487319364
boot391	0.065018315018315	0.000206875721042186	0.000208811335184962	0.000206680662128374
boot392	0.0915750915750916	0.000202455793567978	0.000206295535965866	0.000201859097599346
boot393	0.0608974358974359	0.000206484355298282	0.000208182385380188	0.000207370951817954
boot394	0.102564102564103	0.000196028064793914	0.000200844637657824	0.000199675052123428
boot395	0.0622710622710623	0.000211648136868521	0.000213423633753304	0.00020714258313884
boot396	0.0746336996336996	0.000209824931184444	0.000212375384078681	0.000205009510243253
boot397	0.081959706959707	0.000203010156376673	0.000206085886030941	0.000203679423476625
boot398	0.0842490842490843	0.000209335076048033	0.000212585034013605	0.000203253692038259
boot399	0.0792124542124542	0.000199439195946638	0.000202312187202297	0.000204183965627707
boot400	0.0673076923076923	0.000208623859762385	0.000210698184599283	0.000206290448307188
boot401	0.0769230769230769	0.000207779212428409	0.000210488534664359	0.000204599137774479
boot402	0.0590659340659341	0.000211616554987298	0.000213213983818379	0.000207672755570428
boot403	0.081959706959707	0.000203010156376673	0.000206085886030941	0.000203679423476625
boot404	0.081043956043956	0.000202239904051657	0.000205247286291242	0.000203848372142132
boot405	0.0897435897435897	0.00019925344840814	0.000202941137007071	0.000202212353899952
boot406	0.0837912087912088	0.00020287115770187	0.000206085886030941	0.000203339222300172
boot407	0.0943223443223443	0.000194674555598659	0.000198748138308578	0.000201323453534841
boot408	0.0842490842490843	0.000211850875267129	0.000215100833232701	0.000203253692038259
boot409	0.0714285714285714	0.000208571735259333	0.000210907834534208	0.000205575968240501
boot410	0.0705128205128205	0.000212404950095145	0.000214681533362852	0.000205736085498493
boot411	0.0695970695970696	0.000202819801147298	0.000205037636356318	0.000205895434808006
boot412	0.0924908424908425	0.000206990913314123	0.000210907834534208	0.000201681317526324
boot413	0.0288461538461538	0.00021199438563925	0.000212375384078681	0.000212209027239292
boot414	0.0851648351648352	0.000206748241594577	0.00021006923479451	0.000203082055553074
boot415	0.086996336996337	0.000206603867280416	0.00021006923479451	0.000202736478737264
boot416	0.0792124542124542	0.000203212894775282	0.000206085886030941	0.000204183965627707
boot417	0.0608974358974359	0.000208580854647528	0.000210278884729434	0.000207370951817954
boot418	0.0499084249084249	0.000211654184462798	0.00021279468394853	0.000209135697424023
boot419	0.0686813186813187	0.000207070779955999	0.000209230635054811	0.000206054016169039
boot420	0.0824175824175824	0.000205701143842673	0.000208811335184962	0.000203594661163192
boot421	0.0746336996336996	0.000208567031574896	0.000211117484469133	0.000205009510243253
boot422	0.0389194139194139	0.000215874829306556	0.000216568382777174	0.000210789858449033
boot423	0.0682234432234432	0.000204793332746252	0.00020692448577064	0.000206133018868875
boot424	0.0576923076923077	0.000203932942468445	0.000205456936226167	0.000207897092520025
boot425	0.0448717948717949	0.000209566612514626	0.000210488534664359	0.000209907581639558
boot426	0.0691391941391941	0.000209767335048476	0.000211956084208831	0.000205974821482082
boot427	0.0824175824175824	0.00020108884527433	0.000204199036616619	0.000203594661163192
boot428	0.0938644688644689	0.000206664055242503	0.000210698184599283	0.000201413207513392
boot429	0.0773809523809524	0.000202505614225591	0.000205247286291242	0.000204516487319364
boot430	0.059981684981685	0.000204019240678838	0.000205666586161092	0.000207522237668431
boot431	0.0512820512820513	0.000204252793010189	0.000205456936226167	0.000208921151817541
boot432	0.0700549450549451	0.000203838772786137	0.000206085886030941	0.00020581585614681
boot433	0.0847069597069597	0.000196511008394009	0.000199796387983201	0.000203167969789226
boot434	0.0764652014652015	0.000204666621247122	0.000207343785640489	0.000204681596242474
boot435	0.0544871794871795	0.000211854619015967	0.000213213983818379	0.00020841382585322
boot436	0.0984432234432234	0.000199552084373136	0.000203989386681694	0.00020050702830749
boot437	0.0737179487179487	0.000210725734750988	0.000213213983818379	0.000205172315320924
boot438	0.0892857142857143	0.000204951530133045	0.000208601685250037	0.000202300188007304
boot439	0.0480769230769231	0.000205027557032523	0.000206085886030941	0.000209419070412987
boot440	0.0700549450549451	0.000203000173046439	0.000205247286291242	0.00020581585614681
boot441	0.0984432234432234	0.000201648583722382	0.000206085886030941	0.00020050702830749
boot442	0.0700549450549451	0.000202580873176589	0.000204827986421393	0.00020581585614681
boot443	0.0705128205128205	0.000205276852307706	0.000207553435575414	0.000205736085498493
boot444	0.0576923076923077	0.000211061040255884	0.000212585034013605	0.000207897092520025
boot445	0.0467032967032967	0.000211586317015915	0.000212585034013605	0.000209629584289951
boot446	0.0663919413919414	0.000211615019090339	0.000213633283688229	0.000206447109797022
boot447	0.0805860805860806	0.000208353637891133	0.000211327134404057	0.000203932558494206
boot448	0.0718864468864469	0.000194914443504967	0.000197280588764105	0.000205495621630826
boot449	0.0531135531135531	0.000205842446362915	0.000207134135705564	0.00020863240318922
boot450	0.0764652014652015	0.000206343820726519	0.000209020985119886	0.000204681596242474
boot451	0.0641025641025641	0.000208187761019545	0.00021006923479451	0.000206835403747009
boot452	0.0723443223443224	0.000202221953255947	0.000204618336486468	0.00020541508303403
boot453	0.0370879120879121	0.000218035068379607	0.000218664882126421	0.000211054800674487
boot454	0.0531135531135531	0.000212131944410655	0.000213423633753304	0.00020863240318922
boot455	0.0865384615384615	0.000208107798384109	0.000211536784338982	0.000202823160921896
boot456	0.0567765567765568	0.00020985113742631	0.000211327134404057	0.000208045690550823
boot457	0.0915750915750916	0.000204132993047375	0.000207972735445263	0.000201859097599346
boot458	0.0842490842490843	0.000212689475006828	0.0002159394329724	0.000203253692038259
boot459	0.0961538461538462	0.000198288521143551	0.000202521837137222	0.00020096251774944
boot460	0.0737179487179487	0.000205274836442947	0.000207763085510338	0.000205172315320924
boot461	0.0773809523809524	0.000208375812403481	0.000211117484469133	0.000204516487319364
boot462	0.0467032967032967	0.000206974018447572	0.000207972735445263	0.000209629584289951
boot463	0.065018315018315	0.000203102022213543	0.000205037636356318	0.000206680662128374
boot464	0.0691391941391941	0.000211444534527873	0.000213633283688229	0.000205974821482082
boot465	0.0764652014652015	0.000203408721637574	0.000206085886030941	0.000204681596242474
boot466	0.0851648351648352	0.000199620143807138	0.000202941137007071	0.000203082055553074
boot467	0.0741758241758242	0.000201260481759516	0.00020377973674677	0.000205091008775648
boot468	0.0911172161172161	0.000200607245584075	0.000204408686551544	0.000201947699655178
boot469	0.0943223443223443	0.000207253551694139	0.000211327134404057	0.000201323453534841
boot470	0.0732600732600733	0.00020845039939956	0.000210907834534208	0.000205253429879079
boot471	0.076007326007326	0.000203231037558112	0.000205876236096016	0.000204763862723348
boot472	0.0535714285714286	0.000210222728496865	0.000211536784338982	0.00020855973606434
boot473	0.0645604395604396	0.000204177438065631	0.000206085886030941	0.000206758128931251
boot474	0.0828754578754579	0.000208811239191402	0.000211956084208831	0.000203509706862638
boot475	0.0837912087912088	0.000209579955619459	0.00021279468394853	0.000203339222300172
boot476	0.0668498168498168	0.000211796734899319	0.000213842933623153	0.000206368875045665
boot477	0.0581501831501832	0.000209569204340745	0.000211117484469133	0.000207822505523946
boot478	0.065018315018315	0.00021106871974068	0.000213004333883455	0.000206680662128374
boot479	0.0503663003663004	0.000215616510636738	0.000216778032712099	0.000209064374208982
boot480	0.0984432234432234	0.000195778385544492	0.00020021568785305	0.00020050702830749
boot481	0.0837912087912088	0.000200355358482774	0.000203570086811845	0.000203339222300172
boot482	0.0773809523809524	0.000210053011882878	0.00021279468394853	0.000204516487319364
boot483	0.0631868131868132	0.000204048134740382	0.000205876236096016	0.000206989377417164
boot484	0.0888278388278388	0.000202682722343693	0.000206295535965866	0.000202387830127535
boot485	0.0892857142857143	0.000194888333256661	0.000198538488373653	0.000202300188007304
boot486	0.0897435897435897	0.000200511348017688	0.000204199036616619	0.000202212353899952
boot487	0.0837912087912088	0.00020874135587976	0.000211956084208831	0.000203339222300172
boot488	0.0586080586080586	0.000206399976959088	0.000207972735445263	0.000207747726540747
boot489	0.105311355311355	0.000196185878206468	0.000201263937527674	0.000199111761913658
boot490	0.0824175824175824	0.000202766044753727	0.000205876236096016	0.000203594661163192
boot491	0.0750915750915751	0.000209583891355417	0.000212165734143756	0.000204927819723738
boot492	0.0956959706959707	0.000205666490167532	0.000209859584859585	0.00020105303967647
boot493	0.0787545787545788	0.000205132861967785	0.000207972735445263	0.000204267384031301
boot494	0.101190476190476	0.000192592167302725	0.000197280588764105	0.000199954105402194
boot495	0.0879120879120879	0.000203595429111671	0.000207134135705564	0.000202562538406639
boot496	0.0499084249084249	0.000206203286154756	0.000207343785640489	0.000209135697424023
boot497	0.0554029304029304	0.000210131342627795	0.000211536784338982	0.000208267147693621
boot498	0.0737179487179487	0.00020946783514144	0.000211956084208831	0.000205172315320924
boot499	0.0622710622710623	0.000209551637519274	0.000211327134404057	0.00020714258313884
boot500	0.0746336996336996	0.000198923134568362	0.000201473587462598	0.000205009510243253
boot501	0.0499084249084249	0.000206622586024606	0.000207763085510338	0.000209135697424023
boot502	0.0737179487179487	0.000210725734750988	0.000213213983818379	0.000205172315320924
boot503	0.0302197802197802	0.000207135287628284	0.000207553435575414	0.000212020975855356
boot504	0.0874542124542124	0.000203422544710206	0.00020692448577064	0.000202649604565511
boot505	0.0874542124542124	0.000202164645100658	0.000205666586161092	0.000202649604565511
boot506	0.0622710622710623	0.000202004239861987	0.00020377973674677	0.00020714258313884
boot507	0.0764652014652015	0.000203408721637574	0.000206085886030941	0.000204681596242474
boot508	0.0645604395604396	0.000207531837024425	0.000209440284989736	0.000206758128931251
boot509	0.0879120879120879	0.000201918229632274	0.000205456936226167	0.000202562538406639
boot510	0.100274725274725	0.000199804739422917	0.000204408686551544	0.000200139180985773
boot511	0.0778388278388278	0.000198909023515049	0.000201683237397523	0.00020443364487713
boot512	0.0856227106227106	0.000203986986842696	0.000207343785640489	0.000202995949329801
boot513	0.0581501831501832	0.000215439402518635	0.000216987682647023	0.000207822505523946
boot514	0.0732600732600733	0.00019629070317393	0.000198748138308578	0.000205253429879079
boot515	0.0723443223443224	0.000202221953255947	0.000204618336486468	0.00020541508303403
boot516	0.0828754578754579	0.000198748042315018	0.000201892887332448	0.000203509706862638
boot517	0.0645604395604396	0.000210047636243521	0.000211956084208831	0.000206758128931251
boot518	0.0737179487179487	0.000208629235401742	0.000211117484469133	0.000205172315320924
boot519	0.0508241758241758	0.000206580348858229	0.000207763085510338	0.000208992859006822
boot520	0.0618131868131868	0.000206013602880301	0.000207763085510338	0.000207218898018998
boot521	0.0741758241758242	0.000203776280978612	0.000206295535965866	0.000205091008775648
boot522	0.0778388278388278	0.000205617821432638	0.000208392035315112	0.00020443364487713
boot523	0.0572344322344322	0.00020835968548541	0.000209859584859585	0.000207971487528984
boot524	0.0691391941391941	0.000205155036480133	0.000207343785640489	0.000205974821482082
boot525	0.0595238095238095	0.000205931144412306	0.000207553435575414	0.000207597592612989
boot526	0.0824175824175824	0.000210732742280865	0.000213842933623153	0.000203594661163192
boot527	0.081959706959707	0.00019881715767818	0.000201892887332448	0.000203679423476625
boot528	0.0389194139194139	0.000210843230868364	0.000211536784338982	0.000210789858449033
boot529	0.0801282051282051	0.000206500482216353	0.000209440284989736	0.000204016552859159
boot530	0.0695970695970696	0.000206593499975942	0.000208811335184962	0.000205895434808006
boot531	0.0535714285714286	0.000190934934483796	0.000192248990325913	0.00020855973606434
boot532	0.0663919413919414	0.000208679920001394	0.000210698184599283	0.000206447109797022
boot533	0.0787545787545788	0.000205132861967785	0.000207972735445263	0.000204267384031301
boot534	0.0485347985347985	0.000206055552065998	0.000207134135705564	0.000209348515146426
boot535	0.0480769230769231	0.000201673158073729	0.000202731487072146	0.000209419070412987
boot536	0.086996336996337	0.000203249468321621	0.000206714835835715	0.000202736478737264
boot537	0.0828754578754579	0.000201683141403963	0.000204827986421393	0.000203509706862638
boot538	0.0943223443223443	0.000198028954557454	0.000202102537267372	0.000201323453534841
boot539	0.0837912087912088	0.000197839559263678	0.000201054287592749	0.000203339222300172
boot540	0.0874542124542124	0.000202583944970508	0.000206085886030941	0.000202649604565511
boot541	0.0723443223443224	0.000205157052344892	0.000207553435575414	0.00020541508303403
boot542	0.0581501831501832	0.000199086707594512	0.0002006349877229	0.000207822505523946
boot543	0.0631868131868132	0.000209499033048423	0.000211327134404057	0.000206989377417164
boot544	0.0608974358974359	0.00020774225490783	0.000209440284989736	0.000207370951817954
boot545	0.0645604395604396	0.000199984439367138	0.000201892887332448	0.000206758128931251
boot546	0.0595238095238095	0.000208027643761553	0.00020964993492466	0.000207597592612989
boot547	0.0792124542124542	0.000194826897378295	0.000197699888633955	0.000204183965627707
boot548	0.0686813186813187	0.000204135680867054	0.000206295535965866	0.000206054016169039
boot549	0.0526556776556777	0.000209428669768982	0.000210698184599283	0.00020870487832698
boot550	0.0728021978021978	0.000205336272321313	0.000207763085510338	0.000205334352450114
boot551	0.054029304029304	0.000204120321897462	0.000205456936226167	0.00020848687695234
boot552	0.0366300366300366	0.000213228574839491	0.000213842933623153	0.000211120556263051
boot553	0.0728021978021978	0.000199046774273574	0.000201473587462598	0.000205334352450114
boot554	0.0874542124542124	0.000208034843278549	0.000211536784338982	0.000202649604565511
boot555	0.0645604395604396	0.000208370436764124	0.000210278884729434	0.000206758128931251
boot556	0.0737179487179487	0.000198146738655509	0.0002006349877229	0.000205172315320924
boot557	0.0787545787545788	0.00020848726092658	0.000211327134404057	0.000204267384031301
boot558	0.113553113553114	0.000197456448965928	0.00020336043687692	0.00019738042206645
boot559	0.0586080586080586	0.000213947374616376	0.000215520133102551	0.000207747726540747
boot560	0.0746336996336996	0.000200600334047759	0.000203150786941996	0.000205009510243253
boot561	0.0494505494505494	0.000203917967473094	0.000205037636356318	0.000209206828651944
boot562	0.0682234432234432	0.000197665234958814	0.000199796387983201	0.000206133018868875
boot563	0.0645604395604396	0.000212144135592768	0.000214052583558078	0.000206758128931251
boot564	0.0517399267399267	0.00020192504517503	0.000203150786941996	0.000208849252641141
boot565	0.0750915750915751	0.000211680390704663	0.000214262233493003	0.000204927819723738
boot566	0.0833333333333333	0.000204793044765572	0.000207972735445263	0.000203424560574965
boot567	0.0865384615384615	0.000203076199945917	0.00020650518590079	0.000202823160921896
boot568	0.070970695970696	0.000207553339581854	0.000209859584859585	0.000205656122863057
boot569	0.0883699633699634	0.000208380420094359	0.000211956084208831	0.000202475280260647
boot570	0.100274725274725	0.000198127539943519	0.000202731487072146	0.000200139180985773
boot571	0.0663919413919414	0.000205744820912449	0.000207763085510338	0.000206447109797022
boot572	0.0902014652014652	0.000203618371572498	0.000207343785640489	0.00020212432780548
boot573	0.0586080586080586	0.000205980677089239	0.000207553435575414	0.000207747726540747
boot574	0.0618131868131868	0.000205175003140602	0.00020692448577064	0.000207218898018998
boot575	0.0586080586080586	0.000212270175136979	0.000213842933623153	0.000207747726540747
boot576	0.0668498168498168	0.000208861635810374	0.000210907834534208	0.000206368875045665
boot577	0.0613553113553114	0.000204571875603454	0.000206295535965866	0.000207295020912036
boot578	0.0444139194139194	0.000206859882104795	0.000207763085510338	0.00020997660100916
boot579	0.0590659340659341	0.000200714758371216	0.000202312187202297	0.000207672755570428
boot580	0.0934065934065934	0.000202719967844953	0.000206714835835715	0.000201502769504822
boot581	0.0728021978021978	0.000194015175835382	0.000196441989024407	0.000205334352450114
boot582	0.0595238095238095	0.000204253944932909	0.000205876236096016	0.000207597592612989
boot583	0.0686813186813187	0.000207490079825848	0.00020964993492466	0.000206054016169039
boot584	0.0865384615384615	0.000204753399425314	0.000208182385380188	0.000202823160921896
boot585	0.0641025641025641	0.000201059663232106	0.000202941137007071	0.000206835403747009
boot586	0.0572344322344322	0.000207940385615561	0.000209440284989736	0.000207971487528984
boot587	0.0558608058608059	0.000199415869511571	0.000200844637657824	0.000208193520633141
boot588	0.054029304029304	0.000207055420986408	0.000208392035315112	0.00020848687695234
boot589	0.0622710622710623	0.000207874438039877	0.00020964993492466	0.00020714258313884
boot590	0.0494505494505494	0.00020643376669219	0.000207553435575414	0.000209206828651944
boot591	0.0975274725274725	0.000201730754209697	0.000206085886030941	0.00020068980004563
boot592	0.0645604395604396	0.000200823039106836	0.000202731487072146	0.000206758128931251
boot593	0.0586080586080586	0.000203045578000294	0.000204618336486468	0.000207747726540747
boot594	0.0622710622710623	0.000207874438039877	0.00020964993492466	0.00020714258313884
boot595	0.0892857142857143	0.000203693630523497	0.000207343785640489	0.000202300188007304
boot596	0.0805860805860806	0.000204999238932339	0.000207972735445263	0.000203932558494206
boot597	0.0558608058608059	0.000203608868210064	0.000205037636356318	0.000208193520633141
boot598	0.0595238095238095	0.000205931144412306	0.000207553435575414	0.000207597592612989
boot599	0.0769230769230769	0.000204424813469615	0.000207134135705564	0.000204599137774479
boot600	0.0938644688644689	0.000196600858366119	0.0002006349877229	0.000201413207513392
boot601	0.0805860805860806	0.000203322039452942	0.000206295535965866	0.000203932558494206
boot602	0.0755494505494505	0.000204311061101077	0.00020692448577064	0.000204845937217103
boot603	0.0563186813186813	0.000203375699852952	0.000204827986421393	0.000208119701585542
boot604	0.0618131868131868	0.000214818900147136	0.000216568382777174	0.000207218898018998
boot605	0.0769230769230769	0.000206102012949012	0.000208811335184962	0.000204599137774479
boot606	0.0631868131868132	0.000200274435911738	0.000202102537267372	0.000206989377417164
boot607	0.0494505494505494	0.000210626765390683	0.000211746434273907	0.000209206828651944
boot608	0.0503663003663004	0.000198425215972916	0.000199586738048277	0.000209064374208982
boot609	0.109432234432234	0.000185927142448471	0.000191410390586215	0.00019825386746841
boot610	0.0691391941391941	0.000205574336349982	0.000207763085510338	0.000205974821482082
boot611	0.0723443223443224	0.0002001254539067	0.000202521837137222	0.00020541508303403
boot612	0.0750915750915751	0.000200359294218731	0.000202941137007071	0.000204927819723738
boot613	0.0700549450549451	0.000207193171744932	0.000209440284989736	0.00020581585614681
boot614	0.0567765567765568	0.000206077438597666	0.000207553435575414	0.000208045690550823
boot615	0.0718864468864469	0.0002053969402512	0.000207763085510338	0.000205495621630826
boot616	0.065018315018315	0.000204359921823091	0.000206295535965866	0.000206680662128374
boot617	0.0860805860805861	0.000202902739583092	0.000206295535965866	0.000202909651119408
boot618	0.0471611721611722	0.000210518388661502	0.000211536784338982	0.00020955960498475
boot619	0.0801282051282051	0.000198114484819366	0.000201054287592749	0.000204016552859159
boot620	0.0613553113553114	0.000209603474041646	0.000211327134404057	0.000207295020912036
boot621	0.070970695970696	0.000204618240492908	0.00020692448577064	0.000205656122863057
boot622	0.0961538461538462	0.000203739419451592	0.000207972735445263	0.00020096251774944
boot623	0.0682234432234432	0.0002060512323558	0.000208182385380188	0.000206133018868875
boot624	0.065018315018315	0.000206875721042186	0.000208811335184962	0.000206680662128374
boot625	0.0462454212454212	0.000202590856506824	0.000203570086811845	0.000209699371608033
boot626	0.0723443223443224	0.000205995652084591	0.000208392035315112	0.00020541508303403
boot627	0.0631868131868132	0.00020530603434993	0.000207134135705564	0.000206989377417164
boot628	0.0755494505494505	0.000201795261881981	0.000204408686551544	0.000204845937217103
boot629	0.0728021978021978	0.00020743277167056	0.000209859584859585	0.000205334352450114
boot630	0.0847069597069597	0.000200284707222653	0.000203570086811845	0.000203167969789226
boot631	0.0554029304029304	0.000200487445621261	0.000201892887332448	0.000208267147693621
boot632	0.0787545787545788	0.000204294262228087	0.000207134135705564	0.000204267384031301
boot633	0.0641025641025641	0.000208187761019545	0.00021006923479451	0.000206835403747009
boot634	0.0924908424908425	0.00020279791461563	0.000206714835835715	0.000201681317526324
boot635	0.0782967032967033	0.000207891236912868	0.000210698184599283	0.000204350610447776
boot636	0.0695970695970696	0.000208270699455339	0.000210488534664359	0.000205895434808006
boot637	0.0851648351648352	0.000200458743546837	0.00020377973674677	0.000203082055553074
boot638	0.100274725274725	0.000202320538642013	0.00020692448577064	0.000200139180985773
boot639	0.0485347985347985	0.000212345050113737	0.000213423633753304	0.000209348515146426
boot640	0.0746336996336996	0.000204793332746252	0.000207343785640489	0.000205009510243253
boot641	0.0815018315018315	0.000199899677053704	0.000202941137007071	0.000203763993802938
boot642	0.0714285714285714	0.000207733135519635	0.00021006923479451	0.000205575968240501
boot643	0.0700549450549451	0.00020803177148463	0.000210278884729434	0.00020581585614681
boot644	0.0631868131868132	0.000203209535000683	0.000205037636356318	0.000206989377417164
boot645	0.0494505494505494	0.00021230396487008	0.000213423633753304	0.000209206828651944
boot646	0.0572344322344322	0.000201650887567821	0.000203150786941996	0.000207971487528984
boot647	0.0828754578754579	0.000206714739842155	0.000209859584859585	0.000203509706862638
boot648	0.0613553113553114	0.000210022773911495	0.000211746434273907	0.000207295020912036
boot649	0.0828754578754579	0.000211746338280347	0.000214891183297777	0.000203509706862638
boot650	0.0682234432234432	0.000214856529622636	0.000216987682647023	0.000206133018868875
boot651	0.086996336996337	0.00020408806806132	0.000207553435575414	0.000202736478737264
boot652	0.0393772893772894	0.000208520666685441	0.000209230635054811	0.00021072314292487
boot653	0.0499084249084249	0.000204945386545208	0.000206085886030941	0.000209135697424023
boot654	0.0833333333333333	0.000198503546717832	0.000201683237397523	0.000203424560574965
boot655	0.0425824175824176	0.000211545135778698	0.000212375384078681	0.00021025075861637
boot656	0.0911172161172161	0.000198930046104678	0.000202731487072146	0.000201947699655178
boot657	0.0705128205128205	0.000212824249964994	0.000215100833232701	0.000205736085498493
boot658	0.0924908424908425	0.000204475114095027	0.000208392035315112	0.000201681317526324
boot659	0.0833333333333333	0.000204793044765572	0.000207972735445263	0.000203424560574965
boot660	0.0654761904761905	0.000208315912422074	0.000210278884729434	0.000206603003338376
boot661	0.0732600732600733	0.000206773199920163	0.000209230635054811	0.000205253429879079
boot662	0.0691391941391941	0.000205993636219832	0.000208182385380188	0.000205974821482082
boot663	0.0879120879120879	0.000199402430413178	0.000202941137007071	0.000202562538406639
boot664	0.0796703296703297	0.000200454135855959	0.00020336043687692	0.000204100355236993
boot665	0.0782967032967033	0.000198666639776183	0.000201473587462598	0.000204350610447776
boot666	0.0521978021978022	0.000213853300927628	0.000215100833232701	0.00020877716147762
boot667	0.0613553113553114	0.000209184174171796	0.000210907834534208	0.000207295020912036
boot668	0.043040293040293	0.000214671934006857	0.000215520133102551	0.000210182507195247
boot669	0.0668498168498168	0.000206765136461127	0.000208811335184962	0.000206368875045665
boot670	0.0659340659340659	0.000208078712335445	0.00021006923479451	0.000206525152561259
boot671	0.0755494505494505	0.000204730360970927	0.000207343785640489	0.000204845937217103
boot672	0.0668498168498168	0.000202572137762634	0.000204618336486468	0.000206368875045665
boot673	0.119505494505495	0.000197030909514683	0.000203570086811845	0.00019609132454992
boot674	0.0888278388278388	0.000214423118699474	0.000218035932321647	0.000202387830127535
boot675	0.0705128205128205	0.000204857552437857	0.000207134135705564	0.000205736085498493
boot676	0.0915750915750916	0.000194489096040841	0.000198328838438729	0.000201859097599346
boot677	0.0842490842490843	0.000199691179041499	0.000202941137007071	0.000203253692038259
boot678	0.0627289377289377	0.000207219281993237	0.000209020985119886	0.000207066076271562
boot679	0.0714285714285714	0.000205217336300539	0.000207553435575414	0.000205575968240501
boot680	0.0998168498168498	0.000200475638413387	0.000205037636356318	0.000200231430796882
boot681	0.0750915750915751	0.000197843494999636	0.000200425337787975	0.000204927819723738
boot682	0.0663919413919414	0.000212453618830038	0.000214471883427927	0.000206447109797022
boot683	0.0627289377289377	0.000203445583164594	0.000205247286291242	0.000207066076271562
boot684	0.054029304029304	0.000210409819945202	0.000211746434273907	0.00020848687695234
boot685	0.0769230769230769	0.000199393215031423	0.000202102537267372	0.000204599137774479
boot686	0.054029304029304	0.000213344919034147	0.000214681533362852	0.00020848687695234
boot687	0.076007326007326	0.000208262635996303	0.000210907834534208	0.000204763862723348
boot688	0.0659340659340659	0.000201369914417855	0.00020336043687692	0.000206525152561259
boot689	0.0773809523809524	0.000209633712013029	0.000212375384078681	0.000204516487319364
boot690	0.0874542124542124	0.000206357643799151	0.000209859584859585	0.000202649604565511
boot691	0.0888278388278388	0.000206456421172337	0.00021006923479451	0.000202387830127535
boot692	0.0892857142857143	0.000207467329352141	0.000211117484469133	0.000202300188007304
boot693	0.0801282051282051	0.000206500482216353	0.000209440284989736	0.000204016552859159
boot694	0.0700549450549451	0.000206773871875083	0.000209020985119886	0.00020581585614681
boot695	0.0847069597069597	0.000212025103578433	0.000215310483167626	0.000203167969789226
boot696	0.0874542124542124	0.000204680444319754	0.000208182385380188	0.000202649604565511
boot697	0.0801282051282051	0.000208596981565599	0.000211536784338982	0.000204016552859159
boot698	0.0805860805860806	0.000204999238932339	0.000207972735445263	0.000203932558494206
boot699	0.0833333333333333	0.000206889544114819	0.00021006923479451	0.000203424560574965
boot700	0.048992673992674	0.000209179854461599	0.000210278884729434	0.000209277767892745
boot701	0.0874542124542124	0.000208873443018247	0.000212375384078681	0.000202649604565511
boot702	0.0755494505494505	0.000199698762532735	0.000202312187202297	0.000204845937217103
boot703	0.0613553113553114	0.000207926274562248	0.00020964993492466	0.000207295020912036
boot704	0.0618131868131868	0.000202239904051657	0.000203989386681694	0.000207218898018998
boot705	0.0718864468864469	0.000206654839860748	0.000209020985119886	0.000205495621630826
boot706	0.0815018315018315	0.000203673375882348	0.000206714835835715	0.000203763993802938
boot707	0.0531135531135531	0.000196198549356381	0.00019749023869903	0.00020863240318922
boot708	0.0691391941391941	0.000204735736610284	0.00020692448577064	0.000205974821482082
boot709	0.0865384615384615	0.000206849898774561	0.000210278884729434	0.000202823160921896
boot710	0.0508241758241758	0.000203225949899434	0.000204408686551544	0.000208992859006822
boot711	0.0966117216117216	0.000195941958570642	0.00020021568785305	0.00020087180383529
boot712	0.0549450549450549	0.00020868692753127	0.00021006923479451	0.000208340582766981
boot713	0.0833333333333333	0.000206889544114819	0.00021006923479451	0.000203424560574965
boot714	0.0851648351648352	0.000206748241594577	0.00021006923479451	0.000203082055553074
boot715	0.0938644688644689	0.000201213156934462	0.000205247286291242	0.000201413207513392
boot716	0.0874542124542124	0.000206776943669001	0.000210278884729434	0.000202649604565511
boot717	0.092032967032967	0.000205981349044159	0.000209859584859585	0.000201770303556395
boot718	0.0860805860805861	0.000205837838672037	0.000209230635054811	0.000202909651119408
boot719	0.0842490842490843	0.000212270175136979	0.000215520133102551	0.000203253692038259
boot720	0.0778388278388278	0.000206456421172337	0.000209230635054811	0.00020443364487713
boot721	0.0554029304029304	0.000208034843278549	0.000209440284989736	0.000208267147693621
boot722	0.0700549450549451	0.000203000173046439	0.000205247286291242	0.00020581585614681
boot723	0.0563186813186813	0.000209245898030842	0.000210698184599283	0.000208119701585542
boot724	0.0306776556776557	0.000206912870549886	0.000207343785640489	0.00021195790808647
boot725	0.0581501831501832	0.000203699006162854	0.000205247286291242	0.000207822505523946
boot726	0.0934065934065934	0.000203139267714802	0.000207134135705564	0.000201502769504822
boot727	0.081043956043956	0.000201401304311958	0.000204408686551544	0.000203848372142132
boot728	0.0796703296703297	0.000209678732992644	0.000212585034013605	0.000204100355236993
boot729	0.0668498168498168	0.000204668637111881	0.000206714835835715	0.000206368875045665
boot730	0.0741758241758242	0.000215097377464543	0.000217616632451797	0.000205091008775648
boot731	0.097985347985348	0.000202318714764374	0.000206714835835715	0.00020059851017012
boot732	0.0686813186813187	0.000205812880346451	0.000207972735445263	0.000206054016169039
boot733	0.0956959706959707	0.000210278788735874	0.000214471883427927	0.00020105303967647
boot734	0.0728021978021978	0.000204078372711765	0.00020650518590079	0.000205334352450114
boot735	0.0595238095238095	0.000205092544672607	0.000206714835835715	0.000207597592612989
boot736	0.0728021978021978	0.000202401173232368	0.000204827986421393	0.000205334352450114
boot737	0.0750915750915751	0.000210422491095115	0.000213004333883455	0.000204927819723738
boot738	0.0462454212454212	0.000209299654424413	0.000210278884729434	0.000209699371608033
boot739	0.0641025641025641	0.000202317562841654	0.000204199036616619	0.000206835403747009
boot740	0.0805860805860806	0.000202483439713243	0.000205456936226167	0.000203932558494206
boot741	0.0755494505494505	0.00020892335966942	0.000211536784338982	0.000204845937217103
boot742	0.0682234432234432	0.000205212632616101	0.000207343785640489	0.000206133018868875
boot743	0.0938644688644689	0.000201632456804311	0.000205666586161092	0.000201413207513392
boot744	0.0572344322344322	0.000210875484704506	0.000212375384078681	0.000207971487528984
boot745	0.081959706959707	0.00019881715767818	0.000201892887332448	0.000203679423476625
boot746	0.0508241758241758	0.00021203124716627	0.000213213983818379	0.000208992859006822
boot747	0.0961538461538462	0.000184032325568674	0.000188265641562345	0.00020096251774944
boot748	0.0769230769230769	0.000202328314120368	0.000205037636356318	0.000204599137774479
boot749	0.0847069597069597	0.000206993505140242	0.000210278884729434	0.000203167969789226
boot750	0.0911172161172161	0.000206477443761966	0.000210278884729434	0.000201947699655178
boot751	0.0691391941391941	0.000211444534527873	0.000213633283688229	0.000205974821482082
boot752	0.0746336996336996	0.000209824931184444	0.000212375384078681	0.000205009510243253
boot753	0.0572344322344322	0.000218003582491944	0.000219503481866119	0.000207971487528984
boot754	0.0613553113553114	0.000216731571829084	0.000218455232191496	0.000207295020912036
boot755	0.081043956043956	0.000212303100928041	0.000215310483167626	0.000203848372142132
boot756	0.0659340659340659	0.000197596215589212	0.000199586738048277	0.000206525152561259
boot757	0.0961538461538462	0.000204578019191291	0.000208811335184962	0.00020096251774944
boot758	0.0462454212454212	0.000209718954294262	0.000210698184599283	0.000209699371608033
boot759	0.0952380952380952	0.000202981070328009	0.000207134135705564	0.00020114336961638
boot760	0.0750915750915751	0.000208745291615718	0.000211327134404057	0.000204927819723738
boot761	0.0750915750915751	0.000209583891355417	0.000212165734143756	0.000204927819723738
boot762	0.0837912087912088	0.000205386956920965	0.000208601685250037	0.000203339222300172
boot763	0.0700549450549451	0.000206773871875083	0.000209020985119886	0.00020581585614681
boot764	0.0947802197802198	0.000204907757069709	0.000209020985119886	0.000201233507569171
boot765	0.0732600732600733	0.000198387202523176	0.000200844637657824	0.000205253429879079
boot766	0.0714285714285714	0.000208571735259333	0.000210907834534208	0.000205575968240501
boot767	0.0956959706959707	0.000197280492770545	0.000201473587462598	0.00020105303967647
boot768	0.0686813186813187	0.000197007583079615	0.000199167438178427	0.000206054016169039
boot769	0.0714285714285714	0.000206894535779936	0.000209230635054811	0.000205575968240501
boot770	0.070970695970696	0.000200425241794415	0.000202731487072146	0.000205656122863057
boot771	0.0782967032967033	0.000207052637173169	0.000209859584859585	0.000204350610447776
boot772	0.0604395604395604	0.000213008941574332	0.000214681533362852	0.000207446690736752
boot773	0.0805860805860806	0.00020416063919264	0.000207134135705564	0.000203932558494206
boot774	0.0608974358974359	0.000209838754257076	0.000211536784338982	0.000207370951817954
boot775	0.0535714285714286	0.000208545529017468	0.000209859584859585	0.00020855973606434
boot776	0.0659340659340659	0.000213529610643486	0.000215520133102551	0.000206525152561259
boot777	0.0677655677655678	0.00019958059446044	0.000201683237397523	0.000206211829581592
boot778	0.0746336996336996	0.000203954733006553	0.00020650518590079	0.000205009510243253
boot779	0.0737179487179487	0.000194792339696714	0.000197280588764105	0.000205172315320924
boot780	0.0210622710622711	0.000214897710859853	0.000215100833232701	0.000213242013937884
boot781	0.0782967032967033	0.000211245635871662	0.000214052583558078	0.000204350610447776
boot782	0.0966117216117216	0.000203908656097779	0.000208182385380188	0.00020087180383529
boot783	0.0393772893772894	0.000207262767075894	0.000207972735445263	0.00021072314292487
boot784	0.0792124542124542	0.000206986593603925	0.000209859584859585	0.000204183965627707
boot785	0.0512820512820513	0.000199640494441847	0.000200844637657824	0.000208921151817541
boot786	0.0595238095238095	0.000214317141809293	0.0002159394329724	0.000207597592612989
boot787	0.010989010989011	0.000214626241072322	0.000214681533362852	0.000214496457779274
boot788	0.0631868131868132	0.0001931463381243	0.000194974439479934	0.000206989377417164
boot789	0.0792124542124542	0.000208663793083323	0.000211536784338982	0.000204183965627707
boot790	0.0728021978021978	0.000209948570889656	0.000212375384078681	0.000205334352450114
boot791	0.092032967032967	0.000194660252558227	0.000198538488373653	0.000201770303556395
boot792	0.0425824175824176	0.000211125835908848	0.000211956084208831	0.00021025075861637
boot793	0.0631868131868132	0.000206563933959478	0.000208392035315112	0.000206989377417164
boot794	0.0654761904761905	0.000208735212291923	0.000210698184599283	0.000206603003338376
boot795	0.0636446886446886	0.000202134695109955	0.000203989386681694	0.000206912486575646
boot796	0.0581501831501832	0.000209569204340745	0.000211117484469133	0.000207822505523946
boot797	0.0695970695970696	0.000204077700756846	0.000206295535965866	0.000205895434808006
boot798	0.0608974358974359	0.000206065055428432	0.000207763085510338	0.000207370951817954
boot799	0.0796703296703297	0.000205905034164	0.000208811335184962	0.000204100355236993
boot800	0.0297619047619048	0.000215324210246698	0.000215729783037475	0.000212083851637121
boot801	0.0618131868131868	0.000204755703270753	0.00020650518590079	0.000207218898018998
boot802	0.0476190476190476	0.000207353768970723	0.000208392035315112	0.000209489433692429
boot803	0.0924908424908425	0.000204475114095027	0.000208392035315112	0.000201681317526324
boot804	0.0654761904761905	0.000207058012812526	0.000209020985119886	0.000206603003338376
boot805	0.0700549450549451	0.000198807174347945	0.000201054287592749	0.00020581585614681
boot806	0.0860805860805861	0.000200386940363996	0.00020377973674677	0.000202909651119408
boot807	0.0787545787545788	0.000201778463008991	0.000204618336486468	0.000204267384031301
boot808	0.081043956043956	0.000203078503791356	0.000206085886030941	0.000203848372142132
boot809	0.0728021978021978	0.000202820473102217	0.000205247286291242	0.000205334352450114
boot810	0.0462454212454212	0.000210557554033961	0.000211536784338982	0.000209699371608033
boot811	0.0865384615384615	0.00020097970059667	0.000204408686551544	0.000202823160921896
boot812	0.0641025641025641	0.000208187761019545	0.00021006923479451	0.000206835403747009
boot813	0.0718864468864469	0.000209170639079844	0.000211536784338982	0.000205495621630826
boot814	0.0737179487179487	0.000208209935531892	0.000210698184599283	0.000205172315320924
boot815	0.0700549450549451	0.000202580873176589	0.000204827986421393	0.00020581585614681
boot816	0.0590659340659341	0.000207004256418956	0.000208601685250037	0.000207672755570428
boot817	0.0924908424908425	0.000200282115396534	0.000204199036616619	0.000201681317526324
boot818	0.0860805860805861	0.000203741339322791	0.000207134135705564	0.000202909651119408
boot819	0.0325091575091575	0.000210633580933439	0.000211117484469133	0.00021170371713973
boot820	0.0714285714285714	0.000208152435389484	0.000210488534664359	0.000205575968240501
boot821	0.0691391941391941	0.000208509435438928	0.000210698184599283	0.000205974821482082
boot822	0.0879120879120879	0.000197305931063931	0.000200844637657824	0.000202562538406639
boot823	0.0677655677655678	0.000203773593158933	0.000205876236096016	0.000206211829581592
boot824	0.065018315018315	0.000206037121302488	0.000207972735445263	0.000206680662128374
boot825	0.0947802197802198	0.000205746356809408	0.000209859584859585	0.000201233507569171
boot826	0.0718864468864469	0.000206235539990899	0.000208601685250037	0.000205495621630826
boot827	0.0462454212454212	0.000208041754814865	0.000209020985119886	0.000209699371608033
boot828	0.0975274725274725	0.00019963425486045	0.000203989386681694	0.00020068980004563
boot829	0.0714285714285714	0.000209829634868881	0.000212165734143756	0.000205575968240501
boot830	0.0457875457875458	0.000214140897633229	0.000215100833232701	0.000209768966938995
boot831	0.065018315018315	0.000206875721042186	0.000208811335184962	0.000206680662128374
boot832	0.0984432234432234	0.00020290648333193	0.000207343785640489	0.00020050702830749
boot833	0.0947802197802198	0.000197779659282271	0.000201892887332448	0.000201233507569171
boot834	0.0412087912087912	0.00020761448747954	0.000208392035315112	0.000210454360957018
boot835	0.0673076923076923	0.000212397558591029	0.000214471883427927	0.000206290448307188
boot836	0.0856227106227106	0.000202729087233148	0.000206085886030941	0.000202995949329801
boot837	0.0773809523809524	0.000207956512533632	0.000210698184599283	0.000204516487319364
boot838	0.0663919413919414	0.000205744820912449	0.000207763085510338	0.000206447109797022
boot839	0.111721611721612	0.000196806764552206	0.000202521837137222	0.000197770539894076
boot840	0.0805860805860806	0.000206257138541887	0.000209230635054811	0.000203932558494206
boot841	0.0851648351648352	0.000203813142505631	0.000207134135705564	0.000203082055553074
boot842	0.081959706959707	0.000206364555335468	0.000209440284989736	0.000203679423476625
boot843	0.0471611721611722	0.000203390290874064	0.000204408686551544	0.00020955960498475
boot844	0.0549450549450549	0.000209106227401119	0.000210488534664359	0.000208340582766981
boot845	0.0544871794871795	0.00019759842344109	0.000198957788243503	0.00020841382585322
boot846	0.0874542124542124	0.000198390946272014	0.000201892887332448	0.000202649604565511
boot847	0.0879120879120879	0.000203176129241822	0.000206714835835715	0.000202562538406639
boot848	0.0769230769230769	0.000198973915161574	0.000201683237397523	0.000204599137774479
boot849	0.0654761904761905	0.000200349214894937	0.000202312187202297	0.000206603003338376
boot850	0.0984432234432234	0.000197455585023889	0.000201892887332448	0.00020050702830749
boot851	0.0554029304029304	0.000212647141846891	0.000214052583558078	0.000208267147693621
boot852	0.0902014652014652	0.000201941172093101	0.000205666586161092	0.00020212432780548
boot853	0.0966117216117216	0.000203908656097779	0.000208182385380188	0.00020087180383529
boot854	0.0691391941391941	0.000208928735308777	0.000211117484469133	0.000205974821482082
boot855	0.0718864468864469	0.000212525038038638	0.000214891183297777	0.000205495621630826
boot856	0.0631868131868132	0.00021788503044541	0.000219713131801044	0.000206989377417164
boot857	0.0723443223443224	0.000201802653386097	0.000204199036616619	0.00020541508303403
boot858	0.070970695970696	0.000197909442575319	0.00020021568785305	0.000205656122863057
boot859	0.0691391941391941	0.000207670835699229	0.000209859584859585	0.000205974821482082
boot860	0.0558608058608059	0.000214091364956297	0.000215520133102551	0.000208193520633141
boot861	0.0732600732600733	0.000201741601481971	0.000204199036616619	0.000205253429879079
boot862	0.0924908424908425	0.000205733013704575	0.00020964993492466	0.000201681317526324
boot863	0.0654761904761905	0.000215024710339663	0.000216987682647023	0.000206603003338376
boot864	0.092948717948718	0.00019458268976179	0.000198538488373653	0.000201592139509133
boot865	0.0563186813186813	0.000212180997119788	0.000213633283688229	0.000208119701585542
boot866	0.0782967032967033	0.000207052637173169	0.000209859584859585	0.000204350610447776
boot867	0.0512820512820513	0.000205510692619737	0.000206714835835715	0.000208921151817541
boot868	0.0535714285714286	0.000211480628106413	0.00021279468394853	0.00020855973606434
boot869	0.0805860805860806	0.000202902739583092	0.000205876236096016	0.000203932558494206
boot870	0.0837912087912088	0.000198678159003376	0.000201892887332448	0.000203339222300172
boot871	0.0645604395604396	0.000203758138195782	0.000205666586161092	0.000206758128931251
boot872	0.0851648351648352	0.000204232442375481	0.000207553435575414	0.000203082055553074
boot873	0.0494505494505494	0.000202240767993696	0.00020336043687692	0.000209206828651944
boot874	0.0723443223443224	0.000213543049741878	0.0002159394329724	0.00020541508303403
boot875	0.0636446886446886	0.000202553994979804	0.000204408686551544	0.000206912486575646
boot876	0.0782967032967033	0.000205375437693772	0.000208182385380188	0.000204350610447776
boot877	0.101190476190476	0.000196365866131368	0.000201054287592749	0.000199954105402194
boot878	0.0805860805860806	0.000212965936459476	0.0002159394329724	0.000203932558494206
boot879	0.102106227106227	0.000197119223589834	0.000201892887332448	0.000199768261870137
boot880	0.0824175824175824	0.000199830945664782	0.000202941137007071	0.000203594661163192
boot881	0.0787545787545788	0.000207648661186881	0.000210488534664359	0.000204267384031301
boot882	0.0668498168498168	0.00019879843893399	0.000200844637657824	0.000206368875045665
boot883	0.0796703296703297	0.000199615536116261	0.000202521837137222	0.000204100355236993
boot884	0.0508241758241758	0.000208676848207476	0.000209859584859585	0.000208992859006822
boot885	0.0604395604395604	0.000206719443526592	0.000208392035315112	0.000207446690736752
boot886	0.0874542124542124	0.000199229546011713	0.000202731487072146	0.000202649604565511
boot887	0.0393772893772894	0.00021564876447288	0.000216358732842249	0.00021072314292487
boot888	0.0595238095238095	0.000206769744152005	0.000208392035315112	0.000207597592612989
boot889	0.0631868131868132	0.000203628834870533	0.000205456936226167	0.000206989377417164
boot890	0.0906593406593407	0.000202951504311545	0.000206714835835715	0.000202036109723889
boot891	0.0755494505494505	0.00020263386162168	0.000205247286291242	0.000204845937217103
boot892	0.0604395604395604	0.000205042244047195	0.000206714835835715	0.000207446690736752
boot893	0.0407509157509158	0.000214969418049134	0.000215729783037475	0.00021052184442966
boot894	0.0512820512820513	0.000211800190667477	0.000213004333883455	0.000208921151817541
boot895	0.0604395604395604	0.000206719443526592	0.000208392035315112	0.000207446690736752
boot896	0.0659340659340659	0.000205143613246499	0.000207134135705564	0.000206525152561259
boot897	0.0792124542124542	0.000205728693994377	0.000208601685250037	0.000204183965627707
boot898	0.0952380952380952	0.00019627227241042	0.000200425337787975	0.00020114336961638
boot899	0.0608974358974359	0.000205645755558583	0.000207343785640489	0.000207370951817954
boot900	0.0714285714285714	0.000206475235910087	0.000208811335184962	0.000205575968240501
boot901	0.0718864468864469	0.00019910744220346	0.000201473587462598	0.000205495621630826
boot902	0.0769230769230769	0.000202747613990218	0.000205456936226167	0.000204599137774479
boot903	0.0865384615384615	0.000209365697993657	0.00021279468394853	0.000202823160921896
boot904	0.0737179487179487	0.000200243238004755	0.000202731487072146	0.000205172315320924
boot905	0.0764652014652015	0.000201731522158177	0.000204408686551544	0.000204681596242474
boot906	0.0215201465201465	0.000215937033133401	0.000216149082907325	0.000213182785911397
boot907	0.0558608058608059	0.000219961563134187	0.000221390331280441	0.000208193520633141
boot908	0.0705128205128205	0.000206115452047405	0.000208392035315112	0.000205736085498493
boot909	0.0563186813186813	0.000206310798941897	0.000207763085510338	0.000208119701585542
boot910	0.0764652014652015	0.000210956119294862	0.000213633283688229	0.000204681596242474
boot911	0.0778388278388278	0.000201005522864296	0.00020377973674677	0.00020443364487713
boot912	0.0686813186813187	0.000214198877743438	0.000216358732842249	0.000206054016169039
boot913	0.0224358974358974	0.000205436105623658	0.000205666586161092	0.000213063753897062
boot914	0.0993589743589744	0.000198211246327793	0.000202731487072146	0.000200323488620871
boot915	0.081959706959707	0.000200075057287728	0.000203150786941996	0.000203679423476625
boot916	0.0952380952380952	0.00019627227241042	0.000200425337787975	0.00020114336961638
boot917	0.0773809523809524	0.000208375812403481	0.000211117484469133	0.000204516487319364
boot918	0.0732600732600733	0.000204676700570916	0.000207134135705564	0.000205253429879079
boot919	0.0700549450549451	0.000201742273436891	0.000203989386681694	0.00020581585614681
boot920	0.0805860805860806	0.000207095738281585	0.00021006923479451	0.000203932558494206
boot921	0.0352564102564103	0.000217676436439644	0.000218245582256571	0.000211316671106023
boot922	0.0796703296703297	0.000204647134554453	0.000207553435575414	0.000204100355236993
boot923	0.103479853479853	0.000200973269028154	0.000205876236096016	0.000199488056668651
boot924	0.0659340659340659	0.000205982212986198	0.000207972735445263	0.000206525152561259
boot925	0.0961538461538462	0.000196611321664153	0.000200844637657824	0.00020096251774944
boot926	0.0627289377289377	0.000202187683555046	0.000203989386681694	0.000207066076271562
boot927	0.081043956043956	0.00020643290275015	0.000209440284989736	0.000203848372142132
boot928	0.081043956043956	0.000198046905353164	0.000201054287592749	0.000203848372142132
boot929	0.070970695970696	0.000209230539061251	0.000211536784338982	0.000205656122863057
boot930	0.081959706959707	0.000202590856506824	0.000205666586161092	0.000203679423476625
boot931	0.0915750915750916	0.000193650496301142	0.00019749023869903	0.000201859097599346
boot932	0.0627289377289377	0.000213928079910827	0.000215729783037475	0.000207066076271562
boot933	0.0805860805860806	0.000207515038151435	0.000210488534664359	0.000203932558494206
boot934	0.0856227106227106	0.000202309787363298	0.000205666586161092	0.000202995949329801
boot935	0.0732600732600733	0.000205934600180464	0.000208392035315112	0.000205253429879079
boot936	0.0769230769230769	0.000199393215031423	0.000202102537267372	0.000204599137774479
boot937	0.0631868131868132	0.000202370935260985	0.000204199036616619	0.000206989377417164
boot938	0.0732600732600733	0.000204676700570916	0.000207134135705564	0.000205253429879079
boot939	0.092948717948718	0.00020045288793968	0.000204408686551544	0.000201592139509133
boot940	0.0631868131868132	0.000209918332918273	0.000211746434273907	0.000206989377417164
boot941	0.0604395604395604	0.00020839664300599	0.00021006923479451	0.000207446690736752
boot942	0.0503663003663004	0.000207649813109601	0.000208811335184962	0.000209064374208982
boot943	0.0911172161172161	0.000193479147796637	0.000197280588764105	0.000201947699655178
boot944	0.0741758241758242	0.000208388579546954	0.000210907834534208	0.000205091008775648
boot945	0.0499084249084249	0.000207461185764304	0.000208601685250037	0.000209135697424023
boot946	0.0705128205128205	0.000201503153479062	0.00020377973674677	0.000205736085498493
boot947	0.054029304029304	0.000201185222808517	0.000202521837137222	0.00020848687695234
boot948	0.10485347985348	0.00019518168957586	0.00020021568785305	0.000199206123583086
boot949	0.081959706959707	0.000207203155075166	0.000210278884729434	0.000203679423476625
boot950	0.0595238095238095	0.000204673244802758	0.000206295535965866	0.000207597592612989
boot951	0.086996336996337	0.000207023167150265	0.000210488534664359	0.000202736478737264
boot952	0.0618131868131868	0.000215657499886835	0.000217406982516873	0.000207218898018998
boot953	0.0581501831501832	0.000206634105251799	0.000208182385380188	0.000207822505523946
boot954	0.0801282051282051	0.000198953084559065	0.000201892887332448	0.000204016552859159
boot955	0.0645604395604396	0.000209628336373672	0.000211536784338982	0.000206758128931251
boot956	0.0705128205128205	0.000201922453348912	0.000204199036616619	0.000205736085498493
boot957	0.0824175824175824	0.000206959043452221	0.00021006923479451	0.000203594661163192
boot958	0.0705128205128205	0.000210308450745898	0.000212585034013605	0.000205736085498493
boot959	0.081043956043956	0.000203497803661205	0.00020650518590079	0.000203848372142132
boot960	0.059981684981685	0.00020905083911703	0.000210698184599283	0.000207522237668431
boot961	0.0631868131868132	0.000203628834870533	0.000205456936226167	0.000206989377417164
boot962	0.0357142857142857	0.000212001009194887	0.000212585034013605	0.000211251491478819
boot963	0.0668498168498168	0.000208023036070675	0.00021006923479451	0.000206368875045665
boot964	0.0956959706959707	0.000204827890427833	0.000209020985119886	0.00020105303967647
boot965	0.0576923076923077	0.000210641740386035	0.000212165734143756	0.000207897092520025
boot966	0.0448717948717949	0.000200342015377941	0.000201263937527674	0.000209907581639558
boot967	0.0686813186813187	0.000203716380997205	0.000205876236096016	0.000206054016169039
boot968	0.0457875457875458	0.000212463698153832	0.000213423633753304	0.000209768966938995
boot969	0.0705128205128205	0.000212824249964994	0.000215100833232701	0.000205736085498493
boot970	0.0659340659340659	0.000213529610643486	0.000215520133102551	0.000206525152561259
boot971	0.0856227106227106	0.000205244886452244	0.000208601685250037	0.000202995949329801
boot972	0.0828754578754579	0.000196232243095922	0.000199377088113352	0.000203509706862638
boot973	0.0563186813186813	0.000199182701154459	0.0002006349877229	0.000208119701585542
boot974	0.0659340659340659	0.00019885411519876	0.000200844637657824	0.000206525152561259
boot975	0.097985347985348	0.000209446812551812	0.000213842933623153	0.00020059851017012
boot976	0.0773809523809524	0.000199989815006495	0.000202731487072146	0.000204516487319364
boot977	0.0865384615384615	0.000203495499815766	0.00020692448577064	0.000202823160921896
boot978	0.0631868131868132	0.000213692031746916	0.000215520133102551	0.000206989377417164
boot979	0.0837912087912088	0.000204548357181267	0.000207763085510338	0.000203339222300172
boot980	0.0590659340659341	0.000204907757069709	0.00020650518590079	0.000207672755570428
boot981	0.0686813186813187	0.000211683078524342	0.000213842933623153	0.000206054016169039
boot982	0.0412087912087912	0.000212226786047883	0.000213004333883455	0.000210454360957018
boot983	0.0847069597069597	0.000205316305660844	0.000208601685250037	0.000203167969789226
boot984	0.0906593406593407	0.000199597105352751	0.00020336043687692	0.000202036109723889
boot985	0.0934065934065934	0.000200204168625857	0.000204199036616619	0.000201502769504822
boot986	0.0407509157509158	0.00021706591739838	0.000217826282386722	0.00021052184442966
boot987	0.0476190476190476	0.000204837969751628	0.000205876236096016	0.000209489433692429
boot988	0.0888278388278388	0.000200166923124597	0.00020377973674677	0.000202387830127535
boot989	0.0695970695970696	0.000206174200106092	0.000208392035315112	0.000205895434808006
boot990	0.0874542124542124	0.000206776943669001	0.000210278884729434	0.000202649604565511
boot991	0.0595238095238095	0.00020970484324095	0.000211327134404057	0.000207597592612989
boot992	0.0796703296703297	0.000202969935075055	0.000205876236096016	0.000204100355236993
boot993	0.0746336996336996	0.000205631932485951	0.000208182385380188	0.000205009510243253
boot994	0.102564102564103	0.000195608764924065	0.000200425337787975	0.000199675052123428
boot995	0.0393772893772894	0.000211875065644236	0.000212585034013605	0.00021072314292487
boot996	0.0700549450549451	0.00020803177148463	0.000210278884729434	0.00020581585614681
boot997	0.0938644688644689	0.000204567555893256	0.000208601685250037	0.000201413207513392
boot998	0.0581501831501832	0.000201602506813608	0.000203150786941996	0.000207822505523946
boot999	0.0796703296703297	0.000210936632602192	0.000213842933623153	0.000204100355236993
boot1000	0.0764652014652015	0.000215568417863204	0.000218245582256571	0.000204681596242474
