V1	V2	V3	V4
boot1	0.0528670191134608	9.09695159638197e-05	9.1537820500205e-05	8.96321339777657e-05
boot2	0.0675078864353312	9.37340833747091e-05	9.46925091856378e-05	9.36149882176054e-05
boot3	0.0737976782752902	9.28937413941726e-05	9.40227002081907e-05	9.34855147808413e-05
boot4	0.0636325326590813	9.36216776039475e-05	9.44748379942992e-05	9.49280221558598e-05
boot5	0.0561916878710772	9.54157648368899e-05	9.60852953258213e-05	9.42196959312662e-05
boot6	0.0869383490073145	9.29338197372256e-05	9.45133968590892e-05	9.29501397948595e-05
boot7	0.0702479338842975	9.22971323030932e-05	9.33167133392528e-05	9.10791915999505e-05
boot8	0.068860450944546	8.91096977190269e-05	9.00728831149819e-05	9.02199327209898e-05
boot9	0.034431770173215	9.59087512024033e-05	9.61591835634639e-05	9.51566906346624e-05
boot10	0.0782426778242678	9.01917525294429e-05	9.14724882267467e-05	9.18879426401519e-05
boot11	0.0600911728139246	9.24237033465796e-05	9.31719314962176e-05	9.25715340116733e-05
boot12	0.0461760461760462	9.28793938848544e-05	9.3318937739823e-05	9.11716062251401e-05
boot13	0.0553684210526316	9.30055669922729e-05	9.36509695290859e-05	9.38328362735093e-05
boot14	0.0638341968911917	9.16787701085135e-05	9.25232892158179e-05	9.08352658770128e-05
boot15	0.0636459430979979	9.20620308076231e-05	9.29157307175986e-05	9.46264066544796e-05
boot16	0.0479735318444996	9.59883748836133e-05	9.64642764050432e-05	9.25046314484251e-05
boot17	0.062993762993763	9.18008173293204e-05	9.26258098815271e-05	9.19058093560278e-05
boot18	0.0488659793814433	9.09520145769624e-05	9.14443617812732e-05	9.24929827002661e-05
boot19	0.0628029504741834	9.1906836468478e-05	9.27380715766471e-05	9.26909890961948e-05
boot20	0.0778868239716016	9.330686325032e-05	9.45735906147767e-05	9.35570785284432e-05
boot21	0.0797994568623355	9.22314018804841e-05	9.35616616079802e-05	9.20719975220853e-05
boot22	0.0679591411298728	9.10793222551523e-05	9.20421000043935e-05	9.38153518828653e-05
boot23	0.065275769469118	9.16299171683821e-05	9.25100919421448e-05	9.13493358973677e-05
boot24	0.0463895885810243	9.1680286029721e-05	9.21320059979654e-05	9.31982338208832e-05
boot25	0.0648342425514058	9.35500350103525e-05	9.44320071058654e-05	9.44205068570315e-05
boot26	0.0764545263600084	9.16821572710957e-05	9.29099024088679e-05	9.38560452738401e-05
boot27	0.0661414057640473	9.35415552379346e-05	9.44486017974295e-05	9.22309500166621e-05
boot28	0.0811430955360868	9.40472687854526e-05	9.54206943076008e-05	9.39236141088793e-05
boot29	0.0604096989966555	8.98139770611297e-05	9.05767972394045e-05	9.20451628346609e-05
boot30	0.0752778360243238	9.53234333688529e-05	9.65116809252599e-05	9.44770440471276e-05
boot31	0.0806214570648751	9.4817303022255e-05	9.61819512144161e-05	9.41167473388633e-05
boot32	0.0790190735694823	9.32768945678675e-05	9.45856378057169e-05	9.36477246424805e-05
boot33	0.0684673366834171	9.06880850417166e-05	9.16696127202175e-05	9.22878074528345e-05
boot34	0.0708131960495902	9.38329367919202e-05	9.48866263768661e-05	9.43760133899815e-05
boot35	0.0546253662620343	9.44726422171457e-05	9.50971567921272e-05	9.38685258296444e-05
boot36	0.0574142916150351	9.45208884488379e-05	9.52016816916418e-05	9.27733452950944e-05
boot37	0.0692340067340067	9.30948625824264e-05	9.41035636953145e-05	9.29199630296997e-05
boot38	0.0627376425855513	9.20257629930954e-05	9.28571976777579e-05	9.24190423725563e-05
boot39	0.0627774254914394	9.46439522009784e-05	9.54769695654538e-05	9.52318777986247e-05
boot40	0.0753050063104754	9.44686753055041e-05	9.56615326835901e-05	9.35988547698903e-05
boot41	0.0596951735817104	9.65741604229129e-05	9.732850287612e-05	9.42171675140048e-05
boot42	0.0644165466145297	9.10143350959563e-05	9.18683156429293e-05	9.18953640116711e-05
boot43	0.0577685088633994	9.15534026709191e-05	9.22493777733801e-05	9.31714275471354e-05
boot44	0.0581346716854872	9.10390893772074e-05	9.17458313370525e-05	9.35578246652378e-05
boot45	0.0817466887417218	9.30567591756452e-05	9.44397312617868e-05	9.24784149187853e-05
boot46	0.0643892339544513	9.26308119217008e-05	9.3489191517817e-05	9.20549793546843e-05
boot47	0.0660318774580832	9.55472717915587e-05	9.64498196782569e-05	9.27471657763492e-05
boot48	0.0808383233532934	9.38232501957677e-05	9.52207768259156e-05	9.62577618514016e-05
boot49	0.0659543866858434	9.03350530258078e-05	9.12288235462733e-05	9.03060474006641e-05
boot50	0.0815761448349308	9.44405922747999e-05	9.58579868234963e-05	9.50328119496876e-05
boot51	0.0558493759255342	9.40389374399281e-05	9.4698796291477e-05	9.46374836491068e-05
boot52	0.0616352201257862	9.28180251872517e-05	9.36144403570534e-05	9.41406846997816e-05
boot53	0.0720151610865445	9.59238557612977e-05	9.70159137579961e-05	9.49916607738967e-05
boot54	0.0778517901748543	9.29389361243252e-05	9.42005725176286e-05	9.44831048919018e-05
boot55	0.0711120489554758	9.69375505413834e-05	9.8004637164436e-05	9.51508952433119e-05
boot56	0.047874535699546	9.21869906669671e-05	9.26599521132005e-05	9.12393982093475e-05
boot57	0.0711157455683003	9.56309646828067e-05	9.66856986281113e-05	9.32420146556257e-05
boot58	0.0610008271298594	9.2573411879742e-05	9.33428702979652e-05	9.24809972932753e-05
boot59	0.0628670872308027	9.58164027485129e-05	9.66761527282573e-05	9.89286562940392e-05
boot60	0.0586072664359862	9.74267245847904e-05	9.81695471797512e-05	9.66676479095461e-05
boot61	0.0763845995470455	9.32861139509488e-05	9.44873919101752e-05	9.23144159622069e-05
boot62	0.0639834881320949	9.03196242944723e-05	9.11645957606333e-05	9.05598212821163e-05
boot63	0.0728991596638656	9.49661037178094e-05	9.60825506673257e-05	9.39829991561627e-05
boot64	0.0492913052676116	9.25289195342917e-05	9.30429099669096e-05	9.43498179101051e-05
boot65	0.0680084745762712	9.30573685570336e-05	9.40372737719046e-05	9.29171552197401e-05
boot66	0.0492249685798073	9.06245993995082e-05	9.11321606755205e-05	9.28479613443285e-05
boot67	0.089168039538715	9.07685934349011e-05	9.24059367782244e-05	9.09545017553501e-05
boot68	0.0774603174603175	9.11799568347817e-05	9.24498194339464e-05	9.31570997985712e-05
boot69	0.0647095307008476	9.41482452786404e-05	9.50139313161686e-05	9.25945363773486e-05
boot70	0.0701390329943972	9.30248133220634e-05	9.40456649405297e-05	9.25530255366936e-05
boot71	0.0648894399669353	9.34246710112484e-05	9.42948176157581e-05	9.32134445027456e-05
boot72	0.075302461410096	9.31935940746645e-05	9.43764185833042e-05	9.25623235179245e-05
boot73	0.0630207220679342	9.27542467714009e-05	9.36027003945507e-05	9.50387977256202e-05
boot74	0.0661087866108787	9.58101934240893e-05	9.67244971201485e-05	9.50177773542313e-05
boot75	0.0595564941921859	9.52356663966487e-05	9.59847637568312e-05	9.49194825780294e-05
boot76	0.0715930500314005	9.2004386944703e-05	9.3077354249036e-05	9.25213861182743e-05
boot77	0.0695833333333333	9.33489221643518e-05	9.43576388888889e-05	9.29121455439815e-05
boot78	0.0820784729586426	9.48771662814355e-05	9.63059840382165e-05	9.47116447911394e-05
boot79	0.0581178903826267	9.11429338940991e-05	9.18415252451906e-05	9.15397351263081e-05
boot80	0.0687929956222639	9.67918857042519e-05	9.777843484886e-05	9.46948572745561e-05
boot81	0.0707909487232717	9.11440640019854e-05	9.21844124390086e-05	9.05928844815887e-05
boot82	0.0714872637633525	9.51631887166451e-05	9.62129892261707e-05	9.18540078001734e-05
boot83	0.0664602683178535	9.15309493621844e-05	9.24426041124179e-05	9.12483543265714e-05
boot84	0.0570015057001506	9.73430359061325e-05	9.80419327983856e-05	9.70248823162209e-05
boot85	0.0740508969545265	9.27104477341368e-05	9.38542807211559e-05	9.24391408057656e-05
boot86	0.0639089968976215	8.97134762555707e-05	9.05582249390165e-05	9.07416205408551e-05
boot87	0.0816111345423872	9.52309339449147e-05	9.6635484194028e-05	9.3689997833087e-05
boot88	0.0670037926675095	9.51271403093293e-05	9.60730965317967e-05	9.53945644271242e-05
boot89	0.0656401944894651	8.95059918080036e-05	9.03788919564264e-05	8.89574523609761e-05
boot90	0.0541479362484675	9.30495109686263e-05	9.36486117042143e-05	9.17369748864376e-05
boot91	0.0600976852834997	9.37101352242573e-05	9.447712009927e-05	9.58946472779649e-05
boot92	0.0698536987430455	9.15996693103264e-05	9.26051379334635e-05	9.19891843954898e-05
boot93	0.0660100586756077	9.3018106438033e-05	9.39312095072612e-05	9.4092535885761e-05
boot94	0.0584511500316523	9.55026037771028e-05	9.62235442582218e-05	9.35079225403122e-05
boot95	0.0627887442251155	9.16461080165429e-05	9.24740010029703e-05	9.33591420564449e-05
boot96	0.0659619450317125	9.40164159831808e-05	9.49362845227932e-05	9.56404738264166e-05
boot97	0.083975828297562	9.18419849135967e-05	9.33114451632866e-05	9.33560241622966e-05
boot98	0.0672897196261682	9.17950947612492e-05	9.27354699154274e-05	9.33880603168705e-05
boot99	0.0826862539349423	9.34331906400237e-05	9.48680314773362e-05	9.33534793141651e-05
boot100	0.049455155071249	9.46921701421881e-05	9.52047041663124e-05	9.36943226419745e-05
boot101	0.0763576970191915	9.40143492921096e-05	9.52047326922881e-05	9.20911119632872e-05
boot102	0.0710221285563751	9.75821942314744e-05	9.86452380132822e-05	9.21625046337018e-05
boot103	0.0891376451077944	9.17740112234076e-05	9.34210924372059e-05	9.29366064823327e-05
boot104	0.0737704918032787	9.36060501618852e-05	9.4749826004865e-05	9.36906071896517e-05
boot105	0.0811784654514625	9.36187425989922e-05	9.50155088671258e-05	9.37072587060525e-05
boot106	0.0730431142737547	9.23159899854266e-05	9.34326280228499e-05	9.25432028746434e-05
boot107	0.0637450199203187	9.13946498032645e-05	9.2246700036991e-05	9.29242577291284e-05
boot108	0.0698076507456235	9.4747064619451e-05	9.58002541812887e-05	9.62988507905606e-05
boot109	0.0568205128205128	9.10247770865996e-05	9.16870479947403e-05	9.14047613749389e-05
boot110	0.0810867733782645	9.25225107973174e-05	9.39073180460322e-05	9.39499483410289e-05
boot111	0.0540929658576717	9.27606695930441e-05	9.33624896167544e-05	9.14977428472246e-05
boot112	0.0679181607255853	9.50359324792379e-05	9.60089079182479e-05	9.48237028919472e-05
boot113	0.049660441426146	9.45991421996237e-05	9.51225206891483e-05	9.41600112447377e-05
boot114	0.0797070228349849	9.5437755232931e-05	9.68063914865322e-05	9.5080470189606e-05
boot115	0.082330982994608	9.03295692368407e-05	9.17352910868735e-05	9.24260800837385e-05
boot116	0.0637803590285111	9.48580280337681e-05	9.5717148244498e-05	9.43853442460568e-05
boot117	0.0444444444444444	9.50775920793557e-05	9.54956468183981e-05	9.41205026788297e-05
boot118	0.0646533390046789	9.37339434979196e-05	9.46229384456979e-05	9.3794815641591e-05
boot119	0.0690962713292606	9.04116272876257e-05	9.14173771742081e-05	9.34369540583003e-05
boot120	0.0684308455654331	9.13958533884965e-05	9.23639701188666e-05	9.09155990617231e-05
boot121	0.0565958342099726	9.30359383504082e-05	9.37098471343179e-05	9.23964602788175e-05
boot122	0.0538332635106829	9.10516401804704e-05	9.16586825475024e-05	9.50464713979702e-05
boot123	0.0652308966659764	9.05026140237676e-05	9.13837633051608e-05	9.14477814978497e-05
boot124	0.0583730076588698	9.19310668656992e-05	9.26363883360247e-05	9.25325466809951e-05
boot125	0.0712203248646397	8.94064968112643e-05	9.04627930781999e-05	9.24932761967042e-05
boot126	0.057914262159934	9.45006866196149e-05	9.51919606842335e-05	9.09457829750431e-05
boot127	0.0538267451640034	9.48834827221043e-05	9.5492675004474e-05	9.37170602065964e-05
boot128	0.0685654008438819	9.22535671244698e-05	9.32453844647403e-05	9.40131755034329e-05
boot129	0.0897002954833263	9.33186598896391e-05	9.50168749613562e-05	9.32257692880691e-05
boot130	0.0885362288577991	8.9841014729032e-05	9.14778207053027e-05	9.18313196641998e-05
boot131	0.0548400498545908	9.34437962516537e-05	9.40685222732685e-05	9.31693671326546e-05
boot132	0.0970180596388072	9.25700318110066e-05	9.45466180974575e-05	9.41127662790872e-05
boot133	0.0550610639619126	9.29514787559581e-05	9.35790342857899e-05	9.24061415505303e-05
boot134	0.0735849056603774	9.34022343575196e-05	9.45373996281793e-05	9.30857911788479e-05
boot135	0.068864774624374	9.08962516989726e-05	9.18858921797877e-05	9.29574120061688e-05
boot136	0.0761231281198003	9.37903573386145e-05	9.49955841761235e-05	9.33228096525236e-05
boot137	0.0672093508662075	9.66450038676185e-05	9.75878335156788e-05	9.46842884788019e-05
boot138	0.055952881783761	9.34985968216619e-05	9.41571422528583e-05	9.31100367750004e-05
boot139	0.0689873417721519	9.4466749418741e-05	9.54708113016076e-05	9.49890580363525e-05
boot140	0.0635216221808401	9.11682927335806e-05	9.20031771706767e-05	9.17276933871962e-05
boot141	0.0626154793676863	9.2802950016939e-05	9.36078562490156e-05	9.20654387286049e-05
boot142	0.0593873723692436	9.11002200471788e-05	9.18351356539558e-05	9.3064030361596e-05
boot143	0.0624741414977244	9.01734357357563e-05	9.09808454080521e-05	9.10960201792964e-05
boot144	0.0741539124811382	9.5839232793344e-05	9.70245750516454e-05	9.56025970653312e-05
boot145	0.0289389067524116	9.70072337542887e-05	9.71867536522575e-05	9.65065677804087e-05
boot146	0.0705024311183144	8.97002357062961e-05	9.07072439708003e-05	9.07010408052127e-05
boot147	0.0770035572295459	9.42106778071412e-05	9.54514285554158e-05	9.38201213112657e-05
boot148	0.0848223896663079	9.55032253842622e-05	9.70521678576105e-05	9.5051621784944e-05
boot149	0.0877083333333333	9.05414406105324e-05	9.21440972222222e-05	9.18634892216435e-05
boot150	0.0485779530828316	9.20823915308003e-05	9.25722851421181e-05	9.28482596167822e-05
boot151	0.0700041545492314	9.48197155159429e-05	9.58377009031786e-05	9.18956865191134e-05
boot152	0.0657976412166356	9.29483118141845e-05	9.38440969558508e-05	9.37593586082263e-05
boot153	0.0707964601769911	9.7858368605147e-05	9.89144450429035e-05	9.50441853255387e-05
boot154	0.0693215339233038	9.15532753440399e-05	9.25658069633993e-05	9.34485553796565e-05
boot155	0.0760246336801869	9.63613943822909e-05	9.75887770381003e-05	9.52891344150586e-05
boot156	0.0768905787917195	9.46872041853391e-05	9.59360764090243e-05	9.3642587645503e-05
boot157	0.0497112211221122	9.22014213828765e-05	9.27111584920868e-05	9.27287023443158e-05
boot158	0.0504500732677413	9.29389447325371e-05	9.34717498178878e-05	9.25420264557692e-05
boot159	0.0894005393071977	9.27830893835269e-05	9.44409314138978e-05	9.24382072639128e-05
boot160	0.0575893812888033	9.47605472152091e-05	9.54705743694004e-05	9.45026802203895e-05
boot161	0.067317681279867	8.99715890517843e-05	9.09131369871464e-05	9.2681983528494e-05
boot162	0.0548380266779589	9.35501099731121e-05	9.41868258676563e-05	9.53747465061366e-05
boot163	0.0901396529834955	9.57059876505023e-05	9.74252337444475e-05	9.57596844856788e-05
boot164	0.0707557044169981	9.61485814273717e-05	9.71965968570442e-05	9.44606238005251e-05
boot165	0.0578936563334018	8.96744713638134e-05	9.03625591165644e-05	9.09363462906996e-05
boot166	0.0637367215163508	9.46869563258816e-05	9.55331070589899e-05	9.35692739465215e-05
boot167	0.0785026737967914	9.22503711843783e-05	9.35685893219709e-05	9.52822464756026e-05
boot168	0.0559265442404007	9.43686266091603e-05	9.50213349461122e-05	9.31539951363891e-05
boot169	0.0604337755316909	9.29213591762092e-05	9.36904139719588e-05	9.351074781801e-05
boot170	0.0645295587010824	9.05606275925811e-05	9.14274185888668e-05	9.22165140841951e-05
boot171	0.0628109452736318	9.74590959821406e-05	9.82769265887258e-05	9.41443027265766e-05
boot172	0.0667366211962225	9.39333459351141e-05	9.48680314773362e-05	9.42455732759656e-05
boot173	0.0672020287404903	9.39909921969967e-05	9.49453693455254e-05	9.47100688128416e-05
boot174	0.0703633690401176	9.36787813225844e-05	9.47186896827347e-05	9.35405654785211e-05
boot175	0.0701381509032944	9.40891745933301e-05	9.51347346809248e-05	9.48737767086491e-05
boot176	0.065770423991727	9.27006950213565e-05	9.35953689969618e-05	9.24332412588219e-05
boot177	0.0692965977875183	8.97892381415662e-05	9.07915379672655e-05	9.21780842495871e-05
boot178	0.0650592392434005	9.42997825868901e-05	9.51795798454496e-05	9.22793085021408e-05
boot179	0.0606578385305425	9.59245143568973e-05	9.67103694135392e-05	9.48154158049277e-05
boot180	0.0907164052564646	9.34060125701804e-05	9.51502826385686e-05	9.48169760753651e-05
boot181	0.0728761514841351	9.09372513594306e-05	9.20244434689779e-05	9.0651041619949e-05
boot182	0.0727310836302662	9.47948558759712e-05	9.59035983882396e-05	9.29257883217165e-05
boot183	0.0696893366918556	9.45934039748463e-05	9.56128421882281e-05	9.43967932771755e-05
boot184	0.0827345514268117	8.9420916166557e-05	9.08261729926288e-05	9.23409022578109e-05
boot185	0.0574543929544978	9.13786443582577e-05	9.20708245364438e-05	9.22647707007084e-05
boot186	0.0788198103266596	9.38271838888844e-05	9.51364699794915e-05	9.23912711987625e-05
boot187	0.0748440748440748	9.18502311563372e-05	9.30148123495317e-05	9.15472962706507e-05
boot188	0.0561635349989676	8.92242522358907e-05	8.98755722159816e-05	9.22725607391654e-05
boot189	0.0817920263049733	8.99337245803912e-05	9.1308557208232e-05	9.15865198211662e-05
boot190	0.0567602040816327	9.29085639189601e-05	9.35934535378777e-05	9.44837264595941e-05
boot191	0.0559631104590233	9.32262866494609e-05	9.38827254950381e-05	9.39181860288416e-05
boot192	0.0722620266120778	9.17517018175849e-05	9.28206476702122e-05	9.16738099450728e-05
boot193	0.0539649845520082	9.3159341778619e-05	9.37591810284025e-05	9.31551473429816e-05
boot194	0.0670807453416149	9.20860322822472e-05	9.3017673357938e-05	9.36726691469782e-05
boot195	0.0661486770264595	9.30544734369277e-05	9.39733410287695e-05	9.44921389032745e-05
boot196	0.0761165862864332	9.38898027946716e-05	9.51046769208825e-05	9.43019798825025e-05
boot197	0.0756813417190776	9.3248730299848e-05	9.44494987452149e-05	9.36473985812005e-05
boot198	0.084408715887455	9.26097355805041e-05	9.4116998393656e-05	9.30841795481467e-05
boot199	0.0597882499481005	9.34678825246904e-05	9.42099698885801e-05	9.23311139063323e-05
boot200	0.0754319426885799	9.30095618710515e-05	9.42084615713829e-05	9.33115225021702e-05
boot201	0.055366269165247	9.51190459139278e-05	9.57718192872835e-05	9.49333338204902e-05
boot202	0.0570184532448683	9.18829670203995e-05	9.25570503731752e-05	9.33051870746432e-05
boot203	0.076810073452256	9.46869063449701e-05	9.59250568976965e-05	9.35648843982372e-05
boot204	0.0630457933972311	9.62362672616131e-05	9.70828640805878e-05	9.50133321835827e-05
boot205	0.0656223539373412	9.37282924403995e-05	9.46398701999841e-05	9.47152816795751e-05
boot206	0.0616352201257862	9.56308534421115e-05	9.64272686119132e-05	9.48971114175848e-05
boot207	0.0749947335159048	9.29839814508079e-05	9.41687739629464e-05	9.36085926655063e-05
boot208	0.0555671175858481	9.25225773795974e-05	9.31651797847586e-05	9.20833228634237e-05
boot209	0.0618011791014434	9.17986833564142e-05	9.25751390869141e-05	9.02744722587216e-05
boot210	0.0790562913907285	9.22468662579536e-05	9.35403052497697e-05	9.2698157017728e-05
boot211	0.0593934288121314	9.50717800158742e-05	9.58147411334103e-05	9.45095048297945e-05
boot212	0.0749842470069313	9.23906756318337e-05	9.35716538505265e-05	9.28046559918076e-05
boot213	0.0461699895068206	9.41564156403867e-05	9.46037751222461e-05	9.3156437796928e-05
boot214	0.0719751809720786	9.46627598879558e-05	9.57342028405852e-05	9.40447762520629e-05
boot215	0.0771750255885363	9.19366521228008e-05	9.31558915444161e-05	9.12258802077281e-05
boot216	0.0601822420004238	9.46118789858171e-05	9.53793937669566e-05	9.4765351491151e-05
boot217	0.0623398804440649	9.57069524481078e-05	9.65366408968227e-05	9.43387800040962e-05
boot218	0.0734864300626305	9.20555949729104e-05	9.31829969360315e-05	9.17921244534427e-05
boot219	0.0542207101849883	9.41836528854044e-05	9.48087614146335e-05	9.46030451913813e-05
boot220	0.0730728616684266	9.3162168973002e-05	9.42898655120544e-05	9.42225330346817e-05
boot221	0.0740971357409714	9.23851232837283e-05	9.35246802627686e-05	9.26189198289185e-05
boot222	0.0499587118084228	9.23917042332824e-05	9.29069546225386e-05	9.1332345772973e-05
boot223	0.0494528619528619	9.35003522104231e-05	9.4014995635366e-05	9.36657090765559e-05
boot224	0.083211066862293	9.39251289637904e-05	9.53764141552305e-05	9.36597136362515e-05
boot225	0.0575221238938053	9.41772271678109e-05	9.48744026286736e-05	9.28342694216545e-05
boot226	0.0690824327187964	9.36495926744706e-05	9.4660904925021e-05	9.37658960574191e-05
boot227	0.0614583333333333	9.11835847077546e-05	9.19704861111111e-05	9.27565013744213e-05
boot228	0.0841729638958858	9.24072406273749e-05	9.38944547018959e-05	9.29129642584146e-05
boot229	0.0666394112837285	9.10206474535788e-05	9.19284175141352e-05	9.11998337264001e-05
boot230	0.0897250361794501	9.22810235252066e-05	9.3945398575321e-05	9.22896124342337e-05
boot231	0.0462080397845006	9.21713253689246e-05	9.26137586347195e-05	9.13466551709907e-05
boot232	0.0567648314127187	9.52201386119685e-05	9.59077711525819e-05	9.48030070060523e-05
boot233	0.0489392984667087	9.41273990401012e-05	9.46304561571803e-05	9.305538301706e-05
boot234	0.0663883089770355	9.41805744285155e-05	9.51007012696074e-05	9.39857649305944e-05
boot235	0.0585416666666667	9.5423168041088e-05	9.61371527777778e-05	9.39734067563657e-05
boot236	0.073373519018915	9.40605456959549e-05	9.51795798454496e-05	9.31309163988143e-05
boot237	0.0756745362563238	9.47248197725208e-05	9.59319520317134e-05	9.39015259931195e-05
boot238	0.0617385917819533	9.10923954162433e-05	9.18794393384442e-05	9.11819096565867e-05
boot239	0.054611134721632	9.47766466069999e-05	9.54103856710849e-05	9.48900593117719e-05
boot240	0.0637890708058686	9.37175012117048e-05	9.45827033282849e-05	9.33766500311996e-05
boot241	0.0677651905252317	9.06496536454057e-05	9.15955076200547e-05	9.10754412930507e-05
boot242	0.0699936561640939	9.22859813840672e-05	9.33219534507234e-05	9.24034207381062e-05
boot243	0.0627897176569743	9.40880889133521e-05	9.49187986991596e-05	9.43565981437e-05
boot244	0.0477009024495058	9.48955378572928e-05	9.53844454839574e-05	9.5150030923084e-05
boot245	0.0734309623430962	9.22264023834305e-05	9.33544580802157e-05	9.41859803738947e-05
boot246	0.0615416493990883	9.38899191288446e-05	9.46747045848662e-05	9.36396319195032e-05
boot247	0.0730671197960918	9.29772327904664e-05	9.41112183459669e-05	9.34916353781765e-05
boot248	0.0782169890664424	9.44715789071572e-05	9.5757932435042e-05	9.30309008817153e-05
boot249	0.0633228840125392	9.1972068152903e-05	9.28100593001685e-05	9.36407666633222e-05
boot250	0.060739806641446	9.37093976402665e-05	9.44847915265297e-05	9.39879122244776e-05
boot251	0.0857920066959615	8.97955057025291e-05	9.13356330122006e-05	9.25482748337287e-05
boot252	0.0848071595994034	9.39077082936829e-05	9.54402576905119e-05	9.46722995523166e-05
boot253	0.0655534941249227	9.14132081766714e-05	9.22990586388413e-05	9.15693997211167e-05
boot254	0.0545567265964042	9.26547806587898e-05	9.32698739460216e-05	9.34971802864994e-05
boot255	0.0667222685571309	9.12391926750589e-05	9.21674372791894e-05	9.15989599782692e-05
boot256	0.062693338832749	8.99485018817981e-05	9.0759072047605e-05	9.1747077229581e-05
boot257	0.072214152313758	9.42553503864081e-05	9.53375009974051e-05	9.35208526330495e-05
boot258	0.0837160751565762	9.35939894727713e-05	9.5057117080208e-05	9.30443737365533e-05
boot259	0.0617744610281924	9.34035259463805e-05	9.41945881427577e-05	9.3258148091274e-05
boot260	0.0720964055682527	9.10850581007821e-05	9.21650272875392e-05	9.22066173440881e-05
boot261	0.0575166112956811	9.0587261500248e-05	9.12741719186323e-05	9.35261627259538e-05
boot262	0.0736442287402406	9.27636895432906e-05	9.39081234801433e-05	9.37935776707972e-05
boot263	0.0784354304635762	9.01684415848634e-05	9.14416445550634e-05	9.27751744473482e-05
boot264	0.0647215944113417	9.17190654504299e-05	9.25797362503366e-05	9.24920688300831e-05
boot265	0.0566801619433198	9.54821695360907e-05	9.61667296805444e-05	9.46820905928811e-05
boot266	0.0365953947368421	9.00938935313911e-05	9.0369227190097e-05	9.10858211859372e-05
boot267	0.0600505689001264	9.30490842894677e-05	9.38088969370085e-05	9.26212131845306e-05
boot268	0.0633361204013378	9.37580901079823e-05	9.45966068612208e-05	9.35033448294004e-05
boot269	0.0752511790034858	9.11234417650508e-05	9.22845530919761e-05	9.21394928398533e-05
boot270	0.0568740645713064	9.33912760854988e-05	9.40828859253237e-05	9.50147548225133e-05
boot271	0.071857527438393	9.16867507814203e-05	9.27560206612214e-05	9.14685259142905e-05
boot272	0.0803514034711806	9.67301299638553e-05	9.81135343006431e-05	9.56402877164122e-05
boot273	0.0664269092447641	9.25122185612927e-05	9.34456931269395e-05	9.4784895298536e-05
boot274	0.0412805391743892	9.03989466021706e-05	9.07578520180359e-05	9.34666088030815e-05
boot275	0.0701718070792797	9.34595649406201e-05	9.44788326923841e-05	9.27966564182235e-05
boot276	0.0740427332346097	9.43445728199456e-05	9.55043626115368e-05	9.5063282719205e-05
boot277	0.0816618911174785	9.00773788695866e-05	9.1442230376112e-05	9.16818237521138e-05
boot278	0.0603282882114688	9.39732739509831e-05	9.4749121821059e-05	9.47715285950665e-05
boot279	0.072094468614046	9.22282263144369e-05	9.33050053500163e-05	9.27878306127367e-05
boot280	0.0504113056317233	9.25810472433684e-05	9.31170733423971e-05	9.25753042071364e-05
boot281	0.0779519331243469	9.40733212110127e-05	9.53432279775378e-05	9.32307023963979e-05
boot282	0.0616339193381593	9.22108202336774e-05	9.29964955207472e-05	9.22129435847527e-05
boot283	0.0780201342281879	9.56713885911633e-05	9.69480541417053e-05	9.36540791531153e-05
boot284	0.0550477773161612	9.19287800750105e-05	9.25582478331014e-05	9.29337772275509e-05
boot285	0.0632937747241308	9.02846216501192e-05	9.11187049145017e-05	9.20598464337546e-05
boot286	0.0732885342293154	9.57558932244987e-05	9.68838246082621e-05	9.5136962165105e-05
boot287	0.082812163036446	9.50712534114753e-05	9.65501954746142e-05	9.60001657522392e-05
boot288	0.0575026232948583	9.34694230608685e-05	9.41633478637626e-05	9.35246590167279e-05
boot289	0.0703205791106515	9.21448547936027e-05	9.31676022282371e-05	9.17880433399798e-05
boot290	0.0647808248758368	9.72932056481927e-05	9.81993933552956e-05	9.54977658753572e-05
boot291	0.0507499486336552	9.1290660000116e-05	9.1819847854301e-05	9.13098814311323e-05
boot292	0.0858882822343553	9.63048894080689e-05	9.78539858014263e-05	9.4367085862607e-05
boot293	0.0662612707066471	9.54591293018081e-05	9.63797742998495e-05	9.40803007812676e-05
boot294	0.0858478538036549	9.56053365454976e-05	9.71713913696994e-05	9.46699599856497e-05
boot295	0.0700041545492314	9.06772484800559e-05	9.16952338672916e-05	9.11086478999405e-05
boot296	0.0708970649028524	9.26540074835724e-05	9.36929479159493e-05	9.28545383791891e-05
boot297	0.065512205299395	9.34768329141932e-05	9.43722739830832e-05	9.39916506799352e-05
boot298	0.0687038556193601	9.13543579023741e-05	9.23224095383392e-05	9.11964677963843e-05
boot299	0.0641564997896508	9.15657088344424e-05	9.24315179352542e-05	9.4144977646626e-05
boot300	0.0678797791862605	8.93518328809579e-05	9.02939028916664e-05	9.03616282760188e-05
boot301	0.0671704450041982	9.27270729039839e-05	9.36741486139046e-05	9.24038833179735e-05
boot302	0.0735507999168918	9.23792739299336e-05	9.35032548500281e-05	9.20570294719462e-05
boot303	0.0738396624472574	9.31188074446519e-05	9.42690808096993e-05	9.36012461789327e-05
boot304	0.0508760819083808	9.51344884590013e-05	9.56809051172973e-05	9.42097732134437e-05
boot305	0.0573221757322176	9.24482118594463e-05	9.31356243763239e-05	9.26557467854885e-05
boot306	0.0763342547310227	9.21230106177025e-05	9.3361989662002e-05	9.40280703181296e-05
boot307	0.070271407532085	9.24495824814325e-05	9.34885201453375e-05	9.3932850490141e-05
boot308	0.0618899273104881	9.33202124143237e-05	9.41157187699826e-05	9.28633543433066e-05
boot309	0.0723508915761426	8.98757572220317e-05	9.09486515675662e-05	9.07011373932202e-05
boot310	0.0592482480356764	9.50845578702145e-05	9.58300144205006e-05	9.48890599961181e-05
boot311	0.0770519262981574	9.2223965791508e-05	9.34670561068884e-05	9.34647062197138e-05
boot312	0.0697867053220128	9.17474921377793e-05	9.27560206612214e-05	9.21201634478619e-05
boot313	0.0748674443266172	9.64666495954543e-05	9.76554373409472e-05	9.53656597908948e-05
boot314	0.0558659217877095	8.97733609881149e-05	9.04191299136664e-05	9.07652939475855e-05
boot315	0.0665979381443299	9.26554943555907e-05	9.35699861834414e-05	9.14857610557122e-05
boot316	0.0658758737555603	9.44242469812137e-05	9.53434655245432e-05	9.40042163493861e-05
boot317	0.0687720756285061	9.41178226039052e-05	9.51004941988051e-05	9.28410428476308e-05
boot318	0.0496632996632997	9.59315845959357e-05	9.64506172839506e-05	9.45312698905374e-05
boot319	0.0596555965559656	9.16852640005395e-05	9.24148232872243e-05	9.23532663724103e-05
boot320	0.08957758437699	9.81456822192797e-05	9.98489604240805e-05	9.61888500443902e-05
boot321	0.0719334719334719	9.41866182593877e-05	9.52623821646691e-05	9.44035394785521e-05
boot322	0.068944099378882	9.05332705316938e-05	9.15173883037777e-05	9.17953026869249e-05
boot323	0.0787728026533997	9.31661110815338e-05	9.44524200446084e-05	9.26061925484105e-05
boot324	0.0667493283736309	9.41854888789263e-05	9.51062313542995e-05	9.25100798217625e-05
boot325	0.062461091512762	9.42264880327821e-05	9.50360725841342e-05	9.36439688894764e-05
boot326	0.0727009113504557	8.97262679641125e-05	9.08210116491139e-05	9.11673015018602e-05
boot327	0.0470612842501569	9.30271606922295e-05	9.34904036278651e-05	9.24600506837563e-05
boot328	0.072436695724367	9.04539859948276e-05	9.15430426339858e-05	9.13986141654813e-05
boot329	0.0667790183273646	9.19424080815014e-05	9.28818303036978e-05	9.27137160840145e-05
boot330	0.0776246023329799	9.61525689900637e-05	9.74305284571588e-05	9.48297326877898e-05
boot331	0.0636288998357964	8.78935494576977e-05	8.87245504622777e-05	9.11985468141231e-05
boot332	0.0719514745869065	9.32387929414222e-05	9.43216238753754e-05	9.2399694132577e-05
boot333	0.0721670383133996	9.11590349959857e-05	9.22147985108707e-05	9.10161517125674e-05
boot334	0.0650205761316872	9.25271172222386e-05	9.3397009263493e-05	9.25142068312241e-05
boot335	0.078605322880132	9.41988185700368e-05	9.54735858044271e-05	9.18883057020004e-05
boot336	0.0690653432588916	9.30834162580417e-05	9.40697730900244e-05	9.26031999338758e-05
boot337	0.0541675414654629	9.40672166508991e-05	9.46832407005343e-05	9.39909771502547e-05
boot338	0.0667919014819453	9.3955587843439e-05	9.48867416951556e-05	9.40852764785287e-05
boot339	0.0706082518077414	9.62764905962272e-05	9.73367894527447e-05	9.56950885160276e-05
boot340	0.0698306502195275	9.61082313762331e-05	9.71277420829197e-05	9.40045789280641e-05
boot341	0.0645780051150895	9.55460303752105e-05	9.64348451119207e-05	9.512679878181e-05
boot342	0.0684960201089233	9.30452691844993e-05	9.40280309714206e-05	9.31308170406718e-05
boot343	0.0506960315811344	9.10698463828811e-05	9.16038350839149e-05	9.18344325292182e-05
boot344	0.0621271343344991	8.87557287588154e-05	8.95497589626041e-05	9.12489264867636e-05
boot345	0.0557684120902512	9.40315116489501e-05	9.46935201178875e-05	9.45421851593396e-05
boot346	0.0694562446898895	9.31316589771458e-05	9.41563339827579e-05	9.47795104857642e-05
boot347	0.06744379683597	9.15205016594356e-05	9.24673513121524e-05	9.28831764787577e-05
boot348	0.0977601004814737	9.30486962871098e-05	9.50493320932952e-05	9.17194402054739e-05
boot349	0.0646451884607286	9.30764791409603e-05	9.39564539548418e-05	9.4172813347112e-05
boot350	0.0658593584023794	9.63891566012777e-05	9.73106469537683e-05	9.39612740386356e-05
boot351	0.0649864611539263	9.30915994649962e-05	9.39712578972625e-05	9.24969372074999e-05
boot352	0.0787434554973822	9.35234214295873e-05	9.48219621172665e-05	9.41523194100465e-05
boot353	0.0437731196054254	9.20550880964575e-05	9.24488583389546e-05	8.99710541625503e-05
boot354	0.0741827326068734	9.11532044224678e-05	9.23064059767476e-05	9.30325449234511e-05
boot355	0.0833854492391078	9.39822770852395e-05	9.54317524124873e-05	9.28342926260592e-05
boot356	0.0578698953416786	9.22121112672153e-05	9.28993521428272e-05	9.2501477665774e-05
boot357	0.0630002052123948	9.02740373809893e-05	9.10885306822009e-05	9.09428536609219e-05
boot358	0.0612244897959184	9.37179775135049e-05	9.45066242946475e-05	9.36726411035593e-05
boot359	0.0529815084147102	9.27905284636577e-05	9.3373748956884e-05	9.18823996679767e-05
boot360	0.0453485908031363	9.48537923061668e-05	9.52895826617147e-05	9.50741425872627e-05
boot361	0.0705571370475803	9.0897662430203e-05	9.19099254615879e-05	9.07869607418136e-05
boot362	0.0584136093461775	9.092143508219e-05	9.16207894082503e-05	9.10818582253498e-05
boot363	0.0688121956383655	9.54257361721448e-05	9.64283019711227e-05	9.33655904073641e-05
boot364	0.0678752107925801	9.41165845650061e-05	9.50877153070249e-05	9.44857835888564e-05
boot365	0.0616917532329871	9.49680560742566e-05	9.57748977992852e-05	9.29697076565816e-05
boot366	0.0666806899453092	9.44165266530789e-05	9.53518052419688e-05	9.43892749567911e-05
boot367	0.0770505385252693	9.10928826386863e-05	9.23225399475169e-05	9.1488391128223e-05
boot368	0.0450565876574845	9.47308133441197e-05	9.51643166734677e-05	9.43678354884688e-05
boot369	0.0731707317073171	9.48891980379675e-05	9.60346742849903e-05	9.45464287359105e-05
boot370	0.0495582848524025	9.67831891770026e-05	9.73123905554796e-05	9.64998213462514e-05
boot371	0.0720186401186189	9.17771112221982e-05	9.28757522992021e-05	9.30277183097669e-05
boot372	0.0653968253968254	9.46353072289076e-05	9.55404383975813e-05	9.59976348150251e-05
boot373	0.0540021344717182	9.39139062986805e-05	9.45363674571653e-05	9.45187173297981e-05
boot374	0.0735450863355361	9.35052019637398e-05	9.46582353732691e-05	9.37653065387943e-05
boot375	0.0749125334430953	9.19416678900971e-05	9.30966149299948e-05	9.18126760239547e-05
boot376	0.0672144964180362	9.51655776151925e-05	9.61174926022828e-05	9.3184947864634e-05
boot377	0.077721304531978	9.46517199689776e-05	9.5930966300649e-05	9.41165011368358e-05
boot378	0.0638034276275036	9.23179341060743e-05	9.3158503459165e-05	9.14116992613706e-05
boot379	0.0574664429530201	9.57275905114279e-05	9.64202062970137e-05	9.40297426779309e-05
boot380	0.069675540765391	9.35965489888072e-05	9.46062580114673e-05	9.34877550346793e-05
boot381	0.0737908226539893	8.97477047711083e-05	9.08731875135541e-05	9.12407892218436e-05
boot382	0.0909670563230606	9.62670503328126e-05	9.80258187358057e-05	9.42847490559959e-05
boot383	0.053414327607876	9.25528635181591e-05	9.31504945181175e-05	9.32374669464544e-05
boot384	0.063742437337943	9.53478087322231e-05	9.62257470031352e-05	9.59603327202346e-05
boot385	0.0503657262277952	9.28040259902714e-05	9.33341631644518e-05	9.35168510579319e-05
boot386	0.0703025138474648	9.29851146869421e-05	9.40380425636513e-05	9.46164470764199e-05
boot387	0.0713386487620646	9.60496718265826e-05	9.71174860958225e-05	9.4449834800845e-05
boot388	0.0617542390621729	9.48645139246246e-05	9.56628363115092e-05	9.24092678050023e-05
boot389	0.0692567567567568	9.18997646594846e-05	9.29125388056976e-05	9.32878669698253e-05
boot390	0.0831054071112981	9.26108862242956e-05	9.40639703166866e-05	9.41875464924401e-05
boot391	0.0738339259569128	9.54125621326071e-05	9.65527940134293e-05	9.42044245564693e-05
boot392	0.075	9.12580680964415e-05	9.24202581790861e-05	9.15899082080719e-05
boot393	0.0685559491560742	9.23320915136324e-05	9.33114451632866e-05	9.33562955992705e-05
boot394	0.0834898768524316	9.15149099292191e-05	9.29698378225262e-05	9.22989887575209e-05
boot395	0.05612968591692	9.30209061056557e-05	9.36593137330381e-05	9.04011292806823e-05
boot396	0.0692676820363029	9.46771177385943e-05	9.56781633832182e-05	9.29788893574048e-05
boot397	0.0418392709196355	8.99007235510609e-05	9.02633011382786e-05	9.03288785962157e-05
boot398	0.0711586901763224	9.34484319859689e-05	9.45113117482716e-05	9.30382298191095e-05
boot399	0.065625	9.04656304253472e-05	9.13628472222222e-05	9.27577311197917e-05
boot400	0.0730420097107874	9.42426818319372e-05	9.53689506059694e-05	9.4699357120362e-05
boot401	0.0591420241566014	9.32904563895408e-05	9.40188568521272e-05	9.22571890501443e-05
boot402	0.0598555211558308	9.2895951966687e-05	9.36354119074168e-05	9.18961247517016e-05
boot403	0.0733712839974699	9.33704755519016e-05	9.45054840518884e-05	9.35199243359285e-05
boot404	0.0629370629370629	9.35969887552317e-05	9.44363771619161e-05	9.38965494241251e-05
boot405	0.0667086217747011	9.13025995346057e-05	9.22361091253504e-05	9.19915710428099e-05
boot406	0.0628426824124842	9.30899394252087e-05	9.39227531605095e-05	9.26879748479097e-05
boot407	0.064563309653155	8.97174644058288e-05	9.05884257416769e-05	9.12091023388545e-05
boot408	0.078740157480315	9.62322602420235e-05	9.75516925467744e-05	9.46268127942791e-05
boot409	0.0669341216216216	9.50428344390377e-05	9.5988817681702e-05	9.42693967173239e-05
boot410	0.0602434928631402	9.40138657809075e-05	9.47756790538611e-05	9.33334140804164e-05
boot411	0.0699979351641545	9.2828961114675e-05	9.3840670990216e-05	9.28847226408685e-05
boot412	0.0621314237573715	9.29168433616875e-05	9.37298833402296e-05	9.2291038478922e-05
boot413	0.0523738556525442	9.85919165336566e-05	9.91759107333401e-05	9.69832786672734e-05
boot414	0.0760059612518629	9.52716919919434e-05	9.65016060106404e-05	9.47173240430535e-05
boot415	0.0809503784693019	9.32748622380812e-05	9.46526931410087e-05	9.31740986220399e-05
boot416	0.0428270042194093	9.14341593291433e-05	9.18211112891453e-05	9.24631140666282e-05
boot417	0.0567271193589203	9.58679327305163e-05	9.65465421929291e-05	9.45088194273461e-05
boot418	0.0564853556485356	9.47440063188186e-05	9.5411494896798e-05	9.36636453820155e-05
boot419	0.0615671641791045	9.34517981643231e-05	9.42375601263995e-05	9.27062021794939e-05
boot420	0.0724094881398252	9.22519299432782e-05	9.33428858260646e-05	9.24452146359478e-05
boot421	0.0727841501564129	9.36671881487347e-05	9.4771991592737e-05	9.3050662093211e-05
boot422	0.0423280423280423	9.43997935795478e-05	9.47789815514683e-05	9.47514904235041e-05
boot423	0.0643024994659261	9.75569671310652e-05	9.84402851053368e-05	9.50511016437175e-05
boot424	0.0582828493837476	9.45539687806002e-05	9.52635761614836e-05	9.37569105241524e-05
boot425	0.0631291946308725	9.32530361991061e-05	9.40888783162921e-05	9.47093412426543e-05
boot426	0.0602282333051564	9.40448153534983e-05	9.48113918723191e-05	9.40745252073763e-05
boot427	0.0750744364100383	9.21125685472293e-05	9.3311243792292e-05	9.42871123698897e-05
boot428	0.0668875543590806	9.15722479964943e-05	9.249872240696e-05	9.09308583467296e-05
boot429	0.0645967909981246	9.32669385474696e-05	9.41364416537949e-05	9.25883280169741e-05
boot430	0.0463368816530996	9.07790437739817e-05	9.12271979383176e-05	9.29169511936044e-05
boot431	0.0353630466624817	8.98041912509501e-05	9.00658663020597e-05	9.25008891201914e-05
boot432	0.0556825264907542	9.16503312782537e-05	9.22945331806833e-05	9.22114606976651e-05
boot433	0.0840214698596202	9.0980765949104e-05	9.24381580625167e-05	9.18274221791925e-05
boot434	0.07631466438649	9.55851704317254e-05	9.68301315263006e-05	9.50801489047654e-05
boot435	0.0529100529100529	9.52614982457372e-05	9.5853979451863e-05	9.4702214946553e-05
boot436	0.0929653455073667	9.18216195401012e-05	9.36150529215712e-05	9.19444141108529e-05
boot437	0.0566708490171476	9.6802880797954e-05	9.74744795282602e-05	9.26490114217285e-05
boot438	0.0635955972278842	8.974917497734e-05	9.05735532869143e-05	8.9694636471488e-05
boot439	0.0580168776371308	9.36034716057696e-05	9.43135893464366e-05	9.43825400184329e-05
boot440	0.0793517154283309	9.44127374123153e-05	9.57380783387348e-05	9.47484530230137e-05
boot441	0.0806019377447949	9.17672189839695e-05	9.31064629271185e-05	9.05638695685255e-05
boot442	0.0791831631589915	9.21351911327807e-05	9.3441707767051e-05	9.31790291595293e-05
boot443	0.0565162378743146	9.45833097599831e-05	9.5256883176994e-05	9.36926705946131e-05
boot444	0.0632171917379512	9.27114086243026e-05	9.35452106963311e-05	9.37663100596129e-05
boot445	0.0717821782178218	9.1605764156947e-05	9.2668610920498e-05	9.23047800360535e-05
boot446	0.0570955730244104	9.37300255895509e-05	9.44043955645169e-05	9.25719038697827e-05
boot447	0.0675122749590835	9.21509634664062e-05	9.30834322205287e-05	9.08923275884817e-05
boot448	0.074430273886682	9.03743838429942e-05	9.1532624627198e-05	9.32750122555875e-05
boot449	0.0493116909800699	9.02648288807229e-05	9.07644473042516e-05	9.17518008658881e-05
boot450	0.0558659217877095	9.27702071500262e-05	9.34159760755777e-05	9.12634484235432e-05
boot451	0.0665039658328249	9.24541285345962e-05	9.3353615512732e-05	9.07649816784242e-05
boot452	0.0628943618970079	9.08776539250421e-05	9.16828036825084e-05	9.03848379498654e-05
boot453	0.0444256399407658	9.66979709266836e-05	9.71154952516565e-05	9.5042870418873e-05
boot454	0.0521938032855063	9.27032242983849e-05	9.32697023814388e-05	9.26350322096581e-05
boot455	0.0798494983277592	9.38318595621307e-05	9.51646234382166e-05	9.31586276685831e-05
boot456	0.0556375131717597	9.3151648577901e-05	9.38040264223557e-05	9.42205987305171e-05
boot457	0.082525273364968	9.23233359047217e-05	9.37284154887867e-05	9.15895857824282e-05
boot458	0.067564723216165	9.51316511038437e-05	9.6092499730086e-05	9.33849079174645e-05
boot459	0.0974751655629139	9.06745282647566e-05	9.26408792377527e-05	9.19146072696567e-05
boot460	0.0749424324890098	9.51444519419549e-05	9.63201622595956e-05	9.38562747186755e-05
boot461	0.0748862225899876	9.29019358046012e-05	9.40620405488704e-05	9.18039068094455e-05
boot462	0.0552543786488741	9.27046860384961e-05	9.33412678483112e-05	9.35597226013868e-05
boot463	0.0713208360267184	9.56128038069924e-05	9.67088308812329e-05	9.69016942720771e-05
boot464	0.0758373709711397	9.72174346096334e-05	9.84290012487347e-05	9.44161167880802e-05
boot465	0.071578947368421	9.50100014579385e-05	9.60886426592798e-05	9.35152062982942e-05
boot466	0.0543090794715873	9.29033289502312e-05	9.3521797415958e-05	9.22264166389409e-05
boot467	0.0697326203208556	9.4404400046917e-05	9.54445365895507e-05	9.55238123055669e-05
boot468	0.0643892339544513	9.13448533038491e-05	9.22032328999653e-05	9.09656863197974e-05
boot469	0.0759680134680135	9.60775485608951e-05	9.72920138534617e-05	9.31994220976434e-05
boot470	0.0678428901491283	9.43695825544775e-05	9.53363243616161e-05	9.36340807841182e-05
boot471	0.0610561056105611	9.21549507988083e-05	9.2923896350031e-05	9.16571407006931e-05
boot472	0.0620604054613157	9.50626534654118e-05	9.58594043810144e-05	9.35744643996734e-05
boot473	0.0804953560371517	9.2809256663291e-05	9.41466152481306e-05	9.35278956630025e-05
boot474	0.0652595304759854	9.61721566529405e-05	9.70894097905555e-05	9.54139284278224e-05
boot475	0.0797086368366285	9.26225431621618e-05	9.39448047201959e-05	9.25130585458383e-05
boot476	0.0620074657818333	9.44645457821993e-05	9.52619173733825e-05	9.26477362037381e-05
boot477	0.0665004156275977	9.39187026113354e-05	9.48377186709038e-05	9.24708215287372e-05
boot478	0.0640474728872519	9.37476362555067e-05	9.45870221329863e-05	9.17591530540781e-05
boot479	0.0581395348837209	9.57860459711069e-05	9.65006771585266e-05	9.4391539477356e-05
boot480	0.0765984384891327	9.28481401818275e-05	9.40862327707647e-05	9.28616515323189e-05
boot481	0.0659411011523688	9.22929771896126e-05	9.32208962722389e-05	9.39678011129428e-05
boot482	0.0567875647668394	9.23703812614088e-05	9.30387392950146e-05	9.16254268118892e-05
boot483	0.0620025136154168	9.01075164669644e-05	9.09127765621948e-05	9.38533876148468e-05
boot484	0.0689092762487258	9.07230723035506e-05	9.16911637109151e-05	9.0592608250228e-05
boot485	0.0493311036789298	9.00244168275074e-05	9.05331036565586e-05	9.12796026741843e-05
boot486	0.0733964248159832	9.35595890645509e-05	9.46925091856378e-05	9.29171411966067e-05
boot487	0.0873907615480649	9.57368918684931e-05	9.73259774290321e-05	9.34824262757968e-05
boot488	0.0679181607255853	9.38791986488976e-05	9.48521740879076e-05	9.47407103879678e-05
boot489	0.0765957446808511	9.2549820367356e-05	9.37980986871888e-05	9.31512092696223e-05
boot490	0.0859424248791763	9.4394290987586e-05	9.59463188073197e-05	9.4263694305413e-05
boot491	0.0866290018832392	9.5544935630505e-05	9.711526079629e-05	9.42475272541341e-05
boot492	0.0854736842105263	9.44619472226272e-05	9.6e-05	9.30529021723283e-05
boot493	0.0798423890501866	9.34238001951032e-05	9.47458257216983e-05	9.22471640300128e-05
boot494	0.0922594142259414	9.09610125140649e-05	9.27417237093188e-05	9.27840895481434e-05
boot495	0.0613305613305613	9.14980262190898e-05	9.22800299099675e-05	9.11334476066648e-05
boot496	0.0619256891729924	9.07741328207339e-05	9.15401717699049e-05	8.9995626806875e-05
boot497	0.0705429670799487	9.7182943276992e-05	9.82467120252696e-05	9.62236172785452e-05
boot498	0.059983395599834	9.36394773349614e-05	9.43862618405002e-05	9.15114888628379e-05
boot499	0.0526865983692243	9.20013458535286e-05	9.25817091501458e-05	9.1971570979184e-05
boot500	0.0721845893310754	9.25062185850346e-05	9.3609227674132e-05	9.39109779354238e-05
boot501	0.0705784088536229	9.47106982442526e-05	9.57508552282387e-05	9.44853934166405e-05
boot502	0.0676208255548641	9.42238941437679e-05	9.51723645956911e-05	9.24764759350882e-05
boot503	0.0371824003305102	9.41873565732157e-05	9.44729444464523e-05	9.30527794168186e-05
boot504	0.0748056314351755	9.34016968240743e-05	9.45775494179838e-05	9.33453795563285e-05
boot505	0.0773871437486998	9.21447629930107e-05	9.33906065581411e-05	9.23106846089877e-05
boot506	0.0627877773126831	9.30017632969214e-05	9.38268585208367e-05	9.38097515465275e-05
boot507	0.0732562938505984	9.18506260117878e-05	9.29580310032705e-05	9.21093910361019e-05
boot508	0.0665550439514441	9.30749950819062e-05	9.40020720754974e-05	9.42235092981469e-05
boot509	0.0746766791823112	9.36047749182346e-05	9.47680219799154e-05	9.28687827189299e-05
boot510	0.063343717549325	8.9271052456895e-05	9.01043705364316e-05	9.03590733900243e-05
boot511	0.0636688379911746	8.98843633634423e-05	9.07361643575895e-05	9.33197909196822e-05
boot512	0.10288239006943	9.51126402214283e-05	9.73396097535971e-05	9.46672481776244e-05
boot513	0.0646032405484005	9.72145703074801e-05	9.80815372142841e-05	9.33327643240001e-05
boot514	0.0577281191806331	9.09711427581749e-05	9.16606804664582e-05	9.19976761761257e-05
boot515	0.0811148086522463	9.25023923930869e-05	9.38708641448944e-05	9.31602665186107e-05
boot516	0.0647798742138365	9.00537082687448e-05	9.09334634266401e-05	9.21866959839146e-05
boot517	0.0545379707758798	9.11714649364134e-05	9.17836053472697e-05	9.10442687402551e-05
boot518	0.0792468446099731	9.13031335372122e-05	9.26025464030589e-05	9.23288165598701e-05
boot519	0.043859649122807	9.15504733047204e-05	9.19522420643645e-05	9.2970110917879e-05
boot520	0.0617517328292376	9.43148003025265e-05	9.51157405477299e-05	9.40414635521793e-05
boot521	0.0678381691867593	9.07459526443644e-05	9.16862912627975e-05	9.12082903483795e-05
boot522	0.0632111251580278	9.45208617336147e-05	9.536275940402e-05	9.30469047099432e-05
boot523	0.0665395210849756	9.29143748726902e-05	9.38526049778434e-05	9.44493283077345e-05
boot524	0.0660673217645829	9.29804804414754e-05	9.38930648038306e-05	9.28315877917449e-05
boot525	0.0455798176807293	9.15591995698823e-05	9.1999632001472e-05	9.37657541421295e-05
boot526	0.0686253934942287	9.60377840927534e-05	9.70261250439051e-05	9.33631474550334e-05
boot527	0.0742331288343558	8.9496672154814e-05	9.06235755119793e-05	9.09707143243759e-05
boot528	0.0324757486292703	9.50344719055829e-05	9.5256883176994e-05	9.44388493440269e-05
boot529	0.0764105767228815	9.48014836111696e-05	9.60170939037208e-05	9.287481408662e-05
boot530	0.0734077750206782	9.26561712109063e-05	9.37704601756471e-05	9.20615772470032e-05
boot531	0.0562590824164418	9.02344379616852e-05	9.08915034286439e-05	9.32165476695305e-05
boot532	0.0702293202293202	9.29387902181279e-05	9.3948650459707e-05	9.1545729177861e-05
boot533	0.0801087638569337	9.38105696935433e-05	9.51528441228857e-05	9.37792567587138e-05
boot534	0.0506814310051107	9.36830603694753e-05	9.42300381055754e-05	9.45403951502448e-05
boot535	0.0684733140256516	9.10807845312325e-05	9.20507048319473e-05	9.39607026851937e-05
boot536	0.0728862973760933	9.18717660817072e-05	9.29780576987827e-05	9.20970522097037e-05
boot537	0.0640321217244294	9.11760590435821e-05	9.20425240927224e-05	9.32856096719959e-05
boot538	0.0769230769230769	9.13417544437074e-05	9.25853777651268e-05	9.26404122469669e-05
boot539	0.0711120489554758	9.23957636305372e-05	9.34628502535898e-05	9.33348494693454e-05
boot540	0.0669623996620194	9.35163864756343e-05	9.4463569189723e-05	9.30954708402877e-05
boot541	0.0569417786308381	9.20463103664055e-05	9.27377938711279e-05	9.36529335731864e-05
boot542	0.0637223974763407	9.3219362365352e-05	9.40733148238447e-05	9.38671120326987e-05
boot543	0.0696228760878574	9.40567090589429e-05	9.50611319505188e-05	9.25259107780069e-05
boot544	0.0590717299578059	9.41560253703918e-05	9.48922003240222e-05	9.40114007959554e-05
boot545	0.05893536121673	9.23912176019645e-05	9.31249262630855e-05	9.40023396845184e-05
boot546	0.0523789649415693	9.31859199023129e-05	9.37584482763426e-05	9.27541858347045e-05
boot547	0.0918155380141255	9.17995520697645e-05	9.35507138937827e-05	9.27962668697457e-05
boot548	0.0506170257268354	9.1335822988503e-05	9.18717115669241e-05	9.24384738572431e-05
boot549	0.0467211397443956	9.4663584074493e-05	9.51209201103227e-05	9.37912529931804e-05
boot550	0.0612330198537095	9.26379228533465e-05	9.3421513808499e-05	9.26217123263007e-05
boot551	0.0388854231648991	9.05338095263246e-05	9.0848235838388e-05	9.15153116388306e-05
boot552	0.0539089347079038	9.91528527553183e-05	9.97770308569809e-05	9.69038261400294e-05
boot553	0.0478991596638655	8.89361181941882e-05	8.94181201892522e-05	9.17161971066232e-05
boot554	0.0718981101068201	9.27879613186063e-05	9.38498631750016e-05	9.09177831120558e-05
boot555	0.0420098846787479	9.11519463822306e-05	9.15153793333677e-05	9.09246785256276e-05
boot556	0.071236280803479	9.02042531917571e-05	9.12551141780301e-05	9.29586072931833e-05
boot557	0.0670886075949367	9.37646131667294e-05	9.47141661770728e-05	9.30812474980381e-05
boot558	0.0649705634987384	9.08473142808451e-05	9.17348614047609e-05	9.11436931677329e-05
boot559	0.0605367172872894	9.4921892920676e-05	9.5684259082507e-05	9.33973226474259e-05
boot560	0.055022392834293	9.29562995159102e-05	9.36019518326539e-05	9.43095659756004e-05
boot561	0.0721070811744387	9.6381979442016e-05	9.75044818503703e-05	9.72387382901438e-05
boot562	0.0670656211308295	9.04969074371569e-05	9.14250538543389e-05	9.24959568792704e-05
boot563	0.0592269326683292	9.3720064110882e-05	9.4449039496023e-05	9.27197007704158e-05
boot564	0.0568205556716106	9.05307180022858e-05	9.12051645338986e-05	9.3815636526486e-05
boot565	0.0705636743215031	9.48457110141314e-05	9.58852166787976e-05	9.31587026175145e-05
boot566	0.0774515927545284	9.41179064552191e-05	9.53668652768333e-05	9.25654083292883e-05
boot567	0.0748552522746071	9.00890138937887e-05	9.12476798973237e-05	9.15226601536493e-05
boot568	0.0647571606475716	9.11465327061518e-05	9.20169125017382e-05	9.26293006530338e-05
boot569	0.0758734752946041	9.39092580013283e-05	9.50994139354364e-05	9.1828886388273e-05
boot570	0.0851961197806833	9.47935294875911e-05	9.63241871901817e-05	9.33225728371932e-05
boot571	0.0718220338983051	9.34830297736137e-05	9.45759120942258e-05	9.52362670812254e-05
boot572	0.0930136420008268	9.22037667000151e-05	9.3992013413173e-05	9.20370756138049e-05
boot573	0.0607379767827529	9.34728209423899e-05	9.42375601263995e-05	9.30701456628413e-05
boot574	0.0814291649356045	9.35541559104307e-05	9.49315362390783e-05	9.3984569335963e-05
boot575	0.0458696554586966	9.19679232378903e-05	9.24046242117175e-05	9.19275801901658e-05
boot576	0.0701570680628272	9.5677087018402e-05	9.67078753323648e-05	9.38359323816414e-05
boot577	0.0540652942399667	9.22727077888594e-05	9.28805381155914e-05	9.18253230886097e-05
boot578	0.0717622080679405	9.41099424215107e-05	9.52033212976862e-05	9.58523582875212e-05
boot579	0.0709205020920502	9.24772828640428e-05	9.35295250433291e-05	9.41161367130877e-05
boot580	0.062552831783601	9.37612032763411e-05	9.4588096083642e-05	9.22155169839503e-05
boot581	0.0674703891708968	9.29354224219935e-05	9.38982509784386e-05	9.4037328001573e-05
boot582	0.0625131551252368	9.29662192079384e-05	9.37887606863034e-05	9.42270037438e-05
boot583	0.0680434782608696	9.8379130023835e-05	9.93856332703214e-05	9.68949926029424e-05
boot584	0.0725891538299219	9.37313202240965e-05	9.48431972559058e-05	9.35917530473245e-05
boot585	0.0621130829550144	9.25025648424015e-05	9.3298692591922e-05	9.17699596533525e-05
boot586	0.0554045578089065	9.32075664076247e-05	9.38493529487078e-05	9.32943686656127e-05
boot587	0.0583420776495278	9.15111346579226e-05	9.22254679264354e-05	9.31104632914989e-05
boot588	0.0611278519156263	9.31484945625055e-05	9.3952759366599e-05	9.63848586868931e-05
boot589	0.0634289302909776	9.36812630036857e-05	9.45234713348261e-05	9.32274507832986e-05
boot590	0.0699597201611194	9.42429170663915e-05	9.52805177543335e-05	9.55334102929869e-05
boot591	0.0841815097540288	9.4582639137427e-05	9.60852953258213e-05	9.40385103504666e-05
boot592	0.071912013536379	9.48175464113078e-05	9.59113149584432e-05	9.50110185501644e-05
boot593	0.053921568627451	9.31805821347456e-05	9.3800261496051e-05	9.49676410274339e-05
boot594	0.0453802125919869	9.05881677431448e-05	9.10091333389939e-05	9.0650077463109e-05
boot595	0.0609781477627471	9.20448328822199e-05	9.28186798134531e-05	9.11017111601141e-05
boot596	0.0664814023086789	9.59767232922026e-05	9.69215238165567e-05	9.46312365393306e-05
boot597	0.069300518134715	9.59549684815717e-05	9.69917909802202e-05	9.70949791744695e-05
boot598	0.0563941299790356	9.23763554991073e-05	9.3043084617785e-05	9.38304977789225e-05
boot599	0.0690242863229655	9.36584470775209e-05	9.46734347431354e-05	9.436687706399e-05
boot600	0.083420886740912	9.21880272312634e-05	9.36503185413369e-05	9.31877839863236e-05
boot601	0.0537455903714464	9.1077882259297e-05	9.16772988362581e-05	9.08761853410167e-05
boot602	0.0571548644673251	9.14185125382096e-05	9.21049337469254e-05	9.31254545951018e-05
boot603	0.0624353938391565	8.91218071786754e-05	8.9927715469734e-05	9.22286417837326e-05
boot604	0.0759333473950643	9.70172236749859e-05	9.82333960535178e-05	9.51929651071882e-05
boot605	0.0686274509803922	9.34810204030352e-05	9.44634415603289e-05	9.25484550251321e-05
boot606	0.0595585172844648	9.24995617392796e-05	9.32382574871188e-05	9.30450312386376e-05
boot607	0.0628068739770867	9.16486034174107e-05	9.24556213017751e-05	9.21647578388845e-05
boot608	0.0616281490734957	9.1628400403083e-05	9.24191621682766e-05	9.25971413274441e-05
boot609	0.0769706974824598	8.59442317322796e-05	8.71667839961955e-05	9.01218000832476e-05
boot610	0.0753482482059941	9.47986290570807e-05	9.59968896116843e-05	9.48137848920737e-05
boot611	0.0688585607940447	9.08230873928538e-05	9.18035467383102e-05	9.24299977396262e-05
boot612	0.0514065978546853	8.89239319925295e-05	8.94587707504718e-05	8.93250859310382e-05
boot613	0.0594309799789252	9.32373143554557e-05	9.39816855633072e-05	9.35683893720759e-05
boot614	0.0480890382192356	9.02244445980541e-05	9.07100715608535e-05	9.33856269273208e-05
boot615	0.0572575533488274	9.4525060724964e-05	9.52177350151592e-05	9.39650623139123e-05
boot616	0.0585345886205485	9.03639873124648e-05	9.10652353814326e-05	9.14703845481802e-05
boot617	0.0632728771640561	9.29226126616876e-05	9.37477274565388e-05	9.06771209964078e-05
boot618	0.0429175475687104	9.45021761972543e-05	9.48915875903437e-05	9.39413572655388e-05
boot619	0.0718174204355109	9.30447281419757e-05	9.41246573459144e-05	9.35323297307119e-05
boot620	0.0544585325296196	9.51247906460654e-05	9.5741238736957e-05	9.29020967298568e-05
boot621	0.0496764767271968	9.13220410503626e-05	9.18371218977906e-05	9.11958442422168e-05
boot622	0.0714882943143813	9.32224875204347e-05	9.42907517813e-05	9.19962358858095e-05
boot623	0.0558647701504844	9.11032778994714e-05	9.17466241258096e-05	9.14527510051417e-05
boot624	0.0528707145807518	9.21504975254953e-05	9.27278028663213e-05	9.20346946688899e-05
boot625	0.0548568950563747	9.59599907529745e-05	9.66124796808206e-05	9.73852339521454e-05
boot626	0.0648405735073828	9.43975824726665e-05	9.52972828734297e-05	9.47150730627386e-05
boot627	0.0586042658935597	9.1444442499313e-05	9.21556580679448e-05	9.24628903348973e-05
boot628	0.0583971836819217	9.17496411740716e-05	9.24558393645831e-05	9.16070765929329e-05
boot629	0.065943067786197	9.35579361135286e-05	9.44484722980576e-05	9.12978239200434e-05
boot630	0.061336717428088	9.30577901436207e-05	9.38535162233273e-05	9.3664339680668e-05
boot631	0.0538947368421053	9.00699367254702e-05	9.06814404432133e-05	9.42068056568013e-05
boot632	0.0832134785288679	9.02282422399166e-05	9.16509837662931e-05	9.16017592080722e-05
boot633	0.0547445255474453	9.65591382271456e-05	9.7202539488935e-05	9.56652532599783e-05
boot634	0.0700145863721609	9.2767603090322e-05	9.3789074710423e-05	9.18781584143156e-05
boot635	0.0606567663668689	9.28520937520896e-05	9.36216489301036e-05	9.22034163850336e-05
boot636	0.060136391816491	9.13694707964466e-05	9.2116812317568e-05	9.16004308418848e-05
boot637	0.074623701505194	9.39201841875856e-05	9.51007431925328e-05	9.43590444969208e-05
boot638	0.112560488112771	9.28148069375594e-05	9.54804630461614e-05	9.37191882228913e-05
boot639	0.0667637271214642	9.45443483854043e-05	9.54714272662589e-05	9.4136631975773e-05
boot640	0.0745490110845468	9.66229046244117e-05	9.78308061792224e-05	9.69146515205307e-05
boot641	0.0814507772020725	9.04180985072173e-05	9.17930682702891e-05	9.26283021542325e-05
boot642	0.0642259414225941	9.56426986565039e-05	9.65056634162567e-05	9.28144515800306e-05
boot643	0.064235391628678	9.17158314738353e-05	9.25708222607581e-05	9.23522435546902e-05
boot644	0.0606942423612555	9.08279021090124e-05	9.15936038458253e-05	9.21797342286165e-05
boot645	0.0587746625129803	9.36139452799836e-05	9.43313826535069e-05	9.34861504321183e-05
boot646	0.0716965402250938	9.19749106140067e-05	9.3046272406472e-05	9.41305807863091e-05
boot647	0.0701495681483042	9.44190709166139e-05	9.5455717622195e-05	9.3465242643562e-05
boot648	0.0513950073421439	9.30461772951917e-05	9.36002882202387e-05	9.31755083082681e-05
boot649	0.0708324416862829	9.62385535897397e-05	9.73122182152994e-05	9.51103928480187e-05
boot650	0.0799586776859504	9.4343623716598e-05	9.56645720920702e-05	9.31547005014222e-05
boot651	0.0850520944078248	9.2954142997603e-05	9.44922800937454e-05	9.49462420309581e-05
boot652	0.0484073763621123	9.2913199660616e-05	9.34042462000676e-05	9.4276104341543e-05
boot653	0.0624351794233561	9.19973857284552e-05	9.28059631251834e-05	9.32952184475974e-05
boot654	0.0751408891671885	9.22270061999996e-05	9.34054977935783e-05	9.27225546404599e-05
boot655	0.0589690721649485	9.15351193691497e-05	9.22520990540971e-05	9.26616564749916e-05
boot656	0.0941722972972973	9.39825111943294e-05	9.58550664262235e-05	9.42442901155248e-05
boot657	0.0718660677827685	9.32332420971512e-05	9.42876993651295e-05	9.14375397681507e-05
boot658	0.0781183482332908	9.74269716413469e-05	9.87259236061612e-05	9.42386376306436e-05
boot659	0.0714881200500208	9.2806470826251e-05	9.38716128246433e-05	9.29557458840033e-05
boot660	0.0669058674546222	9.5497565020715e-05	9.64423508163789e-05	9.45506449976669e-05
boot661	0.0594895018526142	9.24488293371434e-05	9.31773185982945e-05	9.14639850530101e-05
boot662	0.0584538026398492	9.47562118883014e-05	9.54720817904716e-05	9.31501419768768e-05
boot663	0.0900634249471459	9.40259412491235e-05	9.57408293068847e-05	9.40491496351904e-05
boot664	0.0742564102564103	9.17762179402889e-05	9.29072978303748e-05	9.1129302112308e-05
boot665	0.0648535564853557	9.19055775235701e-05	9.27854904500972e-05	9.35016168789164e-05
boot666	0.0572376607216922	9.60017522017249e-05	9.66811694155142e-05	9.33712224215881e-05
boot667	0.0443974630021142	9.344682775901e-05	9.38635581440046e-05	9.40898021094816e-05
boot668	0.0437956204379562	9.45024598619752e-05	9.49024716178762e-05	9.37754362279847e-05
boot669	0.0713985720285594	9.14475918707499e-05	9.25180992390232e-05	9.39890097006304e-05
boot670	0.0558430357912893	9.67194643704906e-05	9.73918327720403e-05	9.58443159696603e-05
boot671	0.0694179894179894	9.42966165323882e-05	9.53164805016657e-05	9.42870609954958e-05
boot672	0.069134792391082	9.04779263976839e-05	9.14555536259429e-05	9.1194725241806e-05
boot673	0.0769230769230769	8.77882696622913e-05	8.90052914153381e-05	8.86313693210622e-05
boot674	0.0678752107925801	9.48275207542175e-05	9.57986514962363e-05	9.28919280434556e-05
boot675	0.0705074875207987	9.17554371445214e-05	9.27894025764048e-05	9.26824350507162e-05
boot676	0.0814876723777685	9.22133335935005e-05	9.36007637542917e-05	9.26212252902128e-05
boot677	0.0779514603044015	8.7713208560576e-05	8.89629885201787e-05	9.12843664175889e-05
boot678	0.0773388773388773	9.31544183172591e-05	9.43979322357701e-05	9.34336482246458e-05
boot679	0.071443363015117	9.31570645785506e-05	9.42140441020357e-05	9.24001242666596e-05
boot680	0.0683148991541965	9.45134503527052e-05	9.55255790550361e-05	9.47101333019452e-05
boot681	0.0768746061751733	9.19333290778254e-05	9.31746029855313e-05	9.4319340780107e-05
boot682	0.0765380604796663	9.6246873940158e-05	9.74685787789462e-05	9.37303555380339e-05
boot683	0.0626714496729268	9.43260827318163e-05	9.51548885144933e-05	9.44662136645198e-05
boot684	0.073472874839812	9.63785128470194e-05	9.75314951915787e-05	9.71251998649822e-05
boot685	0.0645705845115003	9.12027057445937e-05	9.20825032512738e-05	9.35023225647262e-05
boot686	0.0446847582126097	8.9809821403243e-05	9.02172336898212e-05	9.08341242397177e-05
boot687	0.0626046901172529	9.42685053221396e-05	9.50891391631524e-05	9.26621738533431e-05
boot688	0.0525662251655629	9.18548742211805e-05	9.24267301872725e-05	9.19584209599102e-05
boot689	0.0817991631799163	9.5193384534438e-05	9.65931968978134e-05	9.33670478853559e-05
boot690	0.0879814775836666	9.56593853761582e-05	9.72886719258962e-05	9.44196751495066e-05
boot691	0.0610397810987161	9.3934891438352e-05	9.47191168386002e-05	9.23850904690149e-05
boot692	0.0670553935860058	9.19549592113113e-05	9.28913244360039e-05	9.14212480114262e-05
boot693	0.0846774193548387	9.55374976254239e-05	9.70592007978762e-05	9.44108326148819e-05
boot694	0.0532295392383758	9.22284138159872e-05	9.28245391783961e-05	9.2918145640262e-05
boot695	0.047897929303493	9.37105183699237e-05	9.41903785731369e-05	9.1550236982929e-05
boot696	0.074238578680203	9.45219545152779e-05	9.56876411828871e-05	9.39650408761395e-05
boot697	0.061426116838488	9.45843874079723e-05	9.53947756875805e-05	9.52043548511817e-05
boot698	0.0765832106038292	9.11036647960348e-05	9.23376198026392e-05	9.314557274192e-05
boot699	0.0657698056801196	9.52893891171566e-05	9.62130848974685e-05	9.43832005578453e-05
boot700	0.0572949946751864	9.44329395095444e-05	9.51321336341088e-05	9.55642153309917e-05
boot701	0.0863608054805896	9.29202459561179e-05	9.44685516906531e-05	9.2730250691125e-05
boot702	0.0611724723874257	9.38577734942576e-05	9.46526059874586e-05	9.4382448801305e-05
boot703	0.0813076278290025	9.41706546255411e-05	9.55560130377748e-05	9.4006779196397e-05
boot704	0.0626206304953892	9.67511256268622e-05	9.7592074235835e-05	9.62226527852646e-05
boot705	0.0653758067874245	9.37834283802319e-05	9.467328807482e-05	9.28010231330016e-05
boot706	0.0715477680433876	9.41788379422059e-05	9.52466483535514e-05	9.28180556206204e-05
boot707	0.0484479865771812	8.96377360491869e-05	9.01300194811045e-05	9.33796104515734e-05
boot708	0.0707070707070707	9.24757901086847e-05	9.35278713056491e-05	9.36709929664961e-05
boot709	0.0677685950413223	9.31362228001181e-05	9.40851034765385e-05	9.15136248483682e-05
boot710	0.0612035325528856	8.93300276359215e-05	9.00993585862095e-05	9.19393455297217e-05
boot711	0.0913309428390635	9.09127702903542e-05	9.26721757153431e-05	9.34267562487546e-05
boot712	0.0779193649467307	9.42570934325722e-05	9.55254091697149e-05	9.38044237070401e-05
boot713	0.0603789298355195	9.30472878052655e-05	9.38063165723033e-05	9.19811998621021e-05
boot714	0.0842039281236941	9.54808912541678e-05	9.69623583480792e-05	9.30120865325517e-05
boot715	0.0709324352767838	9.2995555392352e-05	9.40545767298167e-05	9.20487034643948e-05
boot716	0.0837696335078534	9.57207158398885e-05	9.71903182478551e-05	9.35197290535373e-05
boot717	0.0586374182661886	9.26142855347631e-05	9.33395221559241e-05	9.28928040239208e-05
boot718	0.0616721854304636	9.13826117456181e-05	9.21697513266962e-05	9.08412826557617e-05
boot719	0.0488674496644295	9.24443632636633e-05	9.29452079861267e-05	9.11113850865134e-05
boot720	0.0913451511991658	9.6293859447994e-05	9.80339922212158e-05	9.38302949830797e-05
boot721	0.0595538720538721	9.32686438515678e-05	9.4014995635366e-05	9.44593922130981e-05
boot722	0.0683111954459203	9.41439615763426e-05	9.51278155555227e-05	9.41709534550582e-05
boot723	0.0736093684650774	9.46359344501089e-05	9.57690041125572e-05	9.39226997260242e-05
boot724	0.0522861981371719	9.51814194806547e-05	9.57601338150407e-05	9.56225054933569e-05
boot725	0.0716666666666667	9.38084490740741e-05	9.48784722222222e-05	9.41521990740741e-05
boot726	0.0685594111461619	9.37482215064491e-05	9.47367373543373e-05	9.30922493993273e-05
boot727	0.0628130217028381	9.16286674432452e-05	9.24520137903741e-05	9.16929713554789e-05
boot728	0.0687054026503568	9.15185166193073e-05	9.24808881490418e-05	9.07441892443716e-05
boot729	0.0499475341028332	9.02925422180809e-05	9.08161006992884e-05	9.29128487104627e-05
boot730	0.0636515912897822	9.41969898105085e-05	9.50452990805507e-05	9.33812117910402e-05
boot731	0.0744525547445255	9.26591041004959e-05	9.38151380750499e-05	9.21159588863609e-05
boot732	0.0810419681620839	9.27585385908704e-05	9.41163638138566e-05	9.30003181472489e-05
boot733	0.0749574105621806	9.52102024323372e-05	9.64066703621045e-05	9.36076824263923e-05
boot734	0.0654048370136698	9.34390428886633e-05	9.43386838360418e-05	9.33265889329163e-05
boot735	0.0656637527952836	9.16572651728121e-05	9.25338108998217e-05	9.0880036481708e-05
boot736	0.0718612909964487	9.34429515796678e-05	9.45217159714949e-05	9.36408624009443e-05
boot737	0.0596252129471891	9.81890120508695e-05	9.89460746613886e-05	9.4792717165715e-05
boot738	0.0664472330796133	9.34236554539711e-05	9.43319530848982e-05	9.32278032603784e-05
boot739	0.0756847167049969	9.41816562654799e-05	9.53792678780067e-05	9.41576755195375e-05
boot740	0.0555785123966942	9.20381710677758e-05	9.2676388224848e-05	9.13129631861392e-05
boot741	0.0685189053687069	9.44137447247332e-05	9.53944926655992e-05	9.33866322312641e-05
boot742	0.0550883095037847	9.25556944629637e-05	9.31937772728848e-05	9.35005113874728e-05
boot743	0.0678910441601321	9.06442509554841e-05	9.15953846486646e-05	9.07552506765903e-05
boot744	0.066541117388575	9.56633449425228e-05	9.65898400886455e-05	9.42755628851132e-05
boot745	0.0653019447287615	8.9181939139891e-05	9.00548857080298e-05	9.05775590450659e-05
boot746	0.0557281955666045	9.25328620268578e-05	9.31762495928636e-05	9.3045004255433e-05
boot747	0.0709623078542851	8.93488942891949e-05	9.04092541830686e-05	9.28936291716762e-05
boot748	0.0730004231908591	9.32083174464754e-05	9.43359225641319e-05	9.44191299218162e-05
boot749	0.076972010178117	9.68972839787344e-05	9.81535796426149e-05	9.47109296644339e-05
boot750	0.0682730923694779	9.46704322731931e-05	9.56556817218702e-05	9.25861748345056e-05
boot751	0.0625512715340443	9.16882181876794e-05	9.24906508313475e-05	9.08647122524393e-05
boot752	0.0763295099061522	9.41223489176942e-05	9.53374050350067e-05	9.30927132156681e-05
boot753	0.0627329192546584	9.42175552840399e-05	9.5032341859239e-05	9.31414324533551e-05
boot754	0.0708876735380732	9.43832810727715e-05	9.54402987967177e-05	9.36810659151466e-05
boot755	0.0753779250362394	9.3937981741636e-05	9.51145879919505e-05	9.24635119569653e-05
boot756	0.042907727556759	9.13317765510695e-05	9.17152535525452e-05	9.22267971970815e-05
boot757	0.0880861850443599	9.38954518462698e-05	9.5534483531033e-05	9.38964698256817e-05
boot758	0.0435331230283912	9.34093900176193e-05	9.38079458116477e-05	9.36932130122979e-05
boot759	0.078011144449207	9.46925402768864e-05	9.59968134569711e-05	9.45587030428837e-05
boot760	0.0493197278911565	9.39350096788218e-05	9.44521090749225e-05	9.35205731124389e-05
boot761	0.0619860847564832	9.42288172950545e-05	9.50389110550035e-05	9.33890324685185e-05
boot762	0.0692899914456801	9.46513750013538e-05	9.56781292602379e-05	9.50274094686326e-05
boot763	0.0697674418604651	9.8364228543309e-05	9.94123542848579e-05	9.61476047471098e-05
boot764	0.0584524810765349	9.3182734175481e-05	9.39011304210661e-05	9.23314303485159e-05
boot765	0.0551968339929181	8.9301885919495e-05	8.99364808961335e-05	9.2376208280652e-05
boot766	0.0632725749004819	9.23068720444556e-05	9.31456356594854e-05	9.24912448017263e-05
boot767	0.088020071085093	9.31037838805967e-05	9.47235900511643e-05	9.26636129021029e-05
boot768	0.0597758405977584	9.08444963249171e-05	9.15861217128724e-05	9.24710757921004e-05
boot769	0.0575040783034258	9.17195741398985e-05	9.23938643155769e-05	9.06038123042576e-05
boot770	0.0492040520984081	9.09658777575712e-05	9.14664026165546e-05	9.15388781637155e-05
boot771	0.0584334852880232	9.36666339698498e-05	9.43741499671365e-05	9.14905801029371e-05
boot772	0.0715025906735751	9.41697916708687e-05	9.52294021316009e-05	9.35829263838081e-05
boot773	0.0685103708359522	9.20305704124005e-05	9.30139500294295e-05	9.28720929972617e-05
boot774	0.0567676339758526	9.49749360691541e-05	9.56575381168593e-05	9.46040971865876e-05
boot775	0.0702848825119567	9.51395808861261e-05	9.61668141383032e-05	9.4200267233576e-05
boot776	0.0633550831403915	9.42729942274388e-05	9.51178409038702e-05	9.3617023716073e-05
boot777	0.0682013769363167	9.43061107617951e-05	9.53068482437248e-05	9.54623131486439e-05
boot778	0.0757951259809996	9.38019435118336e-05	9.49884162756659e-05	9.24266854886136e-05
boot779	0.0642768850432633	8.82779897297121e-05	8.91291471155516e-05	9.13621761448213e-05
boot780	0.0533876500857633	9.80883867200324e-05	9.86995018962073e-05	9.74177084882676e-05
boot781	0.0725378013894565	9.05694002809184e-05	9.16445397640439e-05	9.1207667573674e-05
boot782	0.0694794290512175	9.19118016466226e-05	9.29251079147341e-05	9.22659191737852e-05
boot783	0.0648774302620456	9.47257636943534e-05	9.56152567115569e-05	9.53930085066727e-05
boot784	0.0724245577523413	9.30697300398014e-05	9.41613672022618e-05	9.26423740658265e-05
boot785	0.0577400662251656	9.29788287761493e-05	9.36687946800579e-05	9.28519348271975e-05
boot786	0.0439024390243902	9.67968339631285e-05	9.72056195733703e-05	9.47321942603093e-05
boot787	0.0485082635758746	9.84524770702016e-05	9.8957532153942e-05	9.67145282995844e-05
boot788	0.0721627858191735	9.02635942395471e-05	9.13559935802612e-05	9.45162859671714e-05
boot789	0.0615321923390383	8.88150144365208e-05	8.95864510082503e-05	9.00305827514674e-05
boot790	0.0509288248799833	9.38225710607934e-05	9.4363949729893e-05	9.2553855751231e-05
boot791	0.0694387546087669	9.06044788171527e-05	9.15921356466522e-05	9.04360664013987e-05
boot792	0.0529067335842744	9.45277064715523e-05	9.51130520295945e-05	9.38820147850358e-05
boot793	0.0764077873142139	9.33889774777918e-05	9.4611114794571e-05	9.37644664974983e-05
boot794	0.0540986991534173	9.25968297722897e-05	9.32011389298557e-05	9.15439986323266e-05
boot795	0.0524100189433803	9.44510814651788e-05	9.50292355560324e-05	9.39518068352134e-05
boot796	0.0525553486447341	9.26732266534976e-05	9.32447277234685e-05	9.2514911396468e-05
boot797	0.0777070063694267	9.31098956310506e-05	9.43919293548082e-05	9.55104787996292e-05
boot798	0.0431439555745408	9.46705525215743e-05	9.50681178574602e-05	9.47375474056433e-05
boot799	0.0813008130081301	9.31847032864214e-05	9.45626107693863e-05	9.31463827824573e-05
boot800	0.0612930310663308	9.80847837814109e-05	9.88733722904995e-05	9.56760853884667e-05
boot801	0.070387338608913	9.25534584606731e-05	9.35851905382337e-05	9.31748602042464e-05
boot802	0.058202154101077	9.24360209387519e-05	9.3137655309507e-05	9.31484160549761e-05
boot803	0.0850618059920386	9.36488901498768e-05	9.51648153203413e-05	9.24460344827547e-05
boot804	0.0600795478333682	9.33296433876066e-05	9.40852540361018e-05	9.30133233353853e-05
boot805	0.0609857978279031	9.29202770150388e-05	9.36970663919615e-05	9.30105793267303e-05
boot806	0.0557620817843866	9.03795048658729e-05	9.10216795385141e-05	9.0717117849462e-05
boot807	0.0588483442311749	9.30984460108278e-05	9.38289095456834e-05	9.31760896085127e-05
boot808	0.0612719205577858	9.39334849453637e-05	9.47266918434917e-05	9.33973487632331e-05
boot809	0.0764224228427462	9.3545200958577e-05	9.47714001425274e-05	9.41034577148131e-05
boot810	0.0569607238330249	9.29106237833458e-05	9.3577809483445e-05	9.26490849715852e-05
boot811	0.0605102255956146	9.29778186940319e-05	9.37497957974754e-05	9.28555117436023e-05
boot812	0.0657620041753653	9.38927640955522e-05	9.47956119438113e-05	9.37099834699455e-05
boot813	0.058187863674148	9.11974099011977e-05	9.19010315718048e-05	9.18074606593335e-05
boot814	0.0822347771500314	9.46055770772273e-05	9.60206343220306e-05	9.40716174126963e-05
boot815	0.0685161832702816	9.09803167839572e-05	9.19669639823445e-05	9.35840939288299e-05
boot816	0.0524569769852789	9.362011881706e-05	9.41906629668494e-05	9.18609863321621e-05
boot817	0.0780856423173804	9.11605504875433e-05	9.24404345211533e-05	9.25640537978994e-05
boot818	0.077593537414966	9.61096920175918e-05	9.73896148595493e-05	9.47143383409854e-05
boot819	0.0448609941027801	9.42819096914174e-05	9.4705774222144e-05	9.49601078887439e-05
boot820	0.0666111573688593	9.2150363770285e-05	9.30739787340691e-05	9.25018245191015e-05
boot821	0.0625792811839323	9.24098589261811e-05	9.32378010897112e-05	9.39428597628453e-05
boot822	0.075507216063585	9.34353635042533e-05	9.46278629139318e-05	9.2504851422776e-05
boot823	0.084453781512605	9.45400033468652e-05	9.60384153661465e-05	9.49972487759315e-05
boot824	0.0775097917955061	9.17405183767081e-05	9.29789780394957e-05	9.29230188927814e-05
boot825	0.0782608695652174	9.22639897853884e-05	9.35320568050787e-05	9.14405325299296e-05
boot826	0.0671422576584138	9.47628263120814e-05	9.57087102322385e-05	9.40173145989169e-05
boot827	0.039832285115304	9.29302139871442e-05	9.32628368251959e-05	9.350140387569e-05
boot828	0.0938766801792191	9.31672045204153e-05	9.50474757133898e-05	9.46802401020843e-05
boot829	0.0643047306983412	9.25112013732741e-05	9.3358037005096e-05	9.12111786417986e-05
boot830	0.0515003192168546	9.54474437878535e-05	9.60118793867975e-05	9.56106910075604e-05
boot831	0.0569830087028595	9.17691861018183e-05	9.24420131388739e-05	9.22341373871939e-05
boot832	0.0807211636959639	9.15119681026245e-05	9.2846921241004e-05	9.05558232673809e-05
boot833	0.0661519198664441	9.26710523992729e-05	9.35842570115468e-05	9.17076205791252e-05
boot834	0.0661519198664441	9.37161999880478e-05	9.46294046003216e-05	9.45011511925554e-05
boot835	0.0598055790363483	9.4770083095183e-05	9.5525938396086e-05	9.40216363823659e-05
boot836	0.0656013456686291	9.30846848561079e-05	9.39895495645888e-05	9.27796425291694e-05
boot837	0.0607278882776132	9.43614920345167e-05	9.5141829828562e-05	9.38355889444823e-05
boot838	0.0648051677432799	9.208895636823e-05	9.29640782199146e-05	9.31329934487595e-05
boot839	0.0896580483736447	9.13608434815768e-05	9.30369414044648e-05	9.17834123337853e-05
boot840	0.0813566375364128	9.35675648678186e-05	9.49447813620407e-05	9.30915598733805e-05
boot841	0.0789949748743719	9.05817519708844e-05	9.18360647458397e-05	8.95580247136036e-05
boot842	0.069995731967563	9.46800697054875e-05	9.57256101437451e-05	9.43223950485717e-05
boot843	0.0498108448928121	9.32565700616171e-05	9.37780329176356e-05	9.43950634113163e-05
boot844	0.0605235602094241	9.40109620284302e-05	9.47781036704038e-05	9.36620233066887e-05
boot845	0.0540929658576717	8.92072263996561e-05	8.98090464233664e-05	9.12468489178096e-05
boot846	0.0720964055682527	9.15167444112624e-05	9.25967135980195e-05	9.1165619215279e-05
boot847	0.0745791604517366	9.53447853700661e-05	9.65299656755606e-05	9.48459840979838e-05
boot848	0.0709144792548688	9.31720402926388e-05	9.42365752985637e-05	9.39595827683074e-05
boot849	0.0642011219613547	9.14813161767642e-05	9.23377018117313e-05	9.29316853129064e-05
boot850	0.0733526730211355	8.98243178290596e-05	9.09392400502253e-05	9.09957708666676e-05
boot851	0.0643238799835594	9.42170272453055e-05	9.50673276020954e-05	9.21301117905249e-05
boot852	0.0739891621508962	9.13405912076933e-05	9.24815658045653e-05	9.22959950343841e-05
boot853	0.0890901432181971	9.45423067070098e-05	9.62139692214662e-05	9.39752481084738e-05
boot854	0.0623039933096383	9.28192135806146e-05	9.36307936730936e-05	9.29393732024324e-05
boot855	0.0626816106268161	9.32692279415171e-05	9.40847082882942e-05	9.24061621115864e-05
boot856	0.0720436883007771	9.61872932567322e-05	9.72774619238147e-05	9.45988674060129e-05
boot857	0.0713698066639243	9.00304884193971e-05	9.10781332781478e-05	9.18762589210653e-05
boot858	0.0592422022189659	9.18606201139388e-05	9.25953152204393e-05	9.32242584110994e-05
boot859	0.0654461279461279	9.26708094469152e-05	9.35721553356233e-05	9.31508885900453e-05
boot860	0.0657672849915683	9.58644400685516e-05	9.6776188756402e-05	9.44595018784469e-05
boot861	0.0557851239669422	8.96001817041581e-05	9.024315279011e-05	9.1835498467171e-05
boot862	0.0879465218299561	9.3560549442149e-05	9.51762984920732e-05	9.30830109593418e-05
boot863	0.0512494705633206	9.53298898701598e-05	9.58861177890545e-05	9.44051861241113e-05
boot864	0.0674295055169595	8.82521579754549e-05	8.91812013375844e-05	8.95760746255507e-05
boot865	0.0627849150435143	9.40296358335047e-05	9.48464500807118e-05	9.28244991838333e-05
boot866	0.0562913907284768	9.30558462057694e-05	9.37116244901539e-05	9.13159738084695e-05
boot867	0.0643459915611814	9.45973077931706e-05	9.54708113016076e-05	9.51908676295084e-05
boot868	0.0495542193655401	9.47992499298572e-05	9.53083978993634e-05	9.29825362421966e-05
boot869	0.0704997968305567	9.27321382399152e-05	9.37419353453905e-05	9.04122273221811e-05
boot870	0.0872949095498528	9.42798214225202e-05	9.58827665704624e-05	9.43853659019957e-05
boot871	0.0704342405983794	9.32063752141067e-05	9.42371215778446e-05	9.27894701012094e-05
boot872	0.0743285446595878	9.20058209141411e-05	9.31560879454158e-05	9.24032234667001e-05
boot873	0.0707557044169981	9.20293388193635e-05	9.3077354249036e-05	9.42192144131852e-05
boot874	0.09002079002079	9.59548496903539e-05	9.76396194691413e-05	9.3907163702851e-05
boot875	0.055204382638011	9.36551290047183e-05	9.4297253712355e-05	9.39958917640241e-05
boot876	0.0466257668711656	9.15590569273872e-05	9.20036299614003e-05	9.03291262668063e-05
boot877	0.0769069132170624	9.32464021902145e-05	9.4489241715446e-05	9.23131684680599e-05
boot878	0.0753496138593196	9.45294477777567e-05	9.57144956401546e-05	9.2902802019842e-05
boot879	0.0721133805752397	9.15280270107407e-05	9.26118827126976e-05	9.13440043989096e-05
boot880	0.08072696534235	9.10672707698677e-05	9.24444565123413e-05	9.39574883910033e-05
boot881	0.0736949846468782	9.20860363813828e-05	9.31977970286916e-05	9.16392046792453e-05
boot882	0.0569830087028595	9.03952221350538e-05	9.10680491721094e-05	9.21499016663761e-05
boot883	0.0667903525046382	9.03595853948595e-05	9.12791795378596e-05	9.1524670947929e-05
boot884	0.0588358022115585	9.26053317886841e-05	9.33275624629753e-05	9.37813497205533e-05
boot885	0.0730622617534943	9.42623110373014e-05	9.53927841615149e-05	9.50182962403671e-05
boot886	0.0754599958652057	9.28109203323445e-05	9.39881398849549e-05	9.21117548612936e-05
boot887	0.0426716141001855	9.15412449469245e-05	9.19166039759732e-05	9.25500863952981e-05
boot888	0.0522684507631194	9.40212667489828e-05	9.45924544857958e-05	9.26555157447458e-05
boot889	0.07693951699081	9.63914411836761e-05	9.7656602387946e-05	9.62884906430879e-05
boot890	0.0693069306930693	9.18479904308439e-05	9.28388012068534e-05	9.10381648077439e-05
boot891	0.0636996414258595	9.29285572396785e-05	9.37844197829781e-05	9.3395901505077e-05
boot892	0.0772128060263653	9.27590184885595e-05	9.40065216093934e-05	9.48414428562884e-05
boot893	0.0655246252676659	9.94066397052623e-05	0.000100326013691658	9.65676714326488e-05
boot894	0.0520050125313283	9.31758329215417e-05	9.37406870001514e-05	9.39915419388544e-05
boot895	0.0768735237277217	9.67591866921802e-05	9.8028144959373e-05	9.67906720335372e-05
boot896	0.0678948457876216	9.39959619010641e-05	9.49501556672667e-05	9.24902756417167e-05
boot897	0.0558751027115859	9.21113607986441e-05	9.27526975083874e-05	9.05335220060126e-05
boot898	0.0634789777411377	8.96464650801282e-05	9.04769639702889e-05	9.02805101511878e-05
boot899	0.053560435050277	9.38688038986008e-05	9.44575008415056e-05	9.14429103233937e-05
boot900	0.0826583592938733	9.42495154787809e-05	9.56684987313572e-05	9.36244261416128e-05
boot901	0.0671749433340202	9.1123327008066e-05	9.20531586610494e-05	9.187710694174e-05
boot902	0.0717884130982368	9.20636389701555e-05	9.31454140027255e-05	9.36724283396659e-05
boot903	0.0666666666666667	9.48447245515023e-05	9.57823710587691e-05	9.27859699777337e-05
boot904	0.0778405524168236	8.98050524762155e-05	9.10729226583783e-05	9.31684852923896e-05
boot905	0.068289663709511	9.19575409985052e-05	9.29196780254411e-05	9.17418788458461e-05
boot906	0.0398848684210526	9.43535183101375e-05	9.46805747922438e-05	9.28823376800319e-05
boot907	0.0637717642122928	9.75437948214557e-05	9.8396917940975e-05	9.4473637196264e-05
boot908	0.0681528662420382	9.57047132827703e-05	9.66908731929625e-05	9.46517221631288e-05
boot909	0.0706150341685649	9.39533269264004e-05	9.49859388648198e-05	9.34300632301866e-05
boot910	0.0559732664995823	9.40023742076802e-05	9.46567197721399e-05	9.16388259902313e-05
boot911	0.0546744574290484	9.14362737001843e-05	9.20600834445835e-05	9.20154087650271e-05
boot912	0.076509511993383	9.37145092090224e-05	9.49249528453883e-05	9.28919557284444e-05
boot913	0.0467701342281879	9.28383302372322e-05	9.32971065492545e-05	9.49781362441038e-05
boot914	0.0971583786042624	9.04496553601114e-05	9.24220227928337e-05	9.29892089859161e-05
boot915	0.0718711276332094	9.18316124342798e-05	9.2898415199102e-05	9.16786004443789e-05
boot916	0.0649185874392049	9.21624714933701e-05	9.30536584240323e-05	9.28159335609167e-05
boot917	0.073139974779319	9.47298286577186e-05	9.5854136331262e-05	9.37428286741913e-05
boot918	0.0715646834639001	9.44025068394923e-05	9.54868820076668e-05	9.47439439701038e-05
boot919	0.0664046338436078	9.19088034938785e-05	9.28210036171519e-05	9.21089473238779e-05
boot920	0.0578082761488875	9.3742290460473e-05	9.44371951789812e-05	9.15176494477796e-05
boot921	0.0650186954715413	9.54773558217544e-05	9.63555092826645e-05	9.45270365378413e-05
boot922	0.0686334767465683	9.09164350127545e-05	9.18815147362377e-05	9.13029484745649e-05
boot923	0.0801070840197694	9.18477838993791e-05	9.31692717309587e-05	9.07459574725466e-05
boot924	0.0821216465287733	9.25221436893411e-05	9.39032546515768e-05	9.27261311356449e-05
boot925	0.0861335601871544	9.30903321646979e-05	9.46681692958154e-05	9.3978480597204e-05
boot926	0.0559108727047658	9.27855192704051e-05	9.34304595812383e-05	9.19834647168312e-05
boot927	0.0774751952712687	9.4592032500644e-05	9.58591648380562e-05	9.40791171546566e-05
boot928	0.0620674740484429	9.565271360216e-05	9.64858388908179e-05	9.54233156302681e-05
boot929	0.0666244992620704	9.32139976327926e-05	9.41498660498117e-05	9.3502604547086e-05
boot930	0.0643939393939394	9.24781385042137e-05	9.3350735185752e-05	9.243305303767e-05
boot931	0.0697723440134907	9.20620310545607e-05	9.30882072748678e-05	9.31774395824487e-05
boot932	0.0453882989798043	9.38108833803428e-05	9.42398023235617e-05	9.16460719646272e-05
boot933	0.0659227113039884	9.25853249630466e-05	9.34834038772167e-05	9.14967326938566e-05
boot934	0.0773922187171398	9.30348225405364e-05	9.42944556673423e-05	9.28979431019283e-05
boot935	0.0657563025210084	9.44680053187859e-05	9.5376385848457e-05	9.31166862444434e-05
boot936	0.0588113481051978	8.97669687078633e-05	9.0483219415246e-05	9.14003961356374e-05
boot937	0.0655907303951997	9.03423994550501e-05	9.12325595861852e-05	9.29114436349232e-05
boot938	0.0751517688926104	9.50064093647893e-05	9.61886970699784e-05	9.35911060095081e-05
boot939	0.0741764080765143	9.34684056950424e-05	9.46378296089922e-05	9.39426041590122e-05
boot940	0.0526315789473684	9.41747597953709e-05	9.4742051030778e-05	9.11185726356492e-05
boot941	0.0724094881398252	9.4243475744762e-05	9.53344316275484e-05	9.39425043809433e-05
boot942	0.0725088046405635	9.34175343785727e-05	9.45067257501085e-05	9.35240172835973e-05
boot943	0.0645907847675153	9.18582533908234e-05	9.2736008382804e-05	9.24464346370279e-05
boot944	0.0668717948717949	9.16533772990104e-05	9.25706771860618e-05	9.1263570592896e-05
boot945	0.0814191960623462	9.40753399299867e-05	9.54348734589939e-05	9.34941552828512e-05
boot946	0.0515789473684211	9.31795305438111e-05	9.37396121883657e-05	9.29349514506488e-05
boot947	0.0577937144062434	9.56603093725866e-05	9.63648260198911e-05	9.49303056559914e-05
boot948	0.0818276220145379	9.03959445237558e-05	9.17865488279207e-05	9.12903651307906e-05
boot949	0.066516577977896	9.19608964102027e-05	9.28664336893451e-05	9.07000970310804e-05
boot950	0.0571781160016454	8.94327403321193e-05	9.0105166689482e-05	9.15592482289362e-05
boot951	0.0853212980872555	9.75098181590639e-05	9.90743408126839e-05	9.57153456467992e-05
boot952	0.0599250936329588	9.53665376419348e-05	9.61137321585638e-05	9.28416572513005e-05
boot953	0.0727120768909319	9.37184718331533e-05	9.48231617883963e-05	9.42236022248954e-05
boot954	0.079858950425223	9.22575734242225e-05	9.35804217882586e-05	9.22198759272436e-05
boot955	0.0669995838535164	9.44869913959666e-05	9.5421020575439e-05	9.37568408129008e-05
boot956	0.0551523947750363	8.87881110743862e-05	8.94187946011167e-05	9.12651545860512e-05
boot957	0.0591815320041973	9.21951140310134e-05	9.2930151540009e-05	9.2659221764549e-05
boot958	0.0600575894693542	9.24937228373088e-05	9.32355809312762e-05	9.16620907260123e-05
boot959	0.0733730327520204	9.45182879951603e-05	9.56632479983992e-05	9.50153463718657e-05
boot960	0.0502711722987067	9.37622385841088e-05	9.42893956062795e-05	9.28616941764751e-05
boot961	0.0488168833937327	9.433199545617e-05	9.4840008268849e-05	9.41800595099818e-05
boot962	0.0542635658914729	9.60842328201109e-05	9.67011476709926e-05	9.40183897828388e-05
boot963	0.068172312839816	9.26980912325366e-05	9.36699574470765e-05	9.32289981630884e-05
boot964	0.0618470539072294	9.25396031660921e-05	9.33388213184122e-05	9.18644966164527e-05
boot965	0.0665683589635559	9.58979113999429e-05	9.68314160165641e-05	9.45273640334915e-05
boot966	0.0551373346897253	9.02445451536377e-05	9.08630854744285e-05	9.10400964345469e-05
boot967	0.0812161599333611	9.0650384012648e-05	9.20239918082168e-05	9.37320157554615e-05
boot968	0.0585294730264528	9.47761836779546e-05	9.5489722360053e-05	9.41569960980433e-05
boot969	0.0722635494155154	9.66448921297566e-05	9.77547796056607e-05	9.49281381523219e-05
boot970	0.0700636942675159	9.68657272953025e-05	9.79079611072795e-05	9.58505781636551e-05
boot971	0.0658745048988951	9.09636541240379e-05	9.18682716757733e-05	9.22271436483583e-05
boot972	0.0670919942374974	9.0560727937535e-05	9.14871193124607e-05	9.09579894125704e-05
boot973	0.0770188914261989	9.09529593278356e-05	9.21844124390086e-05	9.30643617843578e-05
boot974	0.0625653902490061	9.15236000073536e-05	9.23426893685192e-05	9.27209046895813e-05
boot975	0.0679652763074317	9.55399218910722e-05	9.65179610152614e-05	9.30741178340622e-05
boot976	0.0673788003286771	8.83598045716781e-05	8.92924057906041e-05	9.08984348268029e-05
boot977	0.0820784729586426	9.3347785871674e-05	9.4776603628455e-05	9.45974683533375e-05
boot978	0.0707685846283074	9.67140899235469e-05	9.77657893293205e-05	9.43710863745715e-05
boot979	0.0860690235690236	9.73273422957244e-05	9.88862389325352e-05	9.41364319136898e-05
boot980	0.070516844528144	9.38417069147255e-05	9.48822227888009e-05	9.39338946660039e-05
boot981	0.0709515859766277	9.29256599047917e-05	9.39761873573374e-05	9.34000148526116e-05
boot982	0.0334250052887667	9.82217548270709e-05	9.84581057850895e-05	9.46191353012203e-05
boot983	0.0581566239764854	9.10198022045288e-05	9.17298993937672e-05	9.24469005241904e-05
boot984	0.0721124465267875	8.99015242593244e-05	9.09608448835002e-05	8.97752842404805e-05
boot985	0.0674493062966916	9.34286299042561e-05	9.43996883716851e-05	9.35246699361453e-05
boot986	0.0635382059800664	9.4273125993802e-05	9.5111395017715e-05	9.424805921108e-05
boot987	0.0388982338099243	9.25661705326389e-05	9.28843102705555e-05	9.40201039931799e-05
boot988	0.0769389014606048	9.06172822678118e-05	9.18350552688332e-05	9.13423602412816e-05
boot989	0.0611563347944062	9.23198851593885e-05	9.31005358138418e-05	9.29072941097126e-05
boot990	0.0859925404061334	9.27130745780537e-05	9.42453408452523e-05	9.22757036406434e-05
boot991	0.0688360450563204	9.14299992016257e-05	9.24184016002481e-05	9.34280423975186e-05
boot992	0.0583264633140973	9.22819841114852e-05	9.2983133394818e-05	9.09121301907015e-05
boot993	0.0529177996235097	9.08922627304882e-05	9.14779756602087e-05	9.2487154398825e-05
boot994	0.0709785804283914	9.02253984238234e-05	9.12833486295415e-05	9.21366800566318e-05
boot995	0.0550400674820751	9.35952038909626e-05	9.42340501643559e-05	9.47530254278329e-05
boot996	0.0670037926675095	9.45055953225247e-05	9.54515515449921e-05	9.42708181255043e-05
boot997	0.0787123572170301	9.14918664141133e-05	9.27786026921323e-05	9.15599113926907e-05
boot998	0.0568157727369091	9.51355013863769e-05	9.58198414397354e-05	9.44907597578034e-05
boot999	0.0771470160116448	9.28969027782342e-05	9.41345118610998e-05	9.24959685434859e-05
boot1000	0.075577763897564	9.44810489221695e-05	9.56703053027142e-05	9.25812206764922e-05
