V1	V2	V3	V4
boot1	NA	NA	NA	NA
boot2	NA	NA	NA	NA
boot3	NA	NA	NA	NA
boot4	NA	NA	NA	NA
boot5	NA	NA	NA	NA
boot6	NA	NA	NA	NA
boot7	NA	NA	NA	NA
boot8	NA	NA	NA	NA
boot9	NA	NA	NA	NA
boot10	NA	NA	NA	NA
boot11	NA	NA	NA	NA
boot12	NA	NA	NA	NA
boot13	NA	NA	NA	NA
boot14	NA	NA	NA	NA
boot15	NA	NA	NA	NA
boot16	NA	NA	NA	NA
boot17	NA	NA	NA	NA
boot18	NA	NA	NA	NA
boot19	NA	NA	NA	NA
boot20	NA	NA	NA	NA
boot21	NA	NA	NA	NA
boot22	NA	NA	NA	NA
boot23	NA	NA	NA	NA
boot24	NA	NA	NA	NA
boot25	NA	NA	NA	NA
boot26	NA	NA	NA	NA
boot27	NA	NA	NA	NA
boot28	NA	NA	NA	NA
boot29	NA	NA	NA	NA
boot30	NA	NA	NA	NA
boot31	NA	NA	NA	NA
boot32	NA	NA	NA	NA
boot33	NA	NA	NA	NA
boot34	NA	NA	NA	NA
boot35	NA	NA	NA	NA
boot36	NA	NA	NA	NA
boot37	NA	NA	NA	NA
boot38	NA	NA	NA	NA
boot39	NA	NA	NA	NA
boot40	NA	NA	NA	NA
boot41	NA	NA	NA	NA
boot42	NA	NA	NA	NA
boot43	NA	NA	NA	NA
boot44	NA	NA	NA	NA
boot45	NA	NA	NA	NA
boot46	NA	NA	NA	NA
boot47	NA	NA	NA	NA
boot48	NA	NA	NA	NA
boot49	NA	NA	NA	NA
boot50	NA	NA	NA	NA
boot51	NA	NA	NA	NA
boot52	NA	NA	NA	NA
boot53	NA	NA	NA	NA
boot54	NA	NA	NA	NA
boot55	NA	NA	NA	NA
boot56	NA	NA	NA	NA
boot57	NA	NA	NA	NA
boot58	NA	NA	NA	NA
boot59	NA	NA	NA	NA
boot60	NA	NA	NA	NA
boot61	NA	NA	NA	NA
boot62	NA	NA	NA	NA
boot63	NA	NA	NA	NA
boot64	NA	NA	NA	NA
boot65	NA	NA	NA	NA
boot66	NA	NA	NA	NA
boot67	NA	NA	NA	NA
boot68	NA	NA	NA	NA
boot69	NA	NA	NA	NA
boot70	NA	NA	NA	NA
boot71	NA	NA	NA	NA
boot72	NA	NA	NA	NA
boot73	NA	NA	NA	NA
boot74	NA	NA	NA	NA
boot75	NA	NA	NA	NA
boot76	NA	NA	NA	NA
boot77	NA	NA	NA	NA
boot78	NA	NA	NA	NA
boot79	NA	NA	NA	NA
boot80	NA	NA	NA	NA
boot81	NA	NA	NA	NA
boot82	NA	NA	NA	NA
boot83	NA	NA	NA	NA
boot84	NA	NA	NA	NA
boot85	NA	NA	NA	NA
boot86	NA	NA	NA	NA
boot87	NA	NA	NA	NA
boot88	NA	NA	NA	NA
boot89	NA	NA	NA	NA
boot90	NA	NA	NA	NA
boot91	NA	NA	NA	NA
boot92	NA	NA	NA	NA
boot93	NA	NA	NA	NA
boot94	NA	NA	NA	NA
boot95	NA	NA	NA	NA
boot96	NA	NA	NA	NA
boot97	NA	NA	NA	NA
boot98	NA	NA	NA	NA
boot99	NA	NA	NA	NA
boot100	NA	NA	NA	NA
boot101	NA	NA	NA	NA
boot102	NA	NA	NA	NA
boot103	NA	NA	NA	NA
boot104	NA	NA	NA	NA
boot105	NA	NA	NA	NA
boot106	NA	NA	NA	NA
boot107	NA	NA	NA	NA
boot108	NA	NA	NA	NA
boot109	NA	NA	NA	NA
boot110	NA	NA	NA	NA
boot111	NA	NA	NA	NA
boot112	NA	NA	NA	NA
boot113	NA	NA	NA	NA
boot114	NA	NA	NA	NA
boot115	NA	NA	NA	NA
boot116	NA	NA	NA	NA
boot117	NA	NA	NA	NA
boot118	NA	NA	NA	NA
boot119	NA	NA	NA	NA
boot120	NA	NA	NA	NA
boot121	NA	NA	NA	NA
boot122	NA	NA	NA	NA
boot123	NA	NA	NA	NA
boot124	NA	NA	NA	NA
boot125	NA	NA	NA	NA
boot126	NA	NA	NA	NA
boot127	NA	NA	NA	NA
boot128	NA	NA	NA	NA
boot129	NA	NA	NA	NA
boot130	NA	NA	NA	NA
boot131	NA	NA	NA	NA
boot132	NA	NA	NA	NA
boot133	NA	NA	NA	NA
boot134	NA	NA	NA	NA
boot135	NA	NA	NA	NA
boot136	NA	NA	NA	NA
boot137	NA	NA	NA	NA
boot138	NA	NA	NA	NA
boot139	NA	NA	NA	NA
boot140	NA	NA	NA	NA
boot141	NA	NA	NA	NA
boot142	NA	NA	NA	NA
boot143	NA	NA	NA	NA
boot144	NA	NA	NA	NA
boot145	NA	NA	NA	NA
boot146	NA	NA	NA	NA
boot147	NA	NA	NA	NA
boot148	NA	NA	NA	NA
boot149	NA	NA	NA	NA
boot150	NA	NA	NA	NA
boot151	NA	NA	NA	NA
boot152	NA	NA	NA	NA
boot153	NA	NA	NA	NA
boot154	NA	NA	NA	NA
boot155	NA	NA	NA	NA
boot156	NA	NA	NA	NA
boot157	NA	NA	NA	NA
boot158	NA	NA	NA	NA
boot159	NA	NA	NA	NA
boot160	NA	NA	NA	NA
boot161	NA	NA	NA	NA
boot162	NA	NA	NA	NA
boot163	NA	NA	NA	NA
boot164	NA	NA	NA	NA
boot165	NA	NA	NA	NA
boot166	NA	NA	NA	NA
boot167	NA	NA	NA	NA
boot168	NA	NA	NA	NA
boot169	NA	NA	NA	NA
boot170	NA	NA	NA	NA
boot171	NA	NA	NA	NA
boot172	NA	NA	NA	NA
boot173	NA	NA	NA	NA
boot174	NA	NA	NA	NA
boot175	NA	NA	NA	NA
boot176	NA	NA	NA	NA
boot177	NA	NA	NA	NA
boot178	NA	NA	NA	NA
boot179	NA	NA	NA	NA
boot180	NA	NA	NA	NA
boot181	NA	NA	NA	NA
boot182	NA	NA	NA	NA
boot183	NA	NA	NA	NA
boot184	NA	NA	NA	NA
boot185	NA	NA	NA	NA
boot186	NA	NA	NA	NA
boot187	NA	NA	NA	NA
boot188	NA	NA	NA	NA
boot189	NA	NA	NA	NA
boot190	NA	NA	NA	NA
boot191	NA	NA	NA	NA
boot192	NA	NA	NA	NA
boot193	NA	NA	NA	NA
boot194	NA	NA	NA	NA
boot195	NA	NA	NA	NA
boot196	NA	NA	NA	NA
boot197	NA	NA	NA	NA
boot198	NA	NA	NA	NA
boot199	NA	NA	NA	NA
boot200	NA	NA	NA	NA
boot201	NA	NA	NA	NA
boot202	NA	NA	NA	NA
boot203	NA	NA	NA	NA
boot204	NA	NA	NA	NA
boot205	NA	NA	NA	NA
boot206	NA	NA	NA	NA
boot207	NA	NA	NA	NA
boot208	NA	NA	NA	NA
boot209	NA	NA	NA	NA
boot210	NA	NA	NA	NA
boot211	NA	NA	NA	NA
boot212	NA	NA	NA	NA
boot213	NA	NA	NA	NA
boot214	NA	NA	NA	NA
boot215	NA	NA	NA	NA
boot216	NA	NA	NA	NA
boot217	NA	NA	NA	NA
boot218	NA	NA	NA	NA
boot219	NA	NA	NA	NA
boot220	NA	NA	NA	NA
boot221	NA	NA	NA	NA
boot222	NA	NA	NA	NA
boot223	NA	NA	NA	NA
boot224	NA	NA	NA	NA
boot225	NA	NA	NA	NA
boot226	NA	NA	NA	NA
boot227	NA	NA	NA	NA
boot228	NA	NA	NA	NA
boot229	NA	NA	NA	NA
boot230	NA	NA	NA	NA
boot231	NA	NA	NA	NA
boot232	NA	NA	NA	NA
boot233	NA	NA	NA	NA
boot234	NA	NA	NA	NA
boot235	NA	NA	NA	NA
boot236	NA	NA	NA	NA
boot237	NA	NA	NA	NA
boot238	NA	NA	NA	NA
boot239	NA	NA	NA	NA
boot240	NA	NA	NA	NA
boot241	NA	NA	NA	NA
boot242	NA	NA	NA	NA
boot243	NA	NA	NA	NA
boot244	NA	NA	NA	NA
boot245	NA	NA	NA	NA
boot246	NA	NA	NA	NA
boot247	NA	NA	NA	NA
boot248	NA	NA	NA	NA
boot249	NA	NA	NA	NA
boot250	NA	NA	NA	NA
boot251	NA	NA	NA	NA
boot252	NA	NA	NA	NA
boot253	NA	NA	NA	NA
boot254	NA	NA	NA	NA
boot255	NA	NA	NA	NA
boot256	NA	NA	NA	NA
boot257	NA	NA	NA	NA
boot258	NA	NA	NA	NA
boot259	NA	NA	NA	NA
boot260	NA	NA	NA	NA
boot261	NA	NA	NA	NA
boot262	NA	NA	NA	NA
boot263	NA	NA	NA	NA
boot264	NA	NA	NA	NA
boot265	NA	NA	NA	NA
boot266	NA	NA	NA	NA
boot267	NA	NA	NA	NA
boot268	NA	NA	NA	NA
boot269	NA	NA	NA	NA
boot270	NA	NA	NA	NA
boot271	NA	NA	NA	NA
boot272	NA	NA	NA	NA
boot273	NA	NA	NA	NA
boot274	NA	NA	NA	NA
boot275	NA	NA	NA	NA
boot276	NA	NA	NA	NA
boot277	NA	NA	NA	NA
boot278	NA	NA	NA	NA
boot279	NA	NA	NA	NA
boot280	NA	NA	NA	NA
boot281	NA	NA	NA	NA
boot282	NA	NA	NA	NA
boot283	NA	NA	NA	NA
boot284	NA	NA	NA	NA
boot285	NA	NA	NA	NA
boot286	NA	NA	NA	NA
boot287	NA	NA	NA	NA
boot288	NA	NA	NA	NA
boot289	NA	NA	NA	NA
boot290	NA	NA	NA	NA
boot291	NA	NA	NA	NA
boot292	NA	NA	NA	NA
boot293	NA	NA	NA	NA
boot294	NA	NA	NA	NA
boot295	NA	NA	NA	NA
boot296	NA	NA	NA	NA
boot297	NA	NA	NA	NA
boot298	NA	NA	NA	NA
boot299	NA	NA	NA	NA
boot300	NA	NA	NA	NA
boot301	NA	NA	NA	NA
boot302	NA	NA	NA	NA
boot303	NA	NA	NA	NA
boot304	NA	NA	NA	NA
boot305	NA	NA	NA	NA
boot306	NA	NA	NA	NA
boot307	NA	NA	NA	NA
boot308	NA	NA	NA	NA
boot309	NA	NA	NA	NA
boot310	NA	NA	NA	NA
boot311	NA	NA	NA	NA
boot312	NA	NA	NA	NA
boot313	NA	NA	NA	NA
boot314	NA	NA	NA	NA
boot315	NA	NA	NA	NA
boot316	NA	NA	NA	NA
boot317	NA	NA	NA	NA
boot318	NA	NA	NA	NA
boot319	NA	NA	NA	NA
boot320	NA	NA	NA	NA
boot321	NA	NA	NA	NA
boot322	NA	NA	NA	NA
boot323	NA	NA	NA	NA
boot324	NA	NA	NA	NA
boot325	NA	NA	NA	NA
boot326	NA	NA	NA	NA
boot327	NA	NA	NA	NA
boot328	NA	NA	NA	NA
boot329	NA	NA	NA	NA
boot330	NA	NA	NA	NA
boot331	NA	NA	NA	NA
boot332	NA	NA	NA	NA
boot333	NA	NA	NA	NA
boot334	NA	NA	NA	NA
boot335	NA	NA	NA	NA
boot336	NA	NA	NA	NA
boot337	NA	NA	NA	NA
boot338	NA	NA	NA	NA
boot339	NA	NA	NA	NA
boot340	NA	NA	NA	NA
boot341	NA	NA	NA	NA
boot342	NA	NA	NA	NA
boot343	NA	NA	NA	NA
boot344	NA	NA	NA	NA
boot345	NA	NA	NA	NA
boot346	NA	NA	NA	NA
boot347	NA	NA	NA	NA
boot348	NA	NA	NA	NA
boot349	NA	NA	NA	NA
boot350	NA	NA	NA	NA
boot351	NA	NA	NA	NA
boot352	NA	NA	NA	NA
boot353	NA	NA	NA	NA
boot354	NA	NA	NA	NA
boot355	NA	NA	NA	NA
boot356	NA	NA	NA	NA
boot357	NA	NA	NA	NA
boot358	NA	NA	NA	NA
boot359	NA	NA	NA	NA
boot360	NA	NA	NA	NA
boot361	NA	NA	NA	NA
boot362	NA	NA	NA	NA
boot363	NA	NA	NA	NA
boot364	NA	NA	NA	NA
boot365	NA	NA	NA	NA
boot366	NA	NA	NA	NA
boot367	NA	NA	NA	NA
boot368	NA	NA	NA	NA
boot369	NA	NA	NA	NA
boot370	NA	NA	NA	NA
boot371	NA	NA	NA	NA
boot372	NA	NA	NA	NA
boot373	NA	NA	NA	NA
boot374	NA	NA	NA	NA
boot375	NA	NA	NA	NA
boot376	NA	NA	NA	NA
boot377	NA	NA	NA	NA
boot378	NA	NA	NA	NA
boot379	NA	NA	NA	NA
boot380	NA	NA	NA	NA
boot381	NA	NA	NA	NA
boot382	NA	NA	NA	NA
boot383	NA	NA	NA	NA
boot384	NA	NA	NA	NA
boot385	NA	NA	NA	NA
boot386	NA	NA	NA	NA
boot387	NA	NA	NA	NA
boot388	NA	NA	NA	NA
boot389	NA	NA	NA	NA
boot390	NA	NA	NA	NA
boot391	NA	NA	NA	NA
boot392	NA	NA	NA	NA
boot393	NA	NA	NA	NA
boot394	NA	NA	NA	NA
boot395	NA	NA	NA	NA
boot396	NA	NA	NA	NA
boot397	NA	NA	NA	NA
boot398	NA	NA	NA	NA
boot399	NA	NA	NA	NA
boot400	NA	NA	NA	NA
boot401	NA	NA	NA	NA
boot402	NA	NA	NA	NA
boot403	NA	NA	NA	NA
boot404	NA	NA	NA	NA
boot405	NA	NA	NA	NA
boot406	NA	NA	NA	NA
boot407	NA	NA	NA	NA
boot408	NA	NA	NA	NA
boot409	NA	NA	NA	NA
boot410	NA	NA	NA	NA
boot411	NA	NA	NA	NA
boot412	NA	NA	NA	NA
boot413	NA	NA	NA	NA
boot414	NA	NA	NA	NA
boot415	NA	NA	NA	NA
boot416	NA	NA	NA	NA
boot417	NA	NA	NA	NA
boot418	NA	NA	NA	NA
boot419	NA	NA	NA	NA
boot420	NA	NA	NA	NA
boot421	NA	NA	NA	NA
boot422	NA	NA	NA	NA
boot423	NA	NA	NA	NA
boot424	NA	NA	NA	NA
boot425	NA	NA	NA	NA
boot426	NA	NA	NA	NA
boot427	NA	NA	NA	NA
boot428	NA	NA	NA	NA
boot429	NA	NA	NA	NA
boot430	NA	NA	NA	NA
boot431	NA	NA	NA	NA
boot432	NA	NA	NA	NA
boot433	NA	NA	NA	NA
boot434	NA	NA	NA	NA
boot435	NA	NA	NA	NA
boot436	NA	NA	NA	NA
boot437	NA	NA	NA	NA
boot438	NA	NA	NA	NA
boot439	NA	NA	NA	NA
boot440	NA	NA	NA	NA
boot441	NA	NA	NA	NA
boot442	NA	NA	NA	NA
boot443	NA	NA	NA	NA
boot444	NA	NA	NA	NA
boot445	NA	NA	NA	NA
boot446	NA	NA	NA	NA
boot447	NA	NA	NA	NA
boot448	NA	NA	NA	NA
boot449	NA	NA	NA	NA
boot450	NA	NA	NA	NA
boot451	NA	NA	NA	NA
boot452	NA	NA	NA	NA
boot453	NA	NA	NA	NA
boot454	NA	NA	NA	NA
boot455	NA	NA	NA	NA
boot456	NA	NA	NA	NA
boot457	NA	NA	NA	NA
boot458	NA	NA	NA	NA
boot459	NA	NA	NA	NA
boot460	NA	NA	NA	NA
boot461	NA	NA	NA	NA
boot462	NA	NA	NA	NA
boot463	NA	NA	NA	NA
boot464	NA	NA	NA	NA
boot465	NA	NA	NA	NA
boot466	NA	NA	NA	NA
boot467	NA	NA	NA	NA
boot468	NA	NA	NA	NA
boot469	NA	NA	NA	NA
boot470	NA	NA	NA	NA
boot471	NA	NA	NA	NA
boot472	NA	NA	NA	NA
boot473	NA	NA	NA	NA
boot474	NA	NA	NA	NA
boot475	NA	NA	NA	NA
boot476	NA	NA	NA	NA
boot477	NA	NA	NA	NA
boot478	NA	NA	NA	NA
boot479	NA	NA	NA	NA
boot480	NA	NA	NA	NA
boot481	NA	NA	NA	NA
boot482	NA	NA	NA	NA
boot483	NA	NA	NA	NA
boot484	NA	NA	NA	NA
boot485	NA	NA	NA	NA
boot486	NA	NA	NA	NA
boot487	NA	NA	NA	NA
boot488	NA	NA	NA	NA
boot489	NA	NA	NA	NA
boot490	NA	NA	NA	NA
boot491	NA	NA	NA	NA
boot492	NA	NA	NA	NA
boot493	NA	NA	NA	NA
boot494	NA	NA	NA	NA
boot495	NA	NA	NA	NA
boot496	NA	NA	NA	NA
boot497	NA	NA	NA	NA
boot498	NA	NA	NA	NA
boot499	NA	NA	NA	NA
boot500	NA	NA	NA	NA
boot501	0.0494505494505494	0.000164084479837408	0.000165204148720632	0.000209206828651944
boot502	0.0581501831501832	0.000171412916184456	0.000172961196312845	0.000207822505523946
boot503	0.0357142857142857	0.000169232422470256	0.000169816447288975	0.000211251491478819
boot504	0.0563186813186813	0.000162703612477568	0.000164155899046009	0.000208119701585542
boot505	0.0769230769230769	0.00016417202596408	0.00016688134820003	0.000204599137774479
boot506	0.0512820512820513	0.000171128103292093	0.000172332246508071	0.000208921151817541
boot507	0.0526556776556777	0.000172530281222242	0.000173799796052543	0.00020870487832698
boot508	0.0572344322344322	0.000169364797589423	0.000170864696963598	0.000207971487528984
boot509	0.0700549450549451	0.000170714083068041	0.000172961196312845	0.00020581585614681
boot510	0.107142857142857	0.000160786525091863	0.000166042748460331	0.000198732395364747
boot511	0.0847069597069597	0.000155419621148775	0.000158705000737968	0.000203167969789226
boot512	0.0911172161172161	0.000161612357688088	0.000165413798655557	0.000201947699655178
boot513	0.0485347985347985	0.000177123861046395	0.000178202444685961	0.000209348515146426
boot514	0.0695970695970696	0.000166340712470407	0.000168558547679427	0.000205895434808006
boot515	0.076007326007326	0.00015501155252544	0.000157656751063344	0.000204763862723348
boot516	0.0668498168498168	0.000163996549736497	0.000166042748460331	0.000206368875045665
boot517	0.054029304029304	0.000163448234522078	0.000164784848850783	0.00020848687695234
boot518	0.0746336996336996	0.000161186146281923	0.00016373659917616	0.000205009510243253
boot519	0.0526556776556777	0.000168756582393598	0.000170026097223899	0.00020870487832698
boot520	0.0645604395604396	0.000168117649258589	0.000170026097223899	0.000206758128931251
boot521	0.0865384615384615	0.000164919911789629	0.000168348897744502	0.000202823160921896
boot522	0.0856227106227106	0.000166249998556257	0.00016960679735405	0.000202995949329801
boot523	0.0590659340659341	0.000163397069954626	0.000164994498785708	0.000207672755570428
boot524	0.0682234432234432	0.000171249343158306	0.000173380496182694	0.000206133018868875
boot525	0.0485347985347985	0.000160351866252422	0.000161430449891988	0.000209348515146426
boot526	0.0860805860805861	0.000162649952077557	0.000166042748460331	0.000202909651119408
boot527	0.0718864468864469	0.000166821352225063	0.000169187497484201	0.000205495621630826
boot528	0.0576923076923077	0.000172066152359897	0.000173590146117619	0.000207897092520025
boot529	0.0728021978021978	0.000160890486117285	0.00016331729930631	0.000205334352450114
boot530	0.0549450549450549	0.000173046438594078	0.000174428745857317	0.000208340582766981
boot531	0.0558608058608059	0.000161678881225132	0.000163107649371386	0.000208193520633141
boot532	0.0608974358974359	0.000167908767272144	0.00016960679735405	0.000207370951817954
boot533	0.0879120879120879	0.000168374240044328	0.000171912946638221	0.000202562538406639
boot534	0.0499084249084249	0.000163853999299975	0.000164994498785708	0.000209135697424023
boot535	0.0434981684981685	0.000166224656256431	0.000167090998134954	0.000210114063787005
boot536	0.065018315018315	0.000165784333796953	0.000167719947939728	0.000206680662128374
boot537	0.076007326007326	0.000167590548620919	0.000170235747158824	0.000204763862723348
boot538	0.0842490842490843	0.00016237349062491	0.000165623448590482	0.000203253692038259
boot539	0.0782967032967033	0.000160510351619895	0.00016331729930631	0.000204350610447776
boot540	0.065018315018315	0.000157398336399967	0.000159333950542742	0.000206680662128374
boot541	0.0641025641025641	0.000162903375075818	0.000164784848850783	0.000206835403747009
boot542	0.0581501831501832	0.000170155016574909	0.000171703296703297	0.000207822505523946
boot543	0.0750915750915751	0.000165976704891087	0.000168558547679427	0.000204927819723738
boot544	0.0558608058608059	0.000170484178491967	0.000171912946638221	0.000208193520633141
boot545	0.0343406593406593	0.000166551034360251	0.000167090998134954	0.000211446454399072
boot546	0.0567765567765568	0.000165405351222282	0.00016688134820003	0.000208045690550823
boot547	0.0842490842490843	0.000157341892186718	0.00016059185015229	0.000203253692038259
boot548	0.0517399267399267	0.000167542455847386	0.000168768197614351	0.000208849252641141
boot549	0.043040293040293	0.000166033149104336	0.00016688134820003	0.000210182507195247
boot550	0.054029304029304	0.000166383333611024	0.000167719947939728	0.00020848687695234
boot551	0.0604395604395604	0.000161854357452715	0.000163526949241235	0.000207446690736752
boot552	0.0691391941391941	0.0001640636492349	0.000166252398395256	0.000205974821482082
boot553	0.0590659340659341	0.000164654969564174	0.000166252398395256	0.000207672755570428
boot554	0.0549450549450549	0.000164241141327242	0.000165623448590482	0.000208340582766981
boot555	0.0636446886446886	0.000168590705522009	0.000170445397093749	0.000206912486575646
boot556	0.081959706959707	0.000155209971213851	0.000158285700868118	0.000203679423476625
boot557	0.0764652014652015	0.00016231733439234	0.000164994498785708	0.000204681596242474
boot558	0.11492673992674	0.000155173109686831	0.000161220799957064	0.000197085817830972
boot559	0.0494505494505494	0.000175824876193189	0.000176944545076413	0.000209206828651944
boot560	0.0705128205128205	0.000164604764932322	0.00016688134820003	0.000205736085498493
boot561	0.0705128205128205	0.000164604764932322	0.00016688134820003	0.000205736085498493
boot562	0.0705128205128205	0.000163766165192623	0.000166042748460331	0.000205736085498493
boot563	0.0700549450549451	0.000165682484629849	0.000167929597874653	0.00020581585614681
boot564	0.0499084249084249	0.000161757499950728	0.000162897999436461	0.000209135697424023
boot565	0.0700549450549451	0.000169036883588644	0.000171283996833447	0.00020581585614681
boot566	0.0663919413919414	0.000168846432365708	0.000170864696963598	0.000206447109797022
boot567	0.065018315018315	0.000165784333796953	0.000167719947939728	0.000206680662128374
boot568	0.0695970695970696	0.000168437211819654	0.000170655047028673	0.000205895434808006
boot569	0.0750915750915751	0.000162622305932293	0.000165204148720632	0.000204927819723738
boot570	0.0732600732600733	0.000164423913065381	0.00016688134820003	0.000205253429879079
boot571	0.0645604395604396	0.00016769834938874	0.00016960679735405	0.000206758128931251
boot572	0.076007326007326	0.000165074749401823	0.000167719947939728	0.000204763862723348
boot573	0.0618131868131868	0.000166180115244615	0.000167929597874653	0.000207218898018998
boot574	0.0782967032967033	0.000155898053051552	0.000158705000737968	0.000204350610447776
boot575	0.0590659340659341	0.000171363767481763	0.000172961196312845	0.000207672755570428
boot576	0.0563186813186813	0.000165638711566513	0.000167090998134954	0.000208119701585542
boot577	0.070970695970696	0.000169816351295415	0.000172122596573146	0.000205656122863057
boot578	0.0512820512820513	0.000170708803422244	0.000171912946638221	0.000208921151817541
boot579	0.0402930402930403	0.00017116957250999	0.000171912946638221	0.000210589135915183
boot580	0.0842490842490843	0.000161534890885211	0.000164784848850783	0.000203253692038259
boot581	0.0805860805860806	0.000166004351036352	0.000168977847549276	0.000203932558494206
boot582	0.043040293040293	0.000168129648453583	0.000168977847549276	0.000210182507195247
boot583	0.0663919413919414	0.000165492033406914	0.000167510298004804	0.000206447109797022
boot584	0.0723443223443224	0.000167420064058453	0.000169816447288975	0.00020541508303403
boot585	0.0732600732600733	0.000167359012154327	0.000169816447288975	0.000205253429879079
boot586	0.0663919413919414	0.000163395534057667	0.000165413798655557	0.000206447109797022
boot587	0.043040293040293	0.000168548948323432	0.000169397147419125	0.000210182507195247
boot588	0.0563186813186813	0.000170670310004705	0.000172122596573146	0.000208119701585542
boot589	0.0764652014652015	0.000169864732049628	0.000172541896442995	0.000204681596242474
boot590	0.0732600732600733	0.000162746713585984	0.000165204148720632	0.000205253429879079
boot591	0.0778388278388278	0.000162849234708008	0.000165623448590482	0.00020443364487713
boot592	0.0572344322344322	0.00015930160071304	0.000160801500087214	0.000207971487528984
boot593	0.0508241758241758	0.000169262660441639	0.000170445397093749	0.000208992859006822
boot594	0.0572344322344322	0.000157205101363793	0.000158705000737968	0.000207971487528984
boot595	0.0970695970695971	0.000162986313511612	0.000167300648069879	0.00020078089793402
boot596	0.0746336996336996	0.000167056344459813	0.00016960679735405	0.000205009510243253
boot597	0.0485347985347985	0.000160771166122271	0.000161849749761838	0.000209348515146426
boot598	0.0686813186813187	0.000168495191929862	0.000170655047028673	0.000206054016169039
boot599	0.0508241758241758	0.000167585460962242	0.000168768197614351	0.000208992859006822
boot600	0.0801282051282051	0.000160377496532928	0.00016331729930631	0.000204016552859159
boot601	0.0572344322344322	0.000166848998370327	0.000168348897744502	0.000207971487528984
boot602	0.0558608058608059	0.000169226278882419	0.000170655047028673	0.000208193520633141
boot603	0.0425824175824176	0.000162067751136478	0.000162897999436461	0.00021025075861637
boot604	0.0618131868131868	0.000171631013552656	0.000173380496182694	0.000207218898018998
boot605	0.0723443223443224	0.000173290262236344	0.000175686645466865	0.00020541508303403
boot606	0.0544871794871795	0.000166570233072241	0.000167929597874653	0.00020841382585322
boot607	0.054029304029304	0.000168060533090421	0.000169397147419125	0.00020848687695234
boot608	0.076007326007326	0.00016717124875107	0.000169816447288975	0.000204763862723348
boot609	0.0750915750915751	0.000161364406322745	0.000163946249111084	0.000204927819723738
boot610	0.0686813186813187	0.000165140792971067	0.000167300648069879	0.000206054016169039
boot611	0.0815018315018315	0.00016551708772606	0.000168558547679427	0.000203763993802938
boot612	0.0645604395604396	0.000156377252902808	0.000158285700868118	0.000206758128931251
boot613	0.0636446886446886	0.000163559107083817	0.000165413798655557	0.000206912486575646
boot614	0.0554029304029304	0.000157299559026781	0.000158705000737968	0.000208267147693621
boot615	0.0755494505494505	0.000156510875938255	0.000159124300607817	0.000204845937217103
boot616	0.0686813186813187	0.000160109194532875	0.000162269049631687	0.000206054016169039
boot617	0.081043956043956	0.000164083615895369	0.000167090998134954	0.000203848372142132
boot618	0.0485347985347985	0.000172930862347901	0.000174009445987468	0.000209348515146426
boot619	0.0828754578754579	0.000161011054028579	0.000164155899046009	0.000203509706862638
boot620	0.0586080586080586	0.000165308589713855	0.00016688134820003	0.000207747726540747
boot621	0.0531135531135531	0.00016558965885738	0.00016688134820003	0.00020863240318922
boot622	0.076007326007326	0.00016717124875107	0.000169816447288975	0.000204763862723348
boot623	0.0563186813186813	0.000158929913648924	0.000160382200217365	0.000208119701585542
boot624	0.0595238095238095	0.000164420457297223	0.000166042748460331	0.000207597592612989
boot625	0.0499084249084249	0.000163853999299975	0.000164994498785708	0.000209135697424023
boot626	0.0416666666666667	0.000172585573512771	0.000173380496182694	0.000210386685497255
boot627	0.065018315018315	0.0001678808331462	0.000169816447288975	0.000206680662128374
boot628	0.0737179487179487	0.000161667649978618	0.000164155899046009	0.000205172315320924
boot629	0.0595238095238095	0.000166936256516319	0.000168558547679427	0.000207597592612989
boot630	0.0755494505494505	0.000164477573465392	0.000167090998134954	0.000204845937217103
boot631	0.0627289377289377	0.00016235419591936	0.000164155899046009	0.000207066076271562
boot632	0.0471611721611722	0.000158525204800187	0.000159543600477666	0.00020955960498475
boot633	0.0586080586080586	0.000170759488021896	0.000172332246508071	0.000207747726540747
boot634	0.0718864468864469	0.000163466953266268	0.000165833098525406	0.000205495621630826
boot635	0.0750915750915751	0.000168911803980032	0.000171493646768372	0.000204927819723738
boot636	0.0654761904761905	0.000165128025827594	0.000167090998134954	0.000206603003338376
boot637	0.0778388278388278	0.000164945734057254	0.000167719947939728	0.00020443364487713
boot638	0.0750915750915751	0.000162622305932293	0.000165204148720632	0.000204927819723738
boot639	0.065018315018315	0.000161172035228611	0.000163107649371386	0.000206680662128374
boot640	0.065018315018315	0.000165784333796953	0.000167719947939728	0.000206680662128374
boot641	0.0915750915750916	0.000160525806583046	0.000164365548980934	0.000201859097599346
boot642	0.0618131868131868	0.000168695914463711	0.000170445397093749	0.000207218898018998
boot643	0.0604395604395604	0.000172336854198948	0.000174009445987468	0.000207446690736752
boot644	0.0833333333333333	0.000163701657520339	0.00016688134820003	0.000203424560574965
boot645	0.0549450549450549	0.000168434140025735	0.000169816447288975	0.000208340582766981
boot646	0.0531135531135531	0.000165170358987531	0.00016646204833018	0.00020863240318922
boot647	0.0595238095238095	0.00016651695664647	0.000168139247809577	0.000207597592612989
boot648	0.0572344322344322	0.000166010398630629	0.000167510298004804	0.000207971487528984
boot649	0.081959706959707	0.000172820565747522	0.00017589629540179	0.000203679423476625
boot650	0.0618131868131868	0.000174566112641602	0.000176315595271639	0.000207218898018998
boot651	0.0714285714285714	0.0001674803480141	0.000169816447288975	0.000205575968240501
boot652	0.0453296703296703	0.000168246664603158	0.000169187497484201	0.000209838370282837
boot653	0.0503663003663004	0.000160688227686477	0.000161849749761838	0.000209064374208982
boot654	0.0595238095238095	0.000162323957947977	0.000163946249111084	0.000207597592612989
boot655	0.0631868131868132	0.000165053246844395	0.00016688134820003	0.000206989377417164
boot656	0.0934065934065934	0.000164144379818815	0.000168139247809577	0.000201502769504822
boot657	0.0622710622710623	0.000172653248972534	0.000174428745857317	0.00020714258313884
boot658	0.0737179487179487	0.000158732550889673	0.000161220799957064	0.000205172315320924
boot659	0.0856227106227106	0.000165411398816558	0.000168768197614351	0.000202995949329801
boot660	0.0613553113553114	0.000168092786926563	0.000169816447288975	0.000207295020912036
boot661	0.059981684981685	0.000164605052913002	0.000166252398395256	0.000207522237668431
boot662	0.0467032967032967	0.000161689632503846	0.000162688349501536	0.000209629584289951
boot663	0.0966117216117216	0.000163236568722395	0.000167510298004804	0.00020087180383529
boot664	0.054029304029304	0.000166383333611024	0.000167719947939728	0.00020848687695234
boot665	0.0728021978021978	0.000159213286637888	0.000161640099826913	0.000205334352450114
boot666	0.0347985347985348	0.00017555148653446	0.000176105945336715	0.000211381658746107
boot667	0.0915750915750916	0.000165976704891087	0.000169816447288975	0.000201859097599346
boot668	0.065018315018315	0.0001678808331462	0.000169816447288975	0.000206680662128374
boot669	0.0590659340659341	0.000164235669694325	0.000165833098525406	0.000207672755570428
boot670	0.0517399267399267	0.000167542455847386	0.000168768197614351	0.000208849252641141
boot671	0.0686813186813187	0.00016346359349167	0.000165623448590482	0.000206054016169039
boot672	0.0608974358974359	0.000166231567792747	0.000167929597874653	0.000207370951817954
boot673	0.0993589743589744	0.000158797058561957	0.00016331729930631	0.000200323488620871
boot674	0.065018315018315	0.0001678808331462	0.000169816447288975	0.000206680662128374
boot675	0.0517399267399267	0.000163768757018742	0.000164994498785708	0.000208849252641141
boot676	0.0782967032967033	0.000148769955264114	0.000151576902950529	0.000204350610447776
boot677	0.0521978021978022	0.000159763617717065	0.000161011150022139	0.00020877716147762
boot678	0.0668498168498168	0.000163157949996798	0.000165204148720632	0.000206368875045665
boot679	0.0535714285714286	0.000172066440340577	0.000173380496182694	0.00020855973606434
boot680	0.0622710622710623	0.000159654953007205	0.000161430449891988	0.00020714258313884
boot681	0.081043956043956	0.000165760815374766	0.000168768197614351	0.000203848372142132
boot682	0.0613553113553114	0.000165996287577316	0.000167719947939728	0.000207295020912036
boot683	0.0618131868131868	0.000173308213032054	0.000175057695662091	0.000207218898018998
boot684	0.0535714285714286	0.000169131341251632	0.000170445397093749	0.00020855973606434
boot685	0.0608974358974359	0.000160780669484706	0.000162478699566612	0.000207370951817954
boot686	0.0393772893772894	0.000169106478919605	0.000169816447288975	0.00021072314292487
boot687	0.0622710622710623	0.000167202350664493	0.000168977847549276	0.00020714258313884
boot688	0.0421245421245421	0.00016397235935939	0.000164784848850783	0.000210318818050372
boot689	0.070970695970696	0.000161849653768278	0.000164155899046009	0.000205656122863057
boot690	0.0686813186813187	0.00016346359349167	0.000165623448590482	0.000206054016169039
boot691	0.0645604395604396	0.000169375548868137	0.000171283996833447	0.000206758128931251
boot692	0.0705128205128205	0.000167959163891117	0.000170235747158824	0.000205736085498493
boot693	0.0663919413919414	0.000163395534057667	0.000165413798655557	0.000206447109797022
boot694	0.0608974358974359	0.000167070167532446	0.000168768197614351	0.000207370951817954
boot695	0.0595238095238095	0.000170290655475114	0.000171912946638221	0.000207597592612989
boot696	0.092032967032967	0.000167405761018021	0.000171283996833447	0.000201770303556395
boot697	0.0673076923076923	0.000178014969263384	0.000180089294100283	0.000206290448307188
boot698	0.0668498168498168	0.000164415849606346	0.00016646204833018	0.000206368875045665
boot699	0.0567765567765568	0.000164147451612734	0.000165623448590482	0.000208045690550823
boot700	0.0480769230769231	0.000163516869917441	0.000164575198915858	0.000209419070412987
boot701	0.0741758241758242	0.000168135792041419	0.000170655047028673	0.000205091008775648
boot702	0.0631868131868132	0.000160860248145902	0.000162688349501536	0.000206989377417164
boot703	0.0613553113553114	0.000164738387967768	0.00016646204833018	0.000207295020912036
boot704	0.0622710622710623	0.000164267251575548	0.000166042748460331	0.00020714258313884
boot705	0.0535714285714286	0.000165357642422988	0.000166671698265105	0.00020855973606434
boot706	0.0682234432234432	0.000166637044589964	0.000168768197614351	0.000206133018868875
boot707	0.0467032967032967	0.000166721230942038	0.000167719947939728	0.000209629584289951
boot708	0.0641025641025641	0.000165838474164763	0.000167719947939728	0.000206835403747009
boot709	0.0462454212454212	0.000172820565747522	0.000173799796052543	0.000209699371608033
boot710	0.0723443223443224	0.000167839363928302	0.000170235747158824	0.00020541508303403
boot711	0.0641025641025641	0.000159548976117023	0.000161430449891988	0.000206835403747009
boot712	0.0567765567765568	0.000161631652393638	0.000163107649371386	0.000208045690550823
boot713	0.0860805860805861	0.000160134152858461	0.000163526949241235	0.000202909651119408
boot714	0.0723443223443224	0.000174548161845892	0.000176944545076413	0.00020541508303403
boot715	0.0815018315018315	0.000163001288506964	0.000166042748460331	0.000203763993802938
boot716	0.0691391941391941	0.000165321548844448	0.000167510298004804	0.000205974821482082
boot717	0.0851648351648352	0.000169849853047836	0.000173170846247769	0.000203082055553074
boot718	0.0782967032967033	0.00016302615083899	0.000165833098525406	0.000204350610447776
boot719	0.0842490842490843	0.000167405089063101	0.000170655047028673	0.000203253692038259
boot720	0.0663919413919414	0.000163395534057667	0.000165413798655557	0.000206447109797022
boot721	0.0663919413919414	0.000172200831324503	0.000174219095922393	0.000206447109797022
boot722	0.0874542124542124	0.000161073257855425	0.000164575198915858	0.000202649604565511
boot723	0.0563186813186813	0.000169831710265006	0.000171283996833447	0.000208119701585542
boot724	0.043956043956044	0.000162642272592762	0.000163526949241235	0.000210045428391643
boot725	0.0590659340659341	0.000166751468913421	0.000168348897744502	0.000207672755570428
boot726	0.0755494505494505	0.000161542474376447	0.000164155899046009	0.000204845937217103
boot727	0.0567765567765568	0.000167082550701679	0.000168558547679427	0.000208045690550823
boot728	0.0966117216117216	0.000168687467030436	0.000172961196312845	0.00020087180383529
boot729	0.043956043956044	0.000171028269989748	0.000171912946638221	0.000210045428391643
boot730	0.0576923076923077	0.000169131053270952	0.000170655047028673	0.000207897092520025
boot731	0.0782967032967033	0.00016344545070884	0.000166252398395256	0.000204350610447776
boot732	0.070970695970696	0.000165204052727072	0.000167510298004804	0.000205656122863057
boot733	0.0622710622710623	0.000171395349362986	0.000173170846247769	0.00020714258313884
boot734	0.0641025641025641	0.000162903375075818	0.000164784848850783	0.000206835403747009
boot735	0.0613553113553114	0.000168512086796412	0.000170235747158824	0.000207295020912036
boot736	0.048992673992674	0.000170184966565612	0.000171283996833447	0.000209277767892745
boot737	0.0663919413919414	0.000165072733537065	0.000167090998134954	0.000206447109797022
boot738	0.0448717948717949	0.000167217325659845	0.000168139247809577	0.000209907581639558
boot739	0.0851648351648352	0.000158528756561905	0.000161849749761838	0.000203082055553074
boot740	0.0773809523809524	0.000164349326069302	0.000167090998134954	0.000204516487319364
boot741	0.0663919413919414	0.000164653433667215	0.000166671698265105	0.000206447109797022
boot742	0.0782967032967033	0.000160929651489744	0.00016373659917616	0.000204350610447776
boot743	0.076007326007326	0.000156688752004837	0.000159333950542742	0.000204763862723348
boot744	0.0531135531135531	0.000168105458076476	0.000169397147419125	0.00020863240318922
boot745	0.0728021978021978	0.000162567685596683	0.000164994498785708	0.000205334352450114
boot746	0.0462454212454212	0.000167369667439481	0.000168348897744502	0.000209699371608033
boot747	0.100732600732601	0.000154268562371449	0.000158914650672892	0.000200046739187543
boot748	0.054029304029304	0.000172672831658763	0.000174009445987468	0.00020848687695234
boot749	0.0728021978021978	0.000166341384425327	0.000168768197614351	0.000205334352450114
boot750	0.0586080586080586	0.000167405089063101	0.000168977847549276	0.000207747726540747
boot751	0.0705128205128205	0.00016586266454187	0.000168139247809577	0.000205736085498493
boot752	0.054029304029304	0.000169737732569818	0.000171074346898523	0.00020848687695234
boot753	0.065018315018315	0.000170396632365296	0.000172332246508071	0.000206680662128374
boot754	0.0462454212454212	0.000167369667439481	0.000168348897744502	0.000209699371608033
boot755	0.0879120879120879	0.000161665442126739	0.000165204148720632	0.000202562538406639
boot756	0.054029304029304	0.000163028934652229	0.000164365548980934	0.00020848687695234
boot757	0.0677655677655678	0.00016226290604385	0.000164365548980934	0.000206211829581592
boot758	0.0421245421245421	0.000169003957797582	0.000169816447288975	0.000210318818050372
boot759	0.0883699633699634	0.000169385532198372	0.000172961196312845	0.000202475280260647
boot760	0.0595238095238095	0.000169871355605265	0.000171493646768372	0.000207597592612989
boot761	0.0558608058608059	0.000163775380574378	0.000165204148720632	0.000208193520633141
boot762	0.0865384615384615	0.000166177811399177	0.00016960679735405	0.000202823160921896
boot763	0.0572344322344322	0.000163075299541683	0.000164575198915858	0.000207971487528984
boot764	0.0631868131868132	0.000165891846584094	0.000167719947939728	0.000206989377417164
boot765	0.0581501831501832	0.000165542718006566	0.000167090998134954	0.000207822505523946
boot766	0.0695970695970696	0.000168856511689503	0.000171074346898523	0.000205895434808006
boot767	0.081043956043956	0.000160729216936574	0.00016373659917616	0.000203848372142132
boot768	0.0682234432234432	0.000160766846412073	0.000162897999436461	0.000206133018868875
boot769	0.0718864468864469	0.000172272250533104	0.000174638395792242	0.000205495621630826
boot770	0.0718864468864469	0.000166402052355213	0.000168768197614351	0.000205495621630826
boot771	0.0773809523809524	0.000162252826720056	0.000164994498785708	0.000204516487319364
boot772	0.0746336996336996	0.000172087942898005	0.000174638395792242	0.000205009510243253
boot773	0.0631868131868132	0.000167569046063491	0.000169397147419125	0.000206989377417164
boot774	0.0531135531135531	0.000174394956124216	0.000175686645466865	0.00020863240318922
boot775	0.0503663003663004	0.00017075142456286	0.000171912946638221	0.000209064374208982
boot776	0.0691391941391941	0.000165321548844448	0.000167510298004804	0.000205974821482082
boot777	0.0402930402930403	0.000166557273941648	0.000167300648069879	0.000210589135915183
boot778	0.0673076923076923	0.000167951772387001	0.000170026097223899	0.000206290448307188
boot779	0.0860805860805861	0.00015510255442027	0.000158495350803043	0.000202909651119408
boot780	0.0393772893772894	0.000168687179049756	0.000169397147419125	0.00021072314292487
boot781	0.0805860805860806	0.000171035949474544	0.000174009445987468	0.000203932558494206
boot782	0.0924908424908425	0.000163803026719643	0.000167719947939728	0.000201681317526324
boot783	0.0183150183150183	0.000169662857593059	0.000169816447288975	0.000213593350367291
boot784	0.081959706959707	0.000159822269782193	0.000162897999436461	0.000203679423476625
boot785	0.048992673992674	0.000171023566305311	0.000172122596573146	0.000209277767892745
boot786	0.0668498168498168	0.000170705347654086	0.00017275154637792	0.000206368875045665
boot787	0.0682234432234432	0.000163282645631169	0.000165413798655557	0.000206133018868875
boot788	0.0595238095238095	0.000160646758468579	0.000162269049631687	0.000207597592612989
boot789	0.0544871794871795	0.000171601831510433	0.000172961196312845	0.00020841382585322
boot790	0.0471611721611722	0.000172781400375064	0.000173799796052543	0.00020955960498475
boot791	0.0792124542124542	0.000163798707009445	0.000166671698265105	0.000204183965627707
boot792	0.043956043956044	0.000167254571161104	0.000168139247809577	0.000210045428391643
boot793	0.0801282051282051	0.000155345898094736	0.000158285700868118	0.000204016552859159
boot794	0.0558608058608059	0.000164194680444228	0.000165623448590482	0.000208193520633141
boot795	0.086996336996337	0.000163835280555785	0.000167300648069879	0.000202736478737264
boot796	0.0476190476190476	0.000170455380423983	0.000171493646768372	0.000209489433692429
boot797	0.065018315018315	0.000172912431584391	0.000174848045727167	0.000206680662128374
boot798	0.0407509157509158	0.000166749933016462	0.000167510298004804	0.00021052184442966
boot799	0.0581501831501832	0.000167639217355813	0.000169187497484201	0.000207822505523946
boot800	0.0480769230769231	0.00017022566783503	0.000171283996833447	0.000209419070412987
boot801	0.0444139194139194	0.000168703593948507	0.00016960679735405	0.00020997660100916
boot802	0.0590659340659341	0.00016717076878327	0.000168768197614351	0.000207672755570428
boot803	0.0668498168498168	0.000165254449346045	0.000167300648069879	0.000206368875045665
boot804	0.0549450549450549	0.000164241141327242	0.000165623448590482	0.000208340582766981
boot805	0.054029304029304	0.000165125434001476	0.00016646204833018	0.00020848687695234
boot806	0.0782967032967033	0.000159252452010347	0.000162059399696762	0.000204350610447776
boot807	0.0636446886446886	0.000164817006693365	0.000166671698265105	0.000206912486575646
boot808	0.0604395604395604	0.00016478945654166	0.00016646204833018	0.000207446690736752
boot809	0.0622710622710623	0.000163428651835849	0.000165204148720632	0.00020714258313884
boot810	0.038003663003663	0.000173557796287916	0.000174219095922393	0.000210922713536
boot811	0.0613553113553114	0.000162641888618522	0.000164365548980934	0.000207295020912036
boot812	0.0654761904761905	0.000163031526478347	0.000164994498785708	0.000206603003338376
boot813	0.0728021978021978	0.000165922084555477	0.000168348897744502	0.000205334352450114
boot814	0.0654761904761905	0.00016764382504669	0.00016960679735405	0.000206603003338376
boot815	0.0691391941391941	0.000166579448453996	0.000168768197614351	0.000205974821482082
boot816	0.0572344322344322	0.000170622697198971	0.000172122596573146	0.000207971487528984
boot817	0.0668498168498168	0.000162319350257099	0.000164365548980934	0.000206368875045665
boot818	0.0613553113553114	0.000168092786926563	0.000169816447288975	0.000207295020912036
boot819	0.0494505494505494	0.000175824876193189	0.000176944545076413	0.000209206828651944
boot820	0.0618131868131868	0.000174146812771752	0.00017589629540179	0.000207218898018998
boot821	0.0576923076923077	0.00017625915105839	0.000177783144816112	0.000207897092520025
boot822	0.0796703296703297	0.000162297847699671	0.000165204148720632	0.000204100355236993
boot823	0.0787545787545788	0.000164041474722552	0.00016688134820003	0.000204267384031301
boot824	0.0412087912087912	0.000165265200624759	0.000166042748460331	0.000210454360957018
boot825	0.0828754578754579	0.000167300552076319	0.000170445397093749	0.000203509706862638
boot826	0.0480769230769231	0.000165613369266687	0.000166671698265105	0.000209419070412987
boot827	0.0476190476190476	0.000163327282636545	0.000164365548980934	0.000209489433692429
boot828	0.0879120879120879	0.000165439140955383	0.000168977847549276	0.000202562538406639
boot829	0.0911172161172161	0.000159515858338842	0.00016331729930631	0.000201947699655178
boot830	0.0471611721611722	0.000169846301286118	0.000170864696963598	0.00020955960498475
boot831	0.0398351648351648	0.000167622322489262	0.000168348897744502	0.000210656235413587
boot832	0.0755494505494505	0.000160703874636748	0.00016331729930631	0.000204845937217103
boot833	0.059981684981685	0.000163347153303454	0.000164994498785708	0.000207522237668431
boot834	0.0375457875457875	0.000165816587633095	0.00016646204833018	0.000210988853098804
boot835	0.048992673992674	0.000170184966565612	0.000171283996833447	0.000209277767892745
boot836	0.0622710622710623	0.000167202350664493	0.000168977847549276	0.00020714258313884
boot837	0.0659340659340659	0.000166148725350513	0.000168139247809577	0.000206525152561259
boot838	0.059981684981685	0.000159992754344659	0.000161640099826913	0.000207522237668431
boot839	0.0805860805860806	0.000161392052468009	0.000164365548980934	0.000203932558494206
boot840	0.0718864468864469	0.000163047653396419	0.000165413798655557	0.000205495621630826
boot841	0.0673076923076923	0.000163339473818658	0.000165413798655557	0.000206290448307188
boot842	0.0691391941391941	0.000160709250276105	0.000162897999436461	0.000205974821482082
boot843	0.065018315018315	0.000163268534577857	0.000165204148720632	0.000206680662128374
boot844	0.0576923076923077	0.00016409945483276	0.000165623448590482	0.000207897092520025
boot845	0.0613553113553114	0.00016389978822807	0.000165623448590482	0.000207295020912036
boot846	0.0856227106227106	0.000159541200638668	0.000162897999436461	0.000202995949329801
boot847	0.0705128205128205	0.000169217063500665	0.000171493646768372	0.000205736085498493
boot848	0.0641025641025641	0.00016164547546627	0.000163526949241235	0.000206835403747009
boot849	0.0567765567765568	0.000164147451612734	0.000165623448590482	0.000208045690550823
boot850	0.0773809523809524	0.000161414226980357	0.000164155899046009	0.000204516487319364
boot851	0.0618131868131868	0.000164922215635067	0.000166671698265105	0.000207218898018998
boot852	0.0746336996336996	0.000158670347062827	0.000161220799957064	0.000205009510243253
boot853	0.0792124542124542	0.000166314506228541	0.000169187497484201	0.000204183965627707
boot854	0.076007326007326	0.000163816849792275	0.00016646204833018	0.000204763862723348
boot855	0.0421245421245421	0.000171939056886527	0.00017275154637792	0.000210318818050372
boot856	0.0544871794871795	0.000169924632031035	0.000171283996833447	0.00020841382585322
boot857	0.0622710622710623	0.000166783050794644	0.000168558547679427	0.00020714258313884
boot858	0.0741758241758242	0.00016142699412383	0.000163946249111084	0.000205091008775648
boot859	0.0567765567765568	0.000164147451612734	0.000165623448590482	0.000208045690550823
boot860	0.0554029304029304	0.000175748753300151	0.000177154195011338	0.000208267147693621
boot861	0.0627289377289377	0.000163612095528908	0.000165413798655557	0.000207066076271562
boot862	0.081043956043956	0.000174985412511451	0.000177992794751037	0.000203848372142132
boot863	0.0782967032967033	0.000166799849667634	0.00016960679735405	0.000204350610447776
boot864	0.0975274725274725	0.000161058666834313	0.000165413798655557	0.00020068980004563
boot865	0.0636446886446886	0.00016775210578231	0.00016960679735405	0.000206912486575646
boot866	0.0732600732600733	0.000175745009551313	0.000178202444685961	0.000205253429879079
boot867	0.0581501831501832	0.000174348015273402	0.00017589629540179	0.000207822505523946
boot868	0.0485347985347985	0.000175446661566997	0.000176525245206564	0.000209348515146426
boot869	0.0654761904761905	0.000169740324395937	0.000171703296703297	0.000206603003338376
boot870	0.0531135531135531	0.00016558965885738	0.00016688134820003	0.00020863240318922
boot871	0.065018315018315	0.000165365033927104	0.000167300648069879	0.000206680662128374
boot872	0.0654761904761905	0.000165128025827594	0.000167090998134954	0.000206603003338376
boot873	0.0755494505494505	0.000160284574766899	0.000162897999436461	0.000204845937217103
boot874	0.0695970695970696	0.000168437211819654	0.000170655047028673	0.000205895434808006
boot875	0.0668498168498168	0.000164835149476195	0.00016688134820003	0.000206368875045665
boot876	0.0604395604395604	0.000166047356151208	0.000167719947939728	0.000207446690736752
boot877	0.0801282051282051	0.000161635396142476	0.000164575198915858	0.000204016552859159
boot878	0.0778388278388278	0.000166622933536652	0.000169397147419125	0.00020443364487713
boot879	0.0801282051282051	0.000162473995882174	0.000165413798655557	0.000204016552859159
boot880	0.0728021978021978	0.000167179984165025	0.00016960679735405	0.000205334352450114
boot881	0.0581501831501832	0.000168477817095511	0.000170026097223899	0.000207822505523946
boot882	0.0663919413919414	0.00016800783262601	0.000170026097223899	0.000206447109797022
boot883	0.081959706959707	0.000167369667439481	0.000170445397093749	0.000203679423476625
boot884	0.0627289377289377	0.000167805094227401	0.00016960679735405	0.000207066076271562
boot885	0.054029304029304	0.000168060533090421	0.000169397147419125	0.00020848687695234
boot886	0.0682234432234432	0.000159089646932676	0.000161220799957064	0.000206133018868875
boot887	0.0512820512820513	0.000173643902511189	0.000174848045727167	0.000208921151817541
boot888	0.0462454212454212	0.000163176668740988	0.000164155899046009	0.000209699371608033
boot889	0.0608974358974359	0.000163715768573651	0.000165413798655557	0.000207370951817954
boot890	0.0673076923076923	0.00016208157420911	0.000164155899046009	0.000206290448307188
boot891	0.0526556776556777	0.000167079382914201	0.000168348897744502	0.00020870487832698
boot892	0.0554029304029304	0.000169878555122261	0.000171283996833447	0.000208267147693621
boot893	0.0618131868131868	0.000161987116546122	0.00016373659917616	0.000207218898018998
boot894	0.0549450549450549	0.000169272739765434	0.000170655047028673	0.000208340582766981
boot895	0.0535714285714286	0.000161583943594344	0.000162897999436461	0.00020855973606434
boot896	0.0723443223443224	0.000162807765490111	0.000165204148720632	0.00020541508303403
boot897	0.0837912087912088	0.000164714869545581	0.000167929597874653	0.000203339222300172
boot898	0.0755494505494505	0.000164477573465392	0.000167090998134954	0.000204845937217103
boot899	0.0663919413919414	0.000165072733537065	0.000167090998134954	0.000206447109797022
boot900	0.0750915750915751	0.000167653904370484	0.000170235747158824	0.000204927819723738
boot901	0.0494505494505494	0.000167858178666052	0.000168977847549276	0.000209206828651944
boot902	0.0485347985347985	0.000167060664170011	0.000168139247809577	0.000209348515146426
boot903	0.0782967032967033	0.00016973494875658	0.000172541896442995	0.000204350610447776
boot904	0.0494505494505494	0.000167438878796203	0.000168558547679427	0.000209206828651944
boot905	0.0741758241758242	0.000164362093212776	0.00016688134820003	0.000205091008775648
boot906	0.0325091575091575	0.000169542193688206	0.000170026097223899	0.00021170371713973
boot907	0.0746336996336996	0.000165798444850265	0.000168348897744502	0.000205009510243253
boot908	0.0558608058608059	0.000167968379272871	0.000169397147419125	0.000208193520633141
boot909	0.0471611721611722	0.000170684901025817	0.000171703296703297	0.00020955960498475
boot910	0.0741758241758242	0.000176521789438406	0.00017904104442566	0.000205091008775648
boot911	0.070970695970696	0.000167719851946168	0.000170026097223899	0.000205656122863057
boot912	0.0627289377289377	0.000166127894748004	0.000167929597874653	0.000207066076271562
boot913	0.0558608058608059	0.000169645578752269	0.000171074346898523	0.000208193520633141
boot914	0.0915750915750916	0.000159687206843347	0.000163526949241235	0.000201859097599346
boot915	0.0705128205128205	0.000162508265583075	0.000164784848850783	0.000205736085498493
boot916	0.0723443223443224	0.000158195466921768	0.00016059185015229	0.00020541508303403
boot917	0.0755494505494505	0.000161542474376447	0.000164155899046009	0.000204845937217103
boot918	0.0695970695970696	0.000155019615984475	0.000157237451193495	0.000205895434808006
boot919	0.0631868131868132	0.000161279548015751	0.000163107649371386	0.000206989377417164
boot920	0.0677655677655678	0.000163940105523248	0.000166042748460331	0.000206211829581592
boot921	0.0521978021978022	0.000164375916285408	0.000165623448590482	0.00020877716147762
boot922	0.0627289377289377	0.000172836692665593	0.000174638395792242	0.000207066076271562
boot923	0.0874542124542124	0.000161073257855425	0.000164575198915858	0.000202649604565511
boot924	0.0659340659340659	0.000164052226001266	0.000166042748460331	0.000206525152561259
boot925	0.0796703296703297	0.00016313644743937	0.000166042748460331	0.000204100355236993
boot926	0.0444139194139194	0.000162833395770617	0.00016373659917616	0.00020997660100916
boot927	0.0604395604395604	0.000163112257062263	0.000164784848850783	0.000207446690736752
boot928	0.0842490842490843	0.00015608399257717	0.000159333950542742	0.000203253692038259
boot929	0.0586080586080586	0.000169082288542499	0.000170655047028673	0.000207747726540747
boot930	0.0462454212454212	0.000171562666137974	0.000172541896442995	0.000209699371608033
boot931	0.0695970695970696	0.000162147713771914	0.000164365548980934	0.000205895434808006
boot932	0.0627289377289377	0.000164031395398757	0.000165833098525406	0.000207066076271562
boot933	0.0645604395604396	0.000169794848737987	0.000171703296703297	0.000206758128931251
boot934	0.070970695970696	0.000169397051425565	0.000171703296703297	0.000205656122863057
boot935	0.0398351648351648	0.000172653920927454	0.000173380496182694	0.000210656235413587
boot936	0.065018315018315	0.000164107134317556	0.000166042748460331	0.000206680662128374
boot937	0.0627289377289377	0.000173675292405292	0.000175476995531941	0.000207066076271562
boot938	0.0476190476190476	0.000169197480814435	0.000170235747158824	0.000209489433692429
boot939	0.070970695970696	0.000167719851946168	0.000170026097223899	0.000205656122863057
boot940	0.059981684981685	0.000164185753043153	0.000165833098525406	0.000207522237668431
boot941	0.0494505494505494	0.00016282658022786	0.000163946249111084	0.000209206828651944
boot942	0.0595238095238095	0.00016022745859873	0.000161849749761838	0.000207597592612989
boot943	0.0444139194139194	0.000164510595250014	0.000165413798655557	0.00020997660100916
boot944	0.0700549450549451	0.000162328085671055	0.000164575198915858	0.00020581585614681
boot945	0.0416666666666667	0.000162522376636388	0.00016331729930631	0.000210386685497255
boot946	0.0622710622710623	0.000172653248972534	0.000174428745857317	0.00020714258313884
boot947	0.0641025641025641	0.000170031472863256	0.000171912946638221	0.000206835403747009
boot948	0.0778388278388278	0.000159075535879364	0.000161849749761838	0.00020443364487713
boot949	0.0636446886446886	0.000170687204871256	0.000172541896442995	0.000206912486575646
boot950	0.0311355311355311	0.000171469072417026	0.000171912946638221	0.000211894648330465
boot951	0.0723443223443224	0.000164904264839357	0.000167300648069879	0.00020541508303403
boot952	0.0695970695970696	0.000171372310908599	0.000173590146117619	0.000205895434808006
boot953	0.0448717948717949	0.000173087523837735	0.000174009445987468	0.000209907581639558
boot954	0.0860805860805861	0.000162649952077557	0.000166042748460331	0.000202909651119408
boot955	0.0773809523809524	0.000158059828021563	0.000160801500087214	0.000204516487319364
boot956	0.0544871794871795	0.000164893033592843	0.000166252398395256	0.00020841382585322
boot957	0.0521978021978022	0.000161860117066312	0.000163107649371386	0.00020877716147762
boot958	0.0554029304029304	0.000162331157464973	0.00016373659917616	0.000208267147693621
boot959	0.0682234432234432	0.000164121245370868	0.000166252398395256	0.000206133018868875
boot960	0.0673076923076923	0.000168790372126699	0.000170864696963598	0.000206290448307188
boot961	0.048992673992674	0.000160121769689228	0.000161220799957064	0.000209277767892745
boot962	0.070970695970696	0.00016646195233662	0.000168768197614351	0.000205656122863057
boot963	0.0471611721611722	0.000176555099203707	0.000177573494881187	0.00020955960498475
boot964	0.0892857142857143	0.000163440843017962	0.000167090998134954	0.000202300188007304
boot965	0.0567765567765568	0.000164986051352432	0.00016646204833018	0.000208045690550823
boot966	0.0595238095238095	0.000169452055735415	0.000171074346898523	0.000207597592612989
boot967	0.0586080586080586	0.000168662988672649	0.000170235747158824	0.000207747726540747
boot968	0.0444139194139194	0.000168703593948507	0.00016960679735405	0.00020997660100916
boot969	0.0457875457875458	0.000166340712470407	0.000167300648069879	0.000209768966938995
boot970	0.0453296703296703	0.000166569465123761	0.000167510298004804	0.000209838370282837
boot971	0.0934065934065934	0.000163305780079117	0.000167300648069879	0.000201502769504822
boot972	0.076007326007326	0.000168848448230467	0.000171493646768372	0.000204763862723348
boot973	0.054029304029304	0.000163867534391928	0.000165204148720632	0.00020848687695234
boot974	0.0636446886446886	0.000163559107083817	0.000165413798655557	0.000206912486575646
boot975	0.0723443223443224	0.000170355163147398	0.00017275154637792	0.00020541508303403
boot976	0.0668498168498168	0.000173221146873182	0.000175267345597016	0.000206368875045665
boot977	0.0737179487179487	0.000170892247115303	0.000173380496182694	0.000205172315320924
boot978	0.054029304029304	0.000170576332309517	0.000171912946638221	0.00020848687695234
boot979	0.0668498168498168	0.000160222850907853	0.000162269049631687	0.000206368875045665
boot980	0.0824175824175824	0.000175511553213522	0.00017862174455581	0.000203594661163192
boot981	0.0586080586080586	0.0001682436888028	0.000169816447288975	0.000207747726540747
boot982	0.0389194139194139	0.000171848342972377	0.000172541896442995	0.000210789858449033
boot983	0.0851648351648352	0.000163560355000097	0.00016688134820003	0.000203082055553074
boot984	0.0741758241758242	0.000165619992822323	0.000168139247809577	0.000205091008775648
boot985	0.0888278388278388	0.000160752735358761	0.000164365548980934	0.000202387830127535
boot986	0.0499084249084249	0.000170562797217564	0.000171703296703297	0.000209135697424023
boot987	0.0315934065934066	0.000167891872405594	0.000168348897744502	0.00021183119658734
boot988	0.0531135531135531	0.000161396660158887	0.000162688349501536	0.00020863240318922
boot989	0.0608974358974359	0.000162877168833952	0.000164575198915858	0.000207370951817954
boot990	0.0663919413919414	0.000156267436270229	0.000158285700868118	0.000206447109797022
boot991	0.0293040293040293	0.000165230258968938	0.000165623448590482	0.000212146535431767
boot992	0.0494505494505494	0.000165761679316805	0.00016688134820003	0.000209206828651944
boot993	0.0608974358974359	0.000161619269224404	0.00016331729930631	0.000207370951817954
boot994	0.0906593406593407	0.000161860117066312	0.000165623448590482	0.000202036109723889
boot995	0.0412087912087912	0.000165265200624759	0.000166042748460331	0.000210454360957018
boot996	0.043040293040293	0.000172322647152076	0.000173170846247769	0.000210182507195247
boot997	0.0695970695970696	0.000167598612079955	0.000169816447288975	0.000205895434808006
boot998	0.0581501831501832	0.000169735716705059	0.000171283996833447	0.000207822505523946
boot999	0.0695970695970696	0.000172210910648297	0.000174428745857317	0.000205895434808006
boot1000	0.0682234432234432	0.000167894944199512	0.000170026097223899	0.000206133018868875
