V1	V2	V3	V4
boot1	0.04976877339793	9.76084280248585e-05	9.81538873522169e-05	9.62508883041454e-05
boot2	0.0670170827858081	9.77291817478339e-05	9.87128193705058e-05	9.7539316029604e-05
boot3	0.0741794310722101	9.80542484218991e-05	9.92583158166905e-05	9.84364201946161e-05
boot4	0.0668719753629564	9.82125000890182e-05	9.91961914856183e-05	9.87029620455251e-05
boot5	0.0512820512820513	9.96797199542593e-05	0.000100261030472317	9.82743965927528e-05
boot6	0.0938461538461538	9.66515006548819e-05	9.85871271585557e-05	9.75300057990554e-05
boot7	0.0716000873171797	9.70436373542725e-05	9.81627319851016e-05	9.57505787640631e-05
boot8	0.0701293008985317	9.6035810039027e-05	9.71136357774703e-05	9.70859954416387e-05
boot9	0.0453544693967415	9.89180961694119e-05	9.93709865028025e-05	9.82634777494498e-05
boot10	0.0745850398792843	9.23867992583274e-05	9.35859646331484e-05	9.45365142456397e-05
boot11	0.0609170305676856	9.63942405976057e-05	9.72044774127114e-05	9.68513565130254e-05
boot12	0.0426092686141006	9.87820872777392e-05	9.91808462875852e-05	9.65103814827273e-05
boot13	0.0587332895025203	9.63576420681153e-05	9.71136357774703e-05	9.70877637494909e-05
boot14	0.063429571303587	9.70955154163098e-05	9.79755045929845e-05	9.56281831663282e-05
boot15	0.0629695095006628	9.64161546803235e-05	9.72922393305122e-05	9.91144414734095e-05
boot16	0.0494762647648763	0.000101773161950918	0.000102318715945811	9.93784318573551e-05
boot17	0.0598855129898723	9.64485653091695e-05	9.72381458168886e-05	9.66361205622331e-05
boot18	0.0539473684210526	9.58337636276749e-05	9.64719913819637e-05	9.74336148639527e-05
boot19	0.0608599779492833	9.67218167692903e-05	9.75385614034661e-05	9.72137119899204e-05
boot20	0.0720348204570185	9.77149773398832e-05	9.88442516289528e-05	9.77695027731046e-05
boot21	0.0759214301478702	9.751031811649e-05	9.87824575019894e-05	9.69506610686846e-05
boot22	0.0703225806451613	9.37913985953998e-05	9.48548965198289e-05	9.62929743882381e-05
boot23	0.0615784908933218	9.50850955474527e-05	9.59072790992088e-05	9.56298268090915e-05
boot24	0.0517391304347826	9.48811950357524e-05	9.54631379962193e-05	9.60634092216652e-05
boot25	0.0677631578947368	9.70520344822699e-05	9.80590181594337e-05	9.81654843696846e-05
boot26	0.0756172839506173	9.57003618127748e-05	9.69609380103207e-05	9.85053900230268e-05
boot27	0.062596090489787	9.91403304396298e-05	0.000100000921378484	9.76262625252657e-05
boot28	0.0830396475770925	9.92496483952452e-05	0.000100768499291661	9.90045018061341e-05
boot29	0.0577310360259566	9.59898425950913e-05	9.67356185003566e-05	9.84125051018385e-05
boot30	0.0720461095100865	0.000100327921506252	0.000101478584750663	9.97408299695152e-05
boot31	0.0824650853469297	0.000100806466689689	0.000102314001671129	9.93340317032638e-05
boot32	0.078619153674833	9.93669395862513e-05	0.000100743547899068	9.96417994665398e-05
boot33	0.0630789589766211	9.52446640835282e-05	9.61222457036372e-05	9.69510108000593e-05
boot34	0.0713822193380921	9.67823031396839e-05	9.78844924621221e-05	9.6772323721209e-05
boot35	0.0538057742782152	9.78206850940775e-05	9.84539006115049e-05	9.7708536176175e-05
boot36	0.0532894736842105	9.92637473979848e-05	9.98865035395506e-05	9.78340733552294e-05
boot37	0.0640686922060766	9.735235025316e-05	9.8256092507893e-05	9.68942518303479e-05
boot38	0.0606394707828004	9.6581854255447e-05	9.73926911720552e-05	9.64652009575601e-05
boot39	0.0665353469030422	9.73269072462305e-05	9.82958178147374e-05	9.81238764482693e-05
boot40	0.0713201820940819	9.74416432852747e-05	9.85443028070464e-05	9.60698920952109e-05
boot41	0.0587602238484718	9.71474524111376e-05	9.7890621568848e-05	9.55614186048503e-05
boot42	0.0590390002154708	9.48899487369358e-05	9.56409945344886e-05	9.60304427322979e-05
boot43	0.0585894317930577	9.72489786315268e-05	9.80079265682576e-05	9.88366901500048e-05
boot44	0.060327868852459	9.49493628688451e-05	9.5744871450327e-05	9.73772430291522e-05
boot45	0.0791223404255319	0.000100144361119957	0.000101531848875811	9.88189379365681e-05
boot46	0.0663433987216222	9.84742664195726e-05	9.94443890896048e-05	9.76738276818591e-05
boot47	0.0638204225352113	0.000102067929572466	0.000102964286599881	9.83825699112131e-05
boot48	0.0840280824923212	9.61146694905293e-05	9.76637521248725e-05	9.91133776748383e-05
boot49	0.0633274492497793	9.71236521299802e-05	9.8008551915612e-05	9.71614679010278e-05
boot50	0.0770416024653313	9.77300351941687e-05	9.90365305739676e-05	9.85167267223705e-05
boot51	0.0583623693379791	9.63821570566512e-05	9.71239179788513e-05	9.71115869677532e-05
boot52	0.0593257443082312	9.61786019287293e-05	9.6949080023678e-05	9.8179551617505e-05
boot53	0.0683216168717048	9.9502023539012e-05	0.000100527472425647	9.89834944279858e-05
boot54	0.0856830601092896	9.71023197079475e-05	9.87070381319239e-05	9.88437374510218e-05
boot55	0.0698805838124724	0.000102106236115854	0.000103186133505056	9.97628103321154e-05
boot56	0.0444444444444444	9.95212128769929e-05	9.99646042668863e-05	9.88605140142545e-05
boot57	0.0676125027710042	0.000101644596179601	0.000102657996873673	9.92572736136058e-05
boot58	0.0613591378931163	9.76957863172179e-05	9.8523792431796e-05	9.78672996661145e-05
boot59	0.064128256513026	9.69568748384842e-05	9.78725803124099e-05	0.000100409251400661
boot60	0.0614228899690676	9.9338863674905e-05	0.000100172441096945	9.85604237687995e-05
boot61	0.0773664375969852	0.000100643124254785	0.000101970006468584	9.90383071642551e-05
boot62	0.0650623885918004	9.74574396117511e-05	9.84006469221946e-05	9.7613814852655e-05
boot63	0.0737003728887914	9.94605867093514e-05	0.000100652020129827	9.7967917854901e-05
boot64	0.0460380699424524	9.61391795197827e-05	9.66083038854371e-05	9.85582972095189e-05
boot65	0.0619430558574223	9.52962858201703e-05	9.61302223924276e-05	9.55369441550882e-05
boot66	0.0505997818974918	9.50546790646462e-05	9.56130951885445e-05	9.63253288929444e-05
boot67	0.084472871636524	9.77103491437829e-05	9.92841616807306e-05	9.76611678372816e-05
boot68	0.0731548007838014	9.43047538825017e-05	9.54699236795227e-05	9.56074990886983e-05
boot69	0.0701793225592207	9.95306763899059e-05	0.000100621032226716	9.8741172350678e-05
boot70	0.0713188501206934	9.84203441705228e-05	9.95365123475116e-05	9.78078650459001e-05
boot71	0.0647388864911524	9.6795314941162e-05	9.76997438199091e-05	9.68525351415573e-05
boot72	0.0698027314112291	9.65012129824146e-05	9.75574499892362e-05	9.604660443465e-05
boot73	0.06421816582362	9.37958255019092e-05	9.47027911543724e-05	9.69773747222182e-05
boot74	0.0705199732202633	0.000101582699193585	0.000102692510981799	0.000100794285591675
boot75	0.0617879053461876	9.73867720385146e-05	9.82232631093011e-05	9.8015875931196e-05
boot76	0.0668284075871195	9.65479365190935e-05	9.75329466780327e-05	9.73423905731528e-05
boot77	0.0687853722246408	9.63885159959079e-05	9.74184305435967e-05	9.67194096679853e-05
boot78	0.0781598928092899	0.000100368814034049	0.000101733032176961	9.97154370671542e-05
boot79	0.0570175438596491	9.66247036875044e-05	9.73376423514928e-05	9.68839560283056e-05
boot80	0.073299581774158	0.00010158469783219	0.000102767358780521	9.95176408317858e-05
boot81	0.0640522875816993	9.65046030468329e-05	9.73984364987825e-05	9.49495876423316e-05
boot82	0.0717262557578416	0.000101303733028849	0.000102432194482027	9.78611599495587e-05
boot83	0.0701407211961302	9.71086631649987e-05	9.81903959640121e-05	9.65786448145617e-05
boot84	0.0564658990256864	0.000100057643473165	0.000100763666004781	9.92163447443719e-05
boot85	0.0689956331877729	9.61174167117648e-05	9.71568047901451e-05	9.63718094837126e-05
boot86	0.0600487480611567	9.61707927731845e-05	9.69697850496552e-05	9.7017404079817e-05
boot87	0.0773796438777753	9.88122911915264e-05	0.000100128538561641	9.76688182857353e-05
boot88	0.0676156583629893	0.000100101080352249	0.000101117956966097	0.000100071833706218
boot89	0.0612244897959184	9.64025023174353e-05	9.72250693902399e-05	9.6253186754445e-05
boot90	0.0612112003472976	9.77522875388691e-05	9.85655740697909e-05	9.65724882231882e-05
boot91	0.0563624539345328	9.6022929665121e-05	9.67115761453989e-05	9.75854848281967e-05
boot92	0.0680766688697951	9.83357478106312e-05	9.93567728920165e-05	9.82799919558083e-05
boot93	0.0593537041107936	9.74211295615489e-05	9.81955551917251e-05	9.80961015188896e-05
boot94	0.0580026166593982	9.826125208087e-05	9.89948551204114e-05	9.63022677869144e-05
boot95	0.0580730312362516	9.59381395010862e-05	9.66799954089099e-05	9.76092312438648e-05
boot96	0.0677928916191312	9.77143888544956e-05	9.8722698673294e-05	9.9005958109932e-05
boot97	0.0851714348110941	9.6187340071289e-05	9.77715666071659e-05	9.72248261777034e-05
boot98	0.0644151196600313	9.84224159430738e-05	9.93504650687317e-05	0.000100387023796297
boot99	0.0847273517271345	9.69885904929819e-05	9.85481655811187e-05	9.61398986452167e-05
boot100	0.04880174291939	9.79237999433293e-05	9.84426692487695e-05	9.66326244515154e-05
boot101	0.0798679867986799	0.00010127343704101	0.000102676934360103	9.90788009080075e-05
boot102	0.0652565256525653	0.000103957743141814	0.00010491598214727	9.85561464498491e-05
boot103	0.0929664965609053	9.85596518740727e-05	0.000100477284330875	9.8936229226564e-05
boot104	0.0735836770132407	9.65893217530647e-05	9.77646109917859e-05	9.66209025187138e-05
boot105	0.0791730811524082	9.78707248272621e-05	9.92492990034587e-05	9.72905748614461e-05
boot106	0.0711916869334513	9.71317834528026e-05	9.82523353626921e-05	9.76811871881055e-05
boot107	0.0620567375886525	9.66995868324331e-05	9.75530971782103e-05	9.82066422429769e-05
boot108	0.0636663007683864	9.60832066077214e-05	9.69730853900552e-05	9.76889881089035e-05
boot109	0.0574045119499665	9.82984104460277e-05	9.90344564572436e-05	9.91420288981022e-05
boot110	0.080895390070922	9.79201828331754e-05	9.93705516573613e-05	9.89126498888187e-05
boot111	0.0532219045524522	9.86263451604434e-05	9.92492990034587e-05	9.75081896029324e-05
boot112	0.0713812154696133	9.91395313893136e-05	0.000100265559659351	9.89297144681361e-05
boot113	0.0500217485863419	9.66102192541844e-05	9.71544070166105e-05	9.59534905820997e-05
boot114	0.0776315789473684	9.72663906708137e-05	9.8588027085257e-05	9.67408620668708e-05
boot115	0.0774477447744775	9.54028178713723e-05	9.67225435414829e-05	9.78587065162915e-05
boot116	0.0652077807250221	9.83927992980418e-05	9.93326875975737e-05	9.82073380871304e-05
boot117	0.0432245515452777	9.6564184824658e-05	9.69679803414702e-05	9.53704441383058e-05
boot118	0.0585810371013235	9.54758970773617e-05	9.62204702836682e-05	9.55713944639044e-05
boot119	0.0670452063769382	9.43575323831247e-05	9.53392008037681e-05	9.68917323932369e-05
boot120	0.0672546857772878	9.68815288580149e-05	9.78789252767584e-05	9.68420511518734e-05
boot121	0.0505050505050505	9.6841312168092e-05	9.74014263812053e-05	9.65305493674328e-05
boot122	0.0606597299092318	9.4856237835227e-05	9.56708499301265e-05	9.97884191532689e-05
boot123	0.0623893805309735	9.6444817266929e-05	9.73059754091941e-05	9.77778992540701e-05
boot124	0.0542011319111885	9.70158649019644e-05	9.76553430692378e-05	9.71455324802125e-05
boot125	0.0674967234600262	9.39085611285293e-05	9.49037135264846e-05	9.65691797179914e-05
boot126	0.0559807566149136	9.98295754770586e-05	0.000100514868525643	9.61893116856825e-05
boot127	0.053226879574185	9.99074052630156e-05	0.000100535726555809	9.85474823649262e-05
boot128	0.0633955709943552	9.46248485413807e-05	9.54974057323708e-05	9.66356679677743e-05
boot129	0.0856760374832664	9.88186173025896e-05	0.000100456364602642	9.86072793059981e-05
boot130	0.086256342378116	9.5253323563576e-05	9.68946552645358e-05	9.71119413386439e-05
boot131	0.0535481062255115	9.80262137961425e-05	9.86503756769302e-05	9.73817745960074e-05
boot132	0.0945945945945946	9.77909766920238e-05	9.97732844737065e-05	9.90138323543295e-05
boot133	0.058262941303877	9.6700161492681e-05	9.74353943991959e-05	9.61902607425457e-05
boot134	0.0721603563474388	9.913740728188e-05	0.000100297121542056	9.90366105958771e-05
boot135	0.0648494174543856	9.60629633500533e-05	9.69874405855277e-05	9.74691248289993e-05
boot136	0.072594880847308	9.91827208635248e-05	0.000100345566566357	9.87762013247625e-05
boot137	0.0673055979089523	0.000100402066578044	0.000101388789189649	9.83167429811952e-05
boot138	0.0538186690486824	9.84431505223626e-05	9.9089968105697e-05	9.84517924266801e-05
boot139	0.0675675675675676	9.73434191909438e-05	9.83384881070288e-05	9.78954391082624e-05
boot140	0.0602673679596757	9.68459476507116e-05	9.76419493252211e-05	9.68592941647384e-05
boot141	0.0587339569284316	9.81498054305746e-05	9.8900224768506e-05	9.72239794325834e-05
boot142	0.0607989464442493	9.53001749294769e-05	9.61115252123414e-05	9.74278373923753e-05
boot143	0.0594827586206897	9.36191456701792e-05	9.43816884661118e-05	9.47238597254398e-05
boot144	0.0707444492816717	9.68502220999707e-05	9.7939638100007e-05	9.63310979710823e-05
boot145	0.033399252911448	9.87332323347413e-05	9.89783455175677e-05	9.76644904800164e-05
boot146	0.0719929762949956	9.66600740957347e-05	9.77976923213299e-05	9.79990045590128e-05
boot147	0.0835709585435403	9.80134873127172e-05	9.95454252622425e-05	9.75977055852876e-05
boot148	0.0783278327832783	9.87613313886754e-05	0.000100111221243136	9.75285620748631e-05
boot149	0.0904688531807176	9.50545886227824e-05	9.68561764272804e-05	9.67406609051694e-05
boot150	0.0445077833808375	9.72932781232652e-05	9.77276001538453e-05	9.78962426060113e-05
boot151	0.0680525164113785	0.000100351721454068	0.000101365101101753	9.69419730794373e-05
boot152	0.0622379165747076	9.98759280412628e-05	0.000100730829444829	9.97611370701436e-05
boot153	0.075261780104712	0.000100177465184687	0.000101413140477996	9.80640114269826e-05
boot154	0.0687596727835507	9.74514440020745e-05	9.84967441571267e-05	9.79944930006484e-05
boot155	0.0728565082185695	0.000100261627405654	0.00010144067467127	9.94230423124211e-05
boot156	0.0727516179424236	9.94196464992472e-05	0.000100600810952102	9.89015728061711e-05
boot157	0.0516677567037279	9.69914236473936e-05	9.75734068788729e-05	9.71493296889422e-05
boot158	0.0486558542546101	9.74551690835219e-05	9.79811393464071e-05	9.75475957922144e-05
boot159	0.0932221978504058	9.79278994704548e-05	9.9834102184221e-05	9.73796518248899e-05
boot160	0.0532121998702141	9.46517681430768e-05	9.52642574822565e-05	9.43537013336571e-05
boot161	0.0658266348033891	9.36894073160673e-05	9.46307816044746e-05	9.66188040631425e-05
boot162	0.0506134969325153	9.70378764557105e-05	9.75991661296232e-05	9.86225433838846e-05
boot163	0.0913781982369383	9.78265409222885e-05	9.96218484073518e-05	9.70593172003672e-05
boot164	0.070704845814978	9.97643921138287e-05	0.000100865532030507	9.85787118891094e-05
boot165	0.0539000876424189	9.51863389607021e-05	9.58228901105401e-05	9.66642618696325e-05
boot166	0.0641803989592368	9.86811903780207e-05	9.95743221235903e-05	9.71018183440136e-05
boot167	0.0798226164079823	9.50469200295538e-05	9.64597027546571e-05	9.83160730927997e-05
boot168	0.0506578947368421	9.90351851683109e-05	9.95979532163743e-05	9.76763831347567e-05
boot169	0.0586283185840708	9.74755019762326e-05	9.82359620957005e-05	9.78773844390833e-05
boot170	0.0641025641025641	9.58348018940861e-05	9.67430995785519e-05	9.78523891763103e-05
boot171	0.0730735163861825	0.000102572299749133	0.00010375470426575	9.96069508277997e-05
boot172	0.0686534216335541	9.84191134829352e-05	9.94595753597552e-05	9.86242346775796e-05
boot173	0.0635414352366141	9.85155758431686e-05	9.94126018355989e-05	9.93779911696481e-05
boot174	0.0703296703296703	9.67754863178121e-05	9.78625769834561e-05	9.75937555983444e-05
boot175	0.0643814546253571	9.72467668624347e-05	9.81575494815683e-05	9.80102418056878e-05
boot176	0.0641980718667835	9.76562933239978e-05	9.85593153291276e-05	9.77520137196539e-05
boot177	0.0656167979002625	9.33979704063228e-05	9.43396948522292e-05	9.66433411918053e-05
boot178	0.0649293286219081	9.99332957604762e-05	0.000100864350909613	9.78727292626132e-05
boot179	0.0603522336769759	9.60424740319907e-05	9.68247747428585e-05	9.50497493802139e-05
boot180	0.0945175438596491	9.61960862282862e-05	9.81552016004925e-05	9.79014439496903e-05
boot181	0.0695210770249393	9.7959312282042e-05	9.90260039948444e-05	9.75292815247176e-05
boot182	0.07316529109971	0.00010051115772477	0.000101705259848729	9.86642418875952e-05
boot183	0.0699470432480141	9.91686258943161e-05	0.000100248190955909	9.87255367860521e-05
boot184	0.0820252045102808	9.65203886122652e-05	9.80079265682576e-05	9.94816959280037e-05
boot185	0.050854793334776	9.37099730938779e-05	9.42696376697538e-05	9.49175513923338e-05
boot186	0.0784695201037613	9.50713716379635e-05	9.64024277523851e-05	9.45055296014796e-05
boot187	0.0715389710752926	9.676466258546e-05	9.78946745930802e-05	9.68202503579733e-05
boot188	0.0589912280701754	9.4025630946499e-05	9.47887811634349e-05	9.75132931421544e-05
boot189	0.0821436415550187	9.63481273782321e-05	9.78301343731628e-05	9.75823986103767e-05
boot190	0.0532194480946124	9.59340714497109e-05	9.65543757982644e-05	9.73926149808555e-05
boot191	0.0521586675432829	9.81503904609194e-05	9.87466049250638e-05	9.77356591157422e-05
boot192	0.0742034046268005	9.72992472978872e-05	9.85009376641484e-05	9.74728894767629e-05
boot193	0.0529424633559396	9.86495586884252e-05	9.92627515184832e-05	9.84179936889449e-05
boot194	0.06488633855661	9.80480876931211e-05	9.89772946962734e-05	9.96351013569575e-05
boot195	0.0617095508068033	9.66905001038293e-05	9.75208683246704e-05	9.76978201460828e-05
boot196	0.0713812154696133	9.95302398536462e-05	0.000100656268123684	9.93570329631598e-05
boot197	0.0774818401937046	9.70367287561344e-05	9.8358198172776e-05	9.76706936407548e-05
boot198	0.084326710816777	9.68664725459405e-05	9.84362284305269e-05	9.67347380090402e-05
boot199	0.0605391073795846	9.9069777065451e-05	9.98795392223924e-05	9.78365389400798e-05
boot200	0.0708159225863206	9.77594602756956e-05	9.88623621652386e-05	9.76508975593202e-05
boot201	0.0511759581881533	9.77391775987564e-05	9.83095126807415e-05	9.70278620875422e-05
boot202	0.0655954215276249	9.58606056173369e-05	9.68077241129096e-05	9.79210501513295e-05
boot203	0.0811638591117917	9.80608877081042e-05	9.95020541981324e-05	9.72901980105213e-05
boot204	0.0641221374045802	9.92829299278765e-05	0.000100179690779639	9.73169781563668e-05
boot205	0.0597910646810402	9.81629418229267e-05	9.89575564963413e-05	9.92897943999656e-05
boot206	0.065	9.8656190926276e-05	9.95746691871456e-05	9.78054060162735e-05
boot207	0.0722382751722605	9.75012332922179e-05	9.86611284688934e-05	9.85941098628508e-05
boot208	0.0505543237250554	9.92361696447258e-05	9.98028524933506e-05	9.8054642882048e-05
boot209	0.0601438221834822	9.86470439334171e-05	9.94352939545193e-05	9.64347161922437e-05
boot210	0.0753201649663555	9.66274273012541e-05	9.78588419421395e-05	9.72229619985611e-05
boot211	0.0590015128593041	9.81306893423553e-05	9.88830512441679e-05	9.68078350395025e-05
boot212	0.075521990226566	9.71147688407288e-05	9.83816659992765e-05	9.77347593775226e-05
boot213	0.0387278234530506	9.70874400479778e-05	9.74119411967036e-05	9.58030065507086e-05
boot214	0.0735520810394186	0.000100745150217533	0.000101936497635553	9.98526114763768e-05
boot215	0.0794484569927774	9.79202727082199e-05	9.93017691666426e-05	9.72290055096403e-05
boot216	0.0626235992089651	9.8068337364429e-05	9.8930063397803e-05	9.80968971241316e-05
boot217	0.0539119000657462	9.80135781665025e-05	9.86505479163818e-05	9.64673613600834e-05
boot218	0.0713174850033326	9.75421782798634e-05	9.86721902032583e-05	9.74833971741928e-05
boot219	0.0529296449575256	9.57494515670841e-05	9.63596775124837e-05	9.63174415146032e-05
boot220	0.070637732506643	9.75993712803439e-05	9.87042626119825e-05	9.86719826429476e-05
boot221	0.0731336805555556	9.65614766086897e-05	9.7722183039159e-05	9.6687921853059e-05
boot222	0.0482651245551601	9.89672941770468e-05	9.9485426349717e-05	9.79540266301281e-05
boot223	0.0484256243213898	9.58313067053505e-05	9.6340544727265e-05	9.58945915286012e-05
boot224	0.082115980522355	9.91819927621278e-05	0.000100674474890757	9.86642470564311e-05
boot225	0.0480895915678524	9.74240109486263e-05	9.79318301882316e-05	9.64070383599476e-05
boot226	0.0708369659982563	9.61521425652762e-05	9.72458382391729e-05	9.63611381011998e-05
boot227	0.0694837725985624	9.40745002422779e-05	9.51261218180846e-05	9.61604025560045e-05
boot228	0.0822010869565217	9.98490033275522e-05	0.00010137912531506	0.000100100290351129
boot229	0.0643185298621746	9.66347463480387e-05	9.7539772225009e-05	9.71062946079678e-05
boot230	0.0883658969804618	9.88281963793076e-05	0.000100561884600702	9.90488639250751e-05
boot231	0.043733681462141	9.69648527963786e-05	9.73810048621384e-05	9.5248741839624e-05
boot232	0.0530136383633964	9.78521417935727e-05	9.84703656942601e-05	9.71703189912375e-05
boot233	0.046583850931677	9.97052952546723e-05	0.000100186673952016	9.78301669520768e-05
boot234	0.069828722002635	9.86451975794281e-05	9.97159157209567e-05	9.8432354178445e-05
boot235	0.0553974162469893	9.91962385160319e-05	9.98682056119028e-05	9.8441389634445e-05
boot236	0.0726021314387211	0.000100525362053325	0.000101695670554534	9.9314963024383e-05
boot237	0.0770764119601329	9.96396855388093e-05	0.000100955471425996	9.84566038465798e-05
boot238	0.0590178374807311	9.68049124834997e-05	9.75719473086267e-05	9.70443438821874e-05
boot239	0.0498924731182796	9.57532637870995e-05	9.62885882761013e-05	9.59204731232525e-05
boot240	0.061353711790393	9.58105111929073e-05	9.66324059419157e-05	9.54193458749941e-05
boot241	0.0655050727834142	9.67811400265351e-05	9.77275261227769e-05	9.73617026045015e-05
boot242	0.0676957001102536	9.647941807824e-05	9.74899379929958e-05	9.57138808108572e-05
boot243	0.058965896589659	9.75066419154729e-05	9.82716533479531e-05	9.82608956409637e-05
boot244	0.0434308162374509	9.6803238164443e-05	9.72149002768505e-05	9.60234700177822e-05
boot245	0.0765372873964239	9.60533200993341e-05	9.73306764800587e-05	9.77137040266947e-05
boot246	0.0623893805309735	0.000100164764012954	0.00010102592215522	9.96371146034679e-05
boot247	0.0706605222734255	9.54070863653786e-05	9.65027434660925e-05	9.60001005737219e-05
boot248	0.0777190664905328	9.93499086818851e-05	0.000100679775105522	9.72033647442965e-05
boot249	0.0627232142857143	9.81233446660612e-05	9.90015146683673e-05	9.92984493689356e-05
boot250	0.0549835706462212	9.70861019912112e-05	9.77483567647069e-05	9.74665245281997e-05
boot251	0.0842458100558659	9.58391725406293e-05	9.74251739958179e-05	9.88165198255936e-05
boot252	0.082779991146525	9.69532074501267e-05	9.84699243457041e-05	9.80023831012911e-05
boot253	0.0663918420481666	9.59231516823571e-05	9.68795146006796e-05	9.60350521494119e-05
boot254	0.0587717367378384	9.78401434251976e-05	9.86004597446301e-05	9.88354902645047e-05
boot255	0.0651650994970479	9.50913119409072e-05	9.6019912464078e-05	9.56718911743594e-05
boot256	0.0591728992520897	9.64420450413221e-05	9.72122676559059e-05	9.75470373723454e-05
boot257	0.0718497488534615	9.90765276474483e-05	0.000100203932410564	9.82473345210764e-05
boot258	0.0815404475043029	9.56353152835649e-05	9.70657895906221e-05	9.56991703197791e-05
boot259	0.0615998227343231	9.92221967264993e-05	0.000100062998446176	9.93246804514534e-05
boot260	0.0711635014189042	9.54370816456819e-05	9.6542570389231e-05	9.65930827658604e-05
boot261	0.0619201725997843	9.42702462253159e-05	9.50974539437165e-05	9.6787048982523e-05
boot262	0.0713494349656548	9.69710361779322e-05	9.80990534325119e-05	9.86159108428218e-05
boot263	0.0784663397235845	9.64202420020804e-05	9.77927267255795e-05	9.95407882426846e-05
boot264	0.0619132767098793	9.97093634503233e-05	0.000100566147945843	0.000100618618724094
boot265	0.0595659875996457	9.82127884113887e-05	9.8998463096668e-05	9.77982845103202e-05
boot266	0.0384864864864865	9.46746252344382e-05	9.49948867786706e-05	9.47660216768997e-05
boot267	0.0545292677498331	9.78667228380578e-05	9.85285169714504e-05	9.76407260676074e-05
boot268	0.0572984749455338	9.75849982242976e-05	9.83002738737712e-05	9.72034158468514e-05
boot269	0.0723972003499563	9.75466955983435e-05	9.86930986207651e-05	9.81344572158485e-05
boot270	0.0567638103523271	9.51765365342215e-05	9.587730429536e-05	9.6209937779255e-05
boot271	0.0666957279860506	9.61337633006971e-05	9.71033186911917e-05	9.62804867818722e-05
boot272	0.082089552238806	9.9209183167788e-05	0.000100688264508167	9.77666886717403e-05
boot273	0.0709748083242059	9.60210450294076e-05	9.71245331820161e-05	9.78503949400744e-05
boot274	0.037215411558669	9.44893328233176e-05	9.47925260933441e-05	9.70261687485277e-05
boot275	0.069818824569156	9.97788420688786e-05	0.000100855878804234	9.91516636110248e-05
boot276	0.0743453173546383	9.86057313278107e-05	9.98323683035235e-05	9.94384344809201e-05
boot277	0.0827133479212254	9.6085418387724e-05	9.75824638853909e-05	9.76767181146749e-05
boot278	0.0585556278464541	9.46408729956834e-05	9.53844777565797e-05	9.61411593529144e-05
boot279	0.0707495025425603	9.88076399249577e-05	9.99143151648471e-05	9.87409368040535e-05
boot280	0.0455245216626347	9.67137224110206e-05	9.71695134980256e-05	9.63563993884373e-05
boot281	0.0773613850536927	9.9116012855888e-05	0.000100427602576998	9.77643941183394e-05
boot282	0.062046204620462	9.81991826169078e-05	9.90462082511882e-05	9.74606713576846e-05
boot283	0.0779786538880418	9.9257757293651e-05	0.000100582233543311	9.70656811012298e-05
boot284	0.0520017406440383	9.63192150279614e-05	9.69075921015058e-05	9.70465978718438e-05
boot285	0.060619371842741	9.4900491045113e-05	9.57075870790705e-05	9.69968471320542e-05
boot286	0.0721058434399118	9.94553637916122e-05	0.000100601836263096	9.96184639724445e-05
boot287	0.0803908505440817	9.74945817750065e-05	9.89297780555308e-05	9.87266400208923e-05
boot288	0.0614709110867179	9.63363088725659e-05	9.71658748242303e-05	9.73075782327084e-05
boot289	0.0655059847660501	9.68684416441403e-05	9.78022901838944e-05	9.6440051085435e-05
boot290	0.0628696604600219	9.84180749259137e-05	9.92839225067151e-05	9.64035278818769e-05
boot291	0.0470665499124343	9.67516686824293e-05	9.72366205477225e-05	9.71430712609119e-05
boot292	0.082779991146525	0.000101362308540233	0.00010287902543581	9.95251505561334e-05
boot293	0.068327088384395	0.000100601509941881	0.000101630513910822	9.85115718288109e-05
boot294	0.0827900912646675	9.81876148565379e-05	9.96770106000433e-05	9.73395803500781e-05
boot295	0.0692937790568962	9.6225223646795e-05	9.72882362250518e-05	9.68567878163794e-05
boot296	0.0705284103471148	9.88634275967186e-05	9.9963196923734e-05	9.91921014970654e-05
boot297	0.0661247803163445	9.84086467875213e-05	9.93692106214152e-05	9.86574152315615e-05
boot298	0.0696765791187324	9.60512010513388e-05	9.71049943393112e-05	9.62825342504919e-05
boot299	0.0647007042253521	9.50689692644217e-05	9.5990223913906e-05	9.79016919520823e-05
boot300	0.0655701266948211	9.73102472859434e-05	9.82658910989629e-05	9.80391171790242e-05
boot301	0.06488633855661	9.74635761102691e-05	9.83927831134214e-05	9.69892543994879e-05
boot302	0.0675438596491228	9.7395183673249e-05	9.83956602031394e-05	9.71890431536289e-05
boot303	0.0760259179265659	9.50342109582005e-05	9.62825781712841e-05	9.54818958492949e-05
boot304	0.0494481236203091	9.94558533158414e-05	9.99956142274462e-05	9.77111828820145e-05
boot305	0.0549911660777385	9.7318842145859e-05	9.79866929291164e-05	9.72340480076063e-05
boot306	0.074288256227758	9.58338868644375e-05	9.7061365737516e-05	9.81183382046887e-05
boot307	0.0701293008985317	9.63239810650729e-05	9.74018068035162e-05	9.75881948716447e-05
boot308	0.0629476883004124	9.71401033964595e-05	9.80001883676698e-05	9.67632818643642e-05
boot309	0.0690571049136786	9.68265143776344e-05	9.78820442003566e-05	9.76803372049354e-05
boot310	0.0593708462560922	9.79617890014097e-05	9.87426701235108e-05	9.84688877051443e-05
boot311	0.0738648707364762	9.55693464019276e-05	9.6754664483378e-05	9.67872094625348e-05
boot312	0.0683836589698046	9.83405432115059e-05	9.93788036053999e-05	9.8344111191861e-05
boot313	0.0786885245901639	9.94558036918411e-05	0.000100809220938219	9.79801820579859e-05
boot314	0.0496485061511424	9.48220406801739e-05	9.53635552151124e-05	9.61357085470015e-05
boot315	0.0641906397595535	9.74240911637174e-05	9.83086850307721e-05	9.49985896165439e-05
boot316	0.0635850694444444	9.65622124685018e-05	9.74396128713349e-05	9.61839805251123e-05
boot317	0.0677377333912288	9.8177829706063e-05	9.91740087171314e-05	9.69388279676089e-05
boot318	0.040962288686606	9.81379360228275e-05	9.85015920901108e-05	9.70795350995882e-05
boot319	0.0655041359266711	9.9252008470001e-05	0.000100211273353413	9.98454746313745e-05
boot320	0.0890529973935708	0.00010074570968907	0.000102468219755269	9.82635942022448e-05
boot321	0.0706239168110919	9.77581088572744e-05	9.88386412718628e-05	9.78431882283956e-05
boot322	0.0650263620386643	9.63650750880161e-05	9.72939915554993e-05	9.72904080346126e-05
boot323	0.0774972557628979	9.89801905827517e-05	0.000100298703129575	9.77399048354266e-05
boot324	0.067529050646788	0.000100140796600636	0.000101140615210866	9.80608062737896e-05
boot325	0.0617659852109613	9.8500495052319e-05	9.9330211652815e-05	9.79566159029906e-05
boot326	0.0676528170546008	9.48287520791415e-05	9.58243804575238e-05	9.55821566243158e-05
boot327	0.0453857791225416	9.54017786704105e-05	9.5846963227696e-05	9.51584716817552e-05
boot328	0.0683967451066637	9.51733359634637e-05	9.62021714024753e-05	9.6769056846704e-05
boot329	0.0643466841759685	9.56651149077758e-05	9.65713297828999e-05	9.63695922357305e-05
boot330	0.082097809249834	0.000100509545508172	0.00010200103705135	9.86321046163742e-05
boot331	0.0598855129898723	9.40248827115402e-05	9.48144632192593e-05	9.71647843277821e-05
boot332	0.0685889034512888	9.76455235276419e-05	9.86731420677577e-05	9.64412850051657e-05
boot333	0.0697573656845754	9.72212791733357e-05	9.82754581307126e-05	9.73963181854321e-05
boot334	0.0764134275618375	9.811160055452e-05	9.94011349873266e-05	9.82043226000077e-05
boot335	0.077728285077951	0.000101382077891865	0.000102727665041344	9.8830653491849e-05
boot336	0.0695480473892058	9.83353778531929e-05	9.93965737495622e-05	9.78342273545503e-05
boot337	0.0516824279744887	9.78396218111263e-05	9.8427058222241e-05	9.81446951704883e-05
boot338	0.06464954288202	9.88303858776273e-05	9.9740173294879e-05	9.79401641138863e-05
boot339	0.0687830687830688	0.000100340703848911	0.000101383717638862	9.89962849604302e-05
boot340	0.0716923745383446	9.91306530341553e-05	0.000100247271884241	9.73615965584404e-05
boot341	0.0641367066134043	9.95104860821132e-05	0.000100423383804087	9.9000528632892e-05
boot342	0.0638530505138858	9.73279881571271e-05	9.82195718133547e-05	9.72996922130739e-05
boot343	0.051685393258427	9.73671182704488e-05	9.79674283550057e-05	9.87771093480706e-05
boot344	0.0569971168773564	9.49458487211044e-05	9.56663347118631e-05	9.78280763013894e-05
boot345	0.0535792709705753	9.71567972927409e-05	9.77871746044972e-05	9.72147357610614e-05
boot346	0.0639048038783605	9.68010793568708e-05	9.77009964918932e-05	9.80431362121692e-05
boot347	0.0669877408056042	9.5918810408118e-05	9.69011566030039e-05	9.74449741235954e-05
boot348	0.0957562568008705	9.7275022029557e-05	9.92705085837494e-05	9.58621845659399e-05
boot349	0.0600436681222707	9.55591994463481e-05	9.63463702065178e-05	9.74845072303755e-05
boot350	0.0661813368630046	9.97730542699663e-05	0.000100739295026413	9.74331841821374e-05
boot351	0.0709748083242059	9.71727193359138e-05	9.82762074885222e-05	9.67860527816008e-05
boot352	0.0781112091791703	9.8463716287131e-05	9.98100007088944e-05	9.88831490522566e-05
boot353	0.0376140663253951	9.93034307684599e-05	9.96183246000939e-05	9.70143783005431e-05
boot354	0.0662716699583059	9.51537254355657e-05	9.61175029732139e-05	9.71762380231785e-05
boot355	0.0815749401783772	9.80678254633965e-05	9.95153936307025e-05	9.66468050529152e-05
boot356	0.0557006092254134	9.72267027917668e-05	9.79017588988343e-05	9.78027707215132e-05
boot357	0.0621556094335464	9.64067500995411e-05	9.72582642683873e-05	9.72628471372605e-05
boot358	0.0579005524861878	9.80106861328345e-05	9.87515643600623e-05	9.78384722030861e-05
boot359	0.0499010771598153	9.81797267392016e-05	9.8727125618452e-05	9.70436687729149e-05
boot360	0.0430958663148637	9.76369913245467e-05	9.80453584515099e-05	9.7997544120578e-05
boot361	0.0740820734341253	9.58902569313704e-05	9.7075603282191e-05	9.6079107937327e-05
boot362	0.0608315098468271	9.65812065302004e-05	9.73909379503852e-05	9.6709030184854e-05
boot363	0.0658880564125165	9.81525708440345e-05	9.91092116500766e-05	9.63966088718921e-05
boot364	0.0701986754966887	9.94925574020658e-05	0.000100580383901291	9.9046815750016e-05
boot365	0.0610889774236388	9.90156457555287e-05	9.98416446848482e-05	9.64106956559695e-05
boot366	0.063640409434802	9.96135500502003e-05	0.000100514774285409	9.99185048692882e-05
boot367	0.0739514348785872	9.70827921443832e-05	9.82900360120657e-05	9.74914854749334e-05
boot368	0.0437388987566607	9.8017443984316e-05	9.84421978174522e-05	9.75336871386199e-05
boot369	0.0701559020044543	9.9052132224969e-05	0.000100148312756385	9.8563747756006e-05
boot370	0.0451727192205492	9.93801767163758e-05	9.98320311366102e-05	9.87922100553673e-05
boot371	0.0665198237885463	9.51847994923179e-05	9.61594441964719e-05	9.67414269010487e-05
boot372	0.0727739726027397	9.43419505024041e-05	9.54755230812535e-05	9.60882602452845e-05
boot373	0.0482758620689655	9.67345567714484e-05	9.72530348267325e-05	9.80206386752773e-05
boot374	0.0741065555799167	9.6187031697151e-05	9.73911057116038e-05	9.64440267320624e-05
boot375	0.0750830564784053	9.76956027639538e-05	9.89442108193557e-05	9.8153993953183e-05
boot376	0.0758789497107254	9.9580198715661e-05	0.000100861376955359	9.78406407036343e-05
boot377	0.0814419225634179	9.92369124486503e-05	0.000100712832953952	9.85847379544147e-05
boot378	0.0596460563688005	9.77002989800251e-05	9.84775880428064e-05	9.63895382102528e-05
boot379	0.0564533505709976	9.77399532571074e-05	9.84266545694737e-05	9.62425634511868e-05
boot380	0.0708003518029903	9.82968673598801e-05	9.93990419015307e-05	9.82739913171577e-05
boot381	0.0699316126185749	9.57184718637296e-05	9.67973226123364e-05	9.69989555861901e-05
boot382	0.0906490649064906	9.79159673408211e-05	9.97239437915189e-05	9.71723009031991e-05
boot383	0.0557760141093474	9.69555270762732e-05	9.76413656454809e-05	9.78162191756235e-05
boot384	0.0581370218283985	9.5350032274931e-05	9.60805084597323e-05	9.57877264253796e-05
boot385	0.0484466652183359	9.63863545743322e-05	9.68962566753049e-05	9.68345401568598e-05
boot386	0.0646656367247848	9.61547354346965e-05	9.70776320520044e-05	9.8179369519241e-05
boot387	0.0769400840150343	0.000101245113755565	0.00010255393014474	9.92550220365833e-05
boot388	0.0558586078987563	9.92054469711737e-05	9.98862639199817e-05	9.61015674301772e-05
boot389	0.066522210184182	9.47768033004373e-05	9.57356775036417e-05	9.57987858303346e-05
boot390	0.0821529745042493	9.61126322004768e-05	9.75833472189767e-05	9.72525607714791e-05
boot391	0.0742705570291777	0.00010080069537954	0.0001020199959192	9.92368897323988e-05
boot392	0.0695198783402129	9.53271149628602e-05	9.63770853049063e-05	9.60513689193063e-05
boot393	0.0650298606502986	9.74038977371647e-05	9.83392843277857e-05	9.88605451600434e-05
boot394	0.082089552238806	9.58368489498111e-05	9.73159302901903e-05	9.68867433428705e-05
boot395	0.0536672629695885	0.000102362216467126	0.000103006262780777	9.96328913112765e-05
boot396	0.0699624806885897	0.000100088933126649	0.000101169213131968	9.79414668978823e-05
boot397	0.0370208105147864	9.45689430879988e-05	9.48691709984416e-05	9.50002428031863e-05
boot398	0.0671081677704194	9.82217698540411e-05	9.92159213289866e-05	9.78406368602163e-05
boot399	0.0638674033149171	9.52616743294522e-05	9.61631207838589e-05	9.80978292306527e-05
boot400	0.0713020372010629	9.87062604304495e-05	9.98320311366102e-05	9.91151183228069e-05
boot401	0.0572302315421582	9.71942702079042e-05	9.79097135024366e-05	9.64691339720527e-05
boot402	0.0641817379797089	9.85702066106763e-05	9.94787411254748e-05	9.73479266888061e-05
boot403	0.0737186477644493	9.72819526503791e-05	9.84672174329787e-05	9.62040053541352e-05
boot404	0.0574561403508772	9.632514289147e-05	9.70490920283164e-05	9.70075390943502e-05
boot405	0.063716814159292	9.55267423800867e-05	9.64249353903986e-05	9.6482090370969e-05
boot406	0.0541016054541456	9.62839604213085e-05	9.6927677974138e-05	9.61101707230777e-05
boot407	0.061251372118551	9.37877637596313e-05	9.46114148214107e-05	9.56098037929578e-05
boot408	0.0743258057443543	9.91122051703075e-05	0.000100323414422565	9.74141450466725e-05
boot409	0.0630810092961487	0.000100479588328629	0.000101360335060329	9.87187237764072e-05
boot410	0.0587458745874587	9.81416661636973e-05	9.89009792068316e-05	9.76806824424099e-05
boot411	0.0674428822495606	9.88525792921604e-05	9.98518197065119e-05	9.82120832453927e-05
boot412	0.0597884739909346	9.49670685983156e-05	9.57386338092297e-05	9.44056176216813e-05
boot413	0.0528392896294672	0.000101441812885886	0.000102053957268378	9.95433969710086e-05
boot414	0.0760398613518198	9.66004580117641e-05	9.78530707748499e-05	9.62086536803198e-05
boot415	0.0803030303030303	9.53508918384951e-05	9.67466876557786e-05	9.57970889451746e-05
boot416	0.0406824146981627	9.46474504011514e-05	9.50094492781578e-05	9.58537994163575e-05
boot417	0.0597635726795096	9.95218270410438e-05	0.000100303719470864	9.79916767012546e-05
boot418	0.0552884615384615	9.89987676673699e-05	9.96667777152917e-05	9.76406019775992e-05
boot419	0.0608791208791209	9.80623829738671e-05	9.88769472285956e-05	9.78403362125135e-05
boot420	0.071164309031556	9.6037078242859e-05	9.71392238097663e-05	9.6135553855146e-05
boot421	0.0695994747209455	9.84810741528771e-05	9.95412813932867e-05	9.7927045520582e-05
boot422	0.0454246214614878	9.68685824463278e-05	9.73213795134596e-05	9.76384082611788e-05
boot423	0.0633303808680248	0.000100611050046236	0.000101499167216495	9.81559917352967e-05
boot424	0.0560890440855522	9.85288073170199e-05	9.92154028793139e-05	9.74405914493583e-05
boot425	0.0629153743907842	9.87491499234213e-05	9.962605385225e-05	9.96123766906939e-05
boot426	0.0574110456232264	9.66331514797766e-05	9.73526511871663e-05	9.68649508621512e-05
boot427	0.0712714474263088	9.53690597223917e-05	9.64864418645477e-05	9.72610605203668e-05
boot428	0.0635129215943933	9.70619099528819e-05	9.79453727670422e-05	9.61165312073702e-05
boot429	0.0644736842105263	9.85420868364355e-05	9.94536780547861e-05	9.7580357890147e-05
boot430	0.0420296167247387	9.43206164851596e-05	9.47053047869951e-05	9.67466654626026e-05
boot431	0.0316831683168317	9.36939188369272e-05	9.39147820172556e-05	9.66897591631528e-05
boot432	0.0559547136947529	9.47408462560431e-05	9.5422520539662e-05	9.5962202139152e-05
boot433	0.0793513513513514	9.55501792983634e-05	9.69116143170197e-05	9.59342829052573e-05
boot434	0.0696703296703297	9.80999640378942e-05	9.91667672986354e-05	9.79332909573219e-05
boot435	0.0500220361392684	9.96261236244111e-05	0.000100177512804561	9.8359305672199e-05
boot436	0.0908891328210757	9.73765888084323e-05	9.91901638830684e-05	9.72898229818552e-05
boot437	0.0481001537447837	0.000101518835331763	0.000102026989250118	9.72596068154472e-05
boot438	0.0610535596208949	9.74568695297394e-05	9.82784558516222e-05	9.70310267842158e-05
boot439	0.0590324012427874	9.80247169217696e-05	9.87980911775373e-05	9.85409701419689e-05
boot440	0.0772090988626422	9.78676352895084e-05	9.91714946392856e-05	9.83228021050298e-05
boot441	0.0795053003533569	9.80051339307282e-05	9.94011349873266e-05	9.67532139708355e-05
boot442	0.0738240418118467	9.66484304730174e-05	9.78352747999854e-05	9.7509577063805e-05
boot443	0.0515759312320917	9.82265345171227e-05	9.88128419190309e-05	9.79459087521068e-05
boot444	0.0676211453744493	9.69473649968971e-05	9.79545498651245e-05	9.80667038953216e-05
boot445	0.0811524081812184	9.75590989857046e-05	9.90074634795711e-05	9.81791807991861e-05
boot446	0.0545454545454545	9.86321795468969e-05	9.92839225067151e-05	9.76594793800637e-05
boot447	0.0617256637168142	9.9350895715356e-05	0.000100193828804135	9.82900524950845e-05
boot448	0.0755419312458945	9.47831272364649e-05	9.60326528279603e-05	9.72029814351058e-05
boot449	0.0520332313073896	9.53860086615706e-05	9.59779319585291e-05	9.69775888760075e-05
boot450	0.0541946672447431	9.68267716246738e-05	9.74634640065877e-05	9.51453740083596e-05
boot451	0.0766823161189358	0.000100895907055279	0.000102210500751984	9.92154028979145e-05
boot452	0.0608981380065717	9.73678396213954e-05	9.81802346296467e-05	9.70593389135883e-05
boot453	0.0438500328875247	9.8892351314162e-05	9.93139310958408e-05	9.77933139023145e-05
boot454	0.0557786702365016	9.87665935914253e-05	9.94607613855691e-05	9.86818940138551e-05
boot455	0.0763375380600261	9.67857275228942e-05	9.80531089315645e-05	9.68275754589538e-05
boot456	0.0541012216404887	9.5587376583071e-05	9.6225889275696e-05	9.69828150109213e-05
boot457	0.0797626895187871	9.83046237567381e-05	9.97025773140377e-05	9.75478749976052e-05
boot458	0.0630907891844361	9.93984963372655e-05	0.000100273512314385	9.73337650021172e-05
boot459	0.0935505172793308	9.67709502674439e-05	9.86973643733718e-05	9.75729357905407e-05
boot460	0.0727032385988103	9.95027711056522e-05	0.000100667292124105	9.86253061222717e-05
boot461	0.0711287828584051	9.94985603605666e-05	0.00010061614457769	9.79407287594282e-05
boot462	0.0590979782270607	9.85379258232724e-05	9.93138802846202e-05	9.91538772376551e-05
boot463	0.0703915530136384	9.83965590358457e-05	9.94865218021616e-05	9.8920933310453e-05
boot464	0.0758050089445438	0.000103071371837798	0.000104356344865768	0.000100096727652061
boot465	0.0739444322905272	9.90237734235231e-05	0.00010021996223708	9.68344811070406e-05
boot466	0.0484048404840484	9.75624967822573e-05	9.80780146221443e-05	9.68094785953911e-05
boot467	0.06948109058927	9.67904927027659e-05	9.78519751015069e-05	9.77340869445405e-05
boot468	0.0597741864069072	9.7918574288201e-05	9.87095756963497e-05	9.74476192111189e-05
boot469	0.0689506571859513	9.77736860935578e-05	9.87980759074717e-05	9.54375971351087e-05
boot470	0.071795970852979	9.57647836362386e-05	9.68695117611254e-05	9.49177778284617e-05
boot471	0.0591362126245847	9.83658817221412e-05	9.9140431366345e-05	9.81967582983076e-05
boot472	0.0604621032174476	9.88088549320839e-05	9.95982451124936e-05	9.72641472290516e-05
boot473	0.0784183786171858	9.93065476561586e-05	0.000100664939992131	9.99470858268193e-05
boot474	0.0572435050638485	9.72922757954671e-05	9.801372424813e-05	9.70348168831588e-05
boot475	0.0774663429706467	9.84809135106152e-05	9.98053527719804e-05	9.80736087425159e-05
boot476	0.0625829279080053	0.000100412775411714	0.000101278901653541	9.82132263591282e-05
boot477	0.0699007717750827	9.97189058929044e-05	0.000100796329904978	9.73616086435097e-05
boot478	0.0595679685795331	9.98261771702273e-05	0.000100600417379848	9.78810660273301e-05
boot479	0.0614808285588365	9.94416887642535e-05	0.000100274631091332	9.80291291785218e-05
boot480	0.0728476821192053	9.69723679224918e-05	9.81438435936046e-05	9.6933878115777e-05
boot481	0.0640831348776792	9.43527631254438e-05	9.52418404529499e-05	9.49610001484843e-05
boot482	0.0568678915135608	9.72681648980593e-05	9.79755045929845e-05	9.62101688738983e-05
boot483	0.0623885918003565	9.58453675187657e-05	9.67126438972932e-05	9.96640163875787e-05
boot484	0.0658643326039387	9.74471908357816e-05	9.8396449109165e-05	9.69740337665881e-05
boot485	0.0418676019289785	9.48980440191443e-05	9.52822825310434e-05	9.57072820703553e-05
boot486	0.0671431665583712	9.62244004388723e-05	9.7200836396309e-05	9.52368487588817e-05
boot487	0.0858923008455719	0.000102141111843612	0.000103782742316363	9.97334033099025e-05
boot488	0.0669153137340939	9.75477892618922e-05	9.85301629372174e-05	9.86040746099247e-05
boot489	0.0740004417936824	9.63323879221354e-05	9.75420334678964e-05	9.65931475126282e-05
boot490	0.0833892242342947	0.000100356008388589	0.000101910616642199	0.000100302977239284
boot491	0.0837777777777778	0.000101106951989026	0.000102666666666667	0.000100077816186557
boot492	0.0838962736979734	9.75690983705329e-05	9.91028932583963e-05	9.60777809865634e-05
boot493	0.0787139689578714	9.9461484506957e-05	0.000100835295795006	9.84797313262255e-05
boot494	0.0902011680726801	9.42997355534253e-05	9.60596859582871e-05	9.61002007779172e-05
boot495	0.0596026490066225	9.64824780963901e-05	9.72666890828375e-05	9.65558432394295e-05
boot496	0.066577000672495	0.00010116451879829	0.000102158129427868	0.000100641112892839
boot497	0.0758036490008688	9.84366957046142e-05	9.96847828466313e-05	9.70410219327133e-05
boot498	0.0636423695221317	9.87652810888304e-05	9.9657232464825e-05	9.64329928630403e-05
boot499	0.0576077396657872	9.53818302132653e-05	9.61115249514801e-05	9.56935269254897e-05
boot500	0.0730693502515861	9.46487487516642e-05	9.58167929315349e-05	9.67216512809237e-05
boot501	0.0691092584466871	9.89263333046436e-05	9.99741809577921e-05	9.88389783458445e-05
boot502	0.0693374422187981	9.90926725468595e-05	0.000100150933804497	9.76595164394648e-05
boot503	0.0382052421146157	0.000100820421110845	0.00010114464157398	9.97256071632272e-05
boot504	0.0750110963160231	9.82389042969183e-05	9.94876092615281e-05	9.84971620689133e-05
boot505	0.0701908313226585	9.66845856760508e-05	9.7765250910042e-05	9.7212760809164e-05
boot506	0.0597512216792537	9.84273992332092e-05	9.92204264415973e-05	9.9032748121181e-05
boot507	0.0763995609220637	9.7233975416895e-05	9.85154008634557e-05	9.7367340841063e-05
boot508	0.065838238500109	9.68660520527257e-05	9.7811043037857e-05	9.83044890564076e-05
boot509	0.0732456140350877	9.80847936342086e-05	9.92613111726685e-05	9.75104139667806e-05
boot510	0.0580376697328077	9.30346746535221e-05	9.37723818607088e-05	9.53346193447497e-05
boot511	0.0645303867403315	9.41195752057299e-05	9.50398339489027e-05	9.732167931112e-05
boot512	0.103582218385844	9.69677191838707e-05	9.92830571134634e-05	9.71438617326116e-05
boot513	0.0639005990681163	0.000103361963409254	0.000104267951108669	9.90186970015758e-05
boot514	0.054469580496376	9.66960932460544e-05	9.73477372608691e-05	9.74608298762134e-05
boot515	0.0843845150065246	9.65517473592575e-05	9.81004090323516e-05	9.70646006051553e-05
boot516	0.0625278148642635	9.61292445717141e-05	9.69992329187767e-05	9.78102311617352e-05
boot517	0.052819255627368	9.88657988425128e-05	9.9487567009446e-05	9.81995862455517e-05
boot518	0.0750777432252332	9.73269850741036e-05	9.85790213974696e-05	9.88192058103306e-05
boot519	0.0433070866141732	9.574738455397e-05	9.61575997226069e-05	9.72587685808101e-05
boot520	0.0588494599955918	9.82924079033551e-05	9.90557446769439e-05	9.81279814210755e-05
boot521	0.0690253961363143	9.60236906045783e-05	9.70578788641345e-05	9.6462037358871e-05
boot522	0.0583554376657825	9.93128584115014e-05	0.000100065589867108	9.76360393640009e-05
boot523	0.066018988739236	9.65910530589121e-05	9.75534082971879e-05	9.79051161382656e-05
boot524	0.0703560703560704	9.53759058250753e-05	9.64376768752573e-05	9.44627456136207e-05
boot525	0.0465322401949922	9.63427086778261e-05	9.68224891736304e-05	9.77674065247093e-05
boot526	0.0643044619422572	9.96544109351464e-05	0.000100558843092995	9.68533457432425e-05
boot527	0.0715382927364494	9.57649364874666e-05	9.68879839589711e-05	9.74138325821504e-05
boot528	0.0308370044052863	9.86669069544946e-05	9.88763608841623e-05	9.80692365780426e-05
boot529	0.0733607444276131	9.81626837146433e-05	9.93273231483099e-05	9.62790488501994e-05
boot530	0.0738916256157636	9.55756581135997e-05	9.67450674809461e-05	9.52145338900653e-05
boot531	0.0568031704095112	9.63338592741219e-05	9.70442512090783e-05	9.87860156065398e-05
boot532	0.070603617345827	9.82540571751018e-05	9.93403223270556e-05	9.72176267755848e-05
boot533	0.0754801250558285	9.98623271676033e-05	0.00010113460257592	0.000100044653530344
boot534	0.0506749280814339	9.76132512161825e-05	9.81815070993554e-05	9.79077547228447e-05
boot535	0.0674873598593097	9.64694677555996e-05	9.74706864280067e-05	9.96758873119591e-05
boot536	0.0666520499890375	9.7090076668496e-05	9.80640945960867e-05	9.72336667421358e-05
boot537	0.059070796460177	9.57997933151154e-05	9.65717753935312e-05	9.74425387778892e-05
boot538	0.0728520814880425	9.64502782151226e-05	9.7625527501469e-05	9.72380267228323e-05
boot539	0.0679377602454525	9.55257795313902e-05	9.65372937253785e-05	9.67676368744028e-05
boot540	0.0612686728729162	9.56009174515704e-05	9.64136150648219e-05	9.48859294528478e-05
boot541	0.055095818815331	9.30957773593392e-05	9.37568290254829e-05	9.50862958509971e-05
boot542	0.0635863586358636	9.72368258427453e-05	9.81264243035965e-05	9.80581181898115e-05
boot543	0.0752427184466019	9.97779754777885e-05	0.000101027195839491	9.80154597396982e-05
boot544	0.056980056980057	9.73626724666458e-05	9.807420586429e-05	9.72056088370652e-05
boot545	0.0573374340949033	9.56548064052858e-05	9.63770342938155e-05	9.71847365769861e-05
boot546	0.0497261774370208	9.7494612094346e-05	9.80362753413335e-05	9.66634429868666e-05
boot547	0.0940583205437404	9.71338788078125e-05	9.90735779228112e-05	9.77278847201979e-05
boot548	0.0469162995594714	9.48498335012242e-05	9.53346659162802e-05	9.67024748819855e-05
boot549	0.0449561403508772	9.79043547643539e-05	9.834756848261e-05	9.77047319384372e-05
boot550	0.0542976478346889	9.69192295159617e-05	9.75673355965025e-05	9.71238521015372e-05
boot551	0.0406395736175883	9.60478420672389e-05	9.64146142066613e-05	9.7287019124992e-05
boot552	0.0539717083786725	9.99627032895002e-05	0.000100596641332006	9.716263160917e-05
boot553	0.045225027442371	9.34394307095192e-05	9.38884544432542e-05	9.57117007331941e-05
boot554	0.0687830687830688	9.94658683179908e-05	0.000100508882107941	9.73301244331772e-05
boot555	0.0399205999117777	9.69868775338363e-05	9.73383672332885e-05	9.68624651363256e-05
boot556	0.0718641114982578	9.50507796473403e-05	9.6175442217339e-05	9.76151548916571e-05
boot557	0.0683664259927798	9.92884134484368e-05	0.000100343009162116	9.90364380258174e-05
boot558	0.0623905429071804	9.50426238222078e-05	9.58947647688481e-05	9.48709052255368e-05
boot559	0.0614035087719298	9.95886723580265e-05	0.000100415512465374	9.78097849270761e-05
boot560	0.0537162902872177	9.49798590713028e-05	9.56124922311846e-05	9.67134583705333e-05
boot561	0.0732083792723263	9.83016969853042e-05	9.9483497822279e-05	9.92302272154146e-05
boot562	0.0657015590200445	9.72027936413553e-05	9.81641956141091e-05	9.93442260848898e-05
boot563	0.0562637362637363	9.86159393076432e-05	9.93116773336554e-05	9.77261598442615e-05
boot564	0.0583589293549803	9.475051916258e-05	9.54977250940104e-05	9.83442590814751e-05
boot565	0.0643652561247216	0.000101507355666884	0.000102430047470003	9.90421011650292e-05
boot566	0.0753424657534247	9.94552327397359e-05	0.000100709427866958	9.81444871438044e-05
boot567	0.0695859527422502	9.39231487508035e-05	9.49728354664e-05	9.56903419389654e-05
boot568	0.0671542553191489	9.6897450997414e-05	9.78969399175092e-05	9.85694167997669e-05
boot569	0.075554579398199	9.93742501287407e-05	0.000100628037624466	9.75084656639769e-05
boot570	0.0796247818499127	9.86023620088759e-05	9.99854566608493e-05	9.65008263796045e-05
boot571	0.076837416481069	9.76429229673479e-05	9.89578424710195e-05	9.93898740360695e-05
boot572	0.0880909901873327	9.96806197472072e-05	0.000101411222457329	9.94752434307156e-05
boot573	0.0581066376496192	9.77305619249552e-05	9.84653565580224e-05	9.74610475529561e-05
boot574	0.0839544059622972	9.9118822076335e-05	0.000100663833536327	9.89298257259741e-05
boot575	0.0431432973805855	9.6591816419288e-05	9.70015333703929e-05	9.7224117522037e-05
boot576	0.0662874644497922	9.9210817968229e-05	0.00010017210170115	9.75609854050121e-05
boot577	0.0523767605633803	9.72268768648796e-05	9.78306015671494e-05	9.66644634567628e-05
boot578	0.072258064516129	9.61832022348286e-05	9.7306046941843e-05	9.67678779447435e-05
boot579	0.0751091703056769	9.61157512926359e-05	9.73474952804104e-05	9.74910335915871e-05
boot580	0.0618397887323944	9.75217580762647e-05	9.83633424667725e-05	9.56804424989023e-05
boot581	0.0660831509846827	9.59565469981961e-05	9.6912123112871e-05	9.68915875093365e-05
boot582	0.0588752196836555	9.73046785053626e-05	9.8066166091654e-05	9.83155918679279e-05
boot583	0.0687430478309232	9.97652018851867e-05	0.000100816504805117	9.87153413536117e-05
boot584	0.0668131868131868	9.7750937867832e-05	9.87320371935757e-05	9.71680704273386e-05
boot585	0.0586426531956951	9.7894891920941e-05	9.86502094640621e-05	9.72648620091151e-05
boot586	0.0552665799739922	9.72759364559339e-05	9.79379206046166e-05	9.63516324985761e-05
boot587	0.0581005586592179	9.71202574076266e-05	9.78745981710933e-05	9.82082488933958e-05
boot588	0.0545096322241681	9.43816834757833e-05	9.50321431967145e-05	9.77813088309926e-05
boot589	0.0596320106406562	9.89211764546323e-05	9.9709466566148e-05	9.84181418891986e-05
boot590	0.0721403812824957	9.63501815060854e-05	9.74776153474164e-05	9.68147831961851e-05
boot591	0.0799304952215465	9.68346178859349e-05	9.82222990471777e-05	9.59451837767971e-05
boot592	0.0722756768852092	0.000100523676987256	0.000101692567895561	0.000100348941078679
boot593	0.0519167579408543	9.53344343836211e-05	9.59248724460723e-05	9.73448607966964e-05
boot594	0.0427760803142732	9.69584495732548e-05	9.73577933198836e-05	9.66921649675269e-05
boot595	0.0553980370774264	9.63708122514307e-05	9.70401563107616e-05	9.5386923378553e-05
boot596	0.0645583424209378	9.7177664621295e-05	9.80866678003875e-05	9.56632472311821e-05
boot597	0.0703484549638396	9.81903457978641e-05	9.92749184728146e-05	9.83329261440843e-05
boot598	0.0572638146167558	9.79182354988374e-05	9.86488826611507e-05	9.93334004548612e-05
boot599	0.0640317950982557	9.6501858581173e-05	9.74071513132341e-05	9.76586956718882e-05
boot600	0.0792855587018079	9.57021001253692e-05	9.70713442592524e-05	9.65825971871304e-05
boot601	0.0540658382385001	9.53677475222677e-05	9.60050082295778e-05	9.49712417218751e-05
boot602	0.0545534535855697	9.61221132945726e-05	9.6776772181091e-05	9.71684136852299e-05
boot603	0.0617965129110572	9.42377326671446e-05	9.50805508105934e-05	9.77547353780901e-05
boot604	0.0719313682358117	0.000101396819924309	0.000102534990125866	9.91497084055353e-05
boot605	0.0674751929437707	9.88685376611024e-05	9.98724851060416e-05	9.76734846663897e-05
boot606	0.0579677708146822	9.91826863184153e-05	9.99347593831476e-05	9.98907097256986e-05
boot607	0.065406345067362	9.70475721463583e-05	9.7977165795874e-05	9.77662037200945e-05
boot608	0.0685140737508182	9.59101707708626e-05	9.69344296192005e-05	9.60592449166053e-05
boot609	0.0706869891760548	9.15099523109563e-05	9.26136966093384e-05	9.66629938315102e-05
boot610	0.0726036411493749	9.8004284772834e-05	9.91605226996046e-05	9.84251532252907e-05
boot611	0.0697316322041355	9.70136368435796e-05	9.80832586055358e-05	9.82159594435012e-05
boot612	0.0471307004145756	9.53071009235695e-05	9.57917840834143e-05	9.59060569477467e-05
boot613	0.0581343943412909	9.74130042215288e-05	9.81600439663186e-05	9.79492562623028e-05
boot614	0.0479704797047971	9.24593389437455e-05	9.2958832523756e-05	9.599564835736e-05
boot615	0.0533157083057942	9.85849061185278e-05	9.92111596440067e-05	9.74087719703597e-05
boot616	0.0593349271897414	9.50816029795929e-05	9.58467917612951e-05	9.65535202802404e-05
boot617	0.0634991119005329	9.99624201221397e-05	0.000100857654849528	9.76874933592662e-05
boot618	0.0474934036939314	9.63890989419857e-05	9.6885058351492e-05	9.71179645299532e-05
boot619	0.0682713347921225	9.70413716869536e-05	9.80612787229051e-05	9.78545187228284e-05
boot620	0.0489679402722881	9.97197804031455e-05	0.000100246319527983	9.79811181213515e-05
boot621	0.0461000655451169	9.56265060695933e-05	9.60908311828256e-05	9.54254907682201e-05
boot622	0.0688815060908084	9.95612190498637e-05	0.000100612085468765	9.71987062802324e-05
boot623	0.0590277777777778	9.5977050613801e-05	9.67331874517747e-05	9.56289889227052e-05
boot624	0.0544652701212789	9.82945133722909e-05	9.89486403071055e-05	9.77677937112623e-05
boot625	0.0504054350208196	9.67489433342517e-05	9.73057497948342e-05	9.80957623790589e-05
boot626	0.0606605257245563	9.95195472573782e-05	0.000100346260216529	9.9684912529948e-05
boot627	0.0574435430826573	9.73406215327478e-05	9.80640945960867e-05	9.76423672614844e-05
boot628	0.0532894736842105	9.71477116946915e-05	9.77704678362573e-05	9.6652493530398e-05
boot629	0.0630334865397242	9.97255312453788e-05	0.000100595135190521	9.74694088958057e-05
boot630	0.0600395865405762	9.67636744506149e-05	9.75564503362457e-05	9.68213065099253e-05
boot631	0.0536145901999561	9.37116372602587e-05	9.43432620201596e-05	9.82274529944511e-05
boot632	0.0840226382237701	9.51235660701474e-05	9.66603104615454e-05	9.68038606806082e-05
boot633	0.0536585365853659	9.97544079992892e-05	0.000100392820094296	9.8606652848358e-05
boot634	0.0699147913480446	9.65026549456836e-05	9.75706204360137e-05	9.62280710059433e-05
boot635	0.0531799435641415	9.63968918027877e-05	9.70107633889577e-05	9.52636659348938e-05
boot636	0.0614341932662877	9.64433384954376e-05	9.72684718802822e-05	9.67177942801865e-05
boot637	0.0704038843522401	9.7444956709447e-05	9.85389110091344e-05	9.79665579380202e-05
boot638	0.112488928255093	9.77165151033905e-05	0.00010051849893421	9.8917725172099e-05
boot639	0.068973164781548	0.000100120074567257	0.000101175141646428	9.97934347618506e-05
boot640	0.0745931283905967	0.000100214935406531	0.000101472651230016	0.000100615487290738
boot641	0.0801594331266608	9.63497901177738e-05	9.77726277438118e-05	9.90592879828212e-05
boot642	0.0632394063239406	9.79682562772984e-05	9.88284891256968e-05	9.52724897952111e-05
boot643	0.0608981380065717	9.66000567503913e-05	9.74124517586427e-05	9.74385210565628e-05
boot644	0.0596749053662881	9.74762868651197e-05	9.82692270411329e-05	9.82676151945956e-05
boot645	0.0527462946817785	9.75420602116116e-05	9.81484620430538e-05	9.78215699964274e-05
boot646	0.0715536105032823	9.68930648155091e-05	9.80133972391537e-05	9.88000680147571e-05
boot647	0.068499127399651	9.71058790304708e-05	9.81294676985585e-05	9.6538792055283e-05
boot648	0.0484444444444444	9.81451412894376e-05	9.86666666666667e-05	9.82731412894376e-05
boot649	0.0688980656379048	9.71769937463764e-05	9.8208713687399e-05	9.64822673431955e-05
boot650	0.0794658493870403	9.90171623676405e-05	0.000100399566312212	9.84404866698268e-05
boot651	0.0820070733863837	9.6575771920699e-05	9.8062323663714e-05	9.88435568742471e-05
boot652	0.048117620850969	9.85357883512382e-05	9.90515614491124e-05	9.99328949207973e-05
boot653	0.0662425970607589	9.65140643005544e-05	9.74765739880635e-05	9.83260359608606e-05
boot654	0.0742769500438212	9.63903437571841e-05	9.75991661296232e-05	9.73192733814898e-05
boot655	0.0640831348776792	9.52901828149414e-05	9.61792601424475e-05	9.68849125045135e-05
boot656	0.0887728459530026	9.71339155387691e-05	9.88485844200997e-05	9.71939058764088e-05
boot657	0.0689504691250273	9.91345770184032e-05	0.000100171925303928	9.79733569479418e-05
boot658	0.0712719298245614	0.000100311471934009	0.000101425438596491	9.6988924645505e-05
boot659	0.0681471804920531	9.64971465208768e-05	9.75082586935344e-05	9.69606507688945e-05
boot660	0.0640997593524393	9.91775009204651e-05	0.00010007638062929	9.77763839928809e-05
boot661	0.0550397877984085	9.94448261809008e-05	0.00010011445001841	9.78250970449352e-05
boot662	0.064184008762322	9.88613581086936e-05	9.97637868010926e-05	9.71572249225531e-05
boot663	0.0877887788778878	9.7979853208665e-05	9.96755341100667e-05	9.75923627331467e-05
boot664	0.0764148865888571	9.83713406144863e-05	9.9657232464825e-05	9.76103289521095e-05
boot665	0.0626231661922487	9.67561231588815e-05	9.76148183513365e-05	9.76008559985813e-05
boot666	0.0578135188002608	0.000100269330146146	0.000100995781560202	9.72309159978691e-05
boot667	0.041978021978022	9.6750740142601e-05	9.71380268083565e-05	9.7351909773598e-05
boot668	0.0397627416520211	9.92149177827638e-05	9.95622542554539e-05	9.81662820316929e-05
boot669	0.0692410119840213	9.64535722976942e-05	9.7517557592983e-05	9.88773566829761e-05
boot670	0.0576671035386632	9.75650200021048e-05	9.82914277850972e-05	9.6877988490407e-05
boot671	0.0684638425331622	9.4390987754132e-05	9.53938327978645e-05	9.51599857865926e-05
boot672	0.0687224669603524	9.76420360529202e-05	9.86822954064701e-05	9.80972777571981e-05
boot673	0.0742464539007092	9.52998189787469e-05	9.65215689603139e-05	9.55822612288852e-05
boot674	0.0670317634173056	9.82516518917716e-05	9.92359360772773e-05	9.64258549741279e-05
boot675	0.0685234305923961	9.71710039098068e-05	9.82089041176209e-05	9.83970437806814e-05
boot676	0.0794538943598926	9.94235075558812e-05	0.000100836426385101	9.91693223093344e-05
boot677	0.0780774249673771	9.14296854882303e-05	9.27554976434144e-05	9.62432268454027e-05
boot678	0.0789946140035907	9.99295070184924e-05	0.000101329899532311	0.000100558092294582
boot679	0.0693069306930693	9.84250305565145e-05	9.94818953842579e-05	9.78803497446108e-05
boot680	0.0643326039387309	9.44742955169531e-05	9.53799156328256e-05	9.55453739241609e-05
boot681	0.0761553482317205	9.56682604760939e-05	9.69265891947519e-05	9.73235008459217e-05
boot682	0.0736101955614151	0.000100926074449142	0.000102116683302271	9.88142223813867e-05
boot683	0.0645232815964523	9.85355885691532e-05	9.94587047261321e-05	9.90537833193114e-05
boot684	0.0709110867178924	9.86164089830295e-05	9.97203348270498e-05	9.97460577202704e-05
boot685	0.0667410714285714	9.56156538804835e-05	9.66099330357143e-05	9.86482381125581e-05
boot686	0.043212570929725	9.54260656608734e-05	9.58336008608639e-05	9.64638022169557e-05
boot687	0.0635093845482322	9.73825028181587e-05	9.82627825924266e-05	9.63718354810534e-05
boot688	0.0493472007081213	9.79364487137801e-05	9.84753170956627e-05	9.80208185828975e-05
boot689	0.0826648841354724	0.000100998748096813	0.000102521360188866	9.91297675010865e-05
boot690	0.084136722173532	9.94566467041421e-05	0.000101007695787864	9.82321829879293e-05
boot691	0.0578223870826969	9.72999365699888e-05	9.8029464924329e-05	9.58000325065306e-05
boot692	0.0605347593582888	9.52555080489167e-05	9.60393491378078e-05	9.41573925752114e-05
boot693	0.0824561403508772	9.95977844734952e-05	0.000101088796552785	9.73843630361299e-05
boot694	0.0531474624264866	9.56969743473049e-05	9.63122330626991e-05	9.55545479898815e-05
boot695	0.0397977132805629	9.80355255799865e-05	9.83837793140151e-05	9.59014204048218e-05
boot696	0.0771259063941991	9.75264445687051e-05	9.88334991582737e-05	9.74357790016849e-05
boot697	0.0541069100391134	9.52634286984166e-05	9.58995777018891e-05	9.58935754250383e-05
boot698	0.074899687917967	9.61446462188881e-05	9.73951953161259e-05	9.84704619506131e-05
boot699	0.0624591947769314	9.61955009098938e-05	9.70445000420337e-05	9.61670734723088e-05
boot700	0.054981306355839	9.80040720947992e-05	9.86688937461285e-05	9.84633202543911e-05
boot701	0.0856586632057106	9.63909196585206e-05	9.79780722828315e-05	9.6559436207819e-05
boot702	0.0537752414398595	9.61512737521802e-05	9.67859920559368e-05	9.73569054409951e-05
boot703	0.0901278096077567	9.9455813504066e-05	0.000101245813959044	9.82067584822242e-05
boot704	0.0622424636738235	9.81658859732005e-05	9.9006077750296e-05	9.73522252795493e-05
boot705	0.0577094474153298	9.98927052214218e-05	0.000100634768572799	9.92632218662722e-05
boot706	0.0712401055408971	9.94434333301594e-05	0.000100559342001549	9.76753448385535e-05
boot707	0.0492556917688266	9.32550214808114e-05	9.37861342591883e-05	9.67673214284112e-05
boot708	0.0683946852537573	9.53882082243113e-05	9.64071219622683e-05	9.69431584707253e-05
boot709	0.0684901045141205	9.99309770276842e-05	0.000100974093420025	9.82106662714261e-05
boot710	0.0721003134796238	9.70051925921041e-05	9.81691995790858e-05	9.92453480856836e-05
boot711	0.0883134130146082	9.50290103276418e-05	9.67552739217739e-05	9.80098324457624e-05
boot712	0.076366030283081	9.84012385415146e-05	9.96809775323411e-05	9.84724830939336e-05
boot713	0.059070796460177	9.90302733840323e-05	9.98022554624481e-05	9.73424796607104e-05
boot714	0.086	0.000100825580246914	0.000102469135802469	9.85451961591221e-05
boot715	0.0646711819969412	9.73251343841447e-05	9.82389123568083e-05	9.52175920955225e-05
boot716	0.0890201224846894	9.92561138125528e-05	0.000100989399509663	9.73578484561244e-05
boot717	0.0561450044208665	9.69257959356318e-05	9.76225823019933e-05	9.70988801055635e-05
boot718	0.0558610072575324	9.74989565598387e-05	9.81852226983534e-05	9.6291725538196e-05
boot719	0.0412966252220249	9.77184888205108e-05	9.80971325271557e-05	9.60327603841352e-05
boot720	0.092378248525879	0.000100534161880123	0.000102397830978334	9.80257511198651e-05
boot721	0.0581834332667111	9.6994381197154e-05	9.77461715384158e-05	9.93219041172192e-05
boot722	0.0691477648095133	9.86527846412935e-05	9.97057274684575e-05	9.78062312526237e-05
boot723	0.070413295429696	9.8569935413298e-05	9.96541322585351e-05	9.79988927286175e-05
boot724	0.0547112462006079	9.63558814974977e-05	9.70057556748367e-05	9.72922553830249e-05
boot725	0.0726244835833877	9.69109123802521e-05	9.80577520444734e-05	9.82573150582231e-05
boot726	0.0704560190188027	9.54280455687791e-05	9.65008898773976e-05	9.51626307755784e-05
boot727	0.0595604395604396	9.72278285655897e-05	9.8007487018476e-05	9.66322217813584e-05
boot728	0.0670905503179127	9.86154787925444e-05	9.96023549034763e-05	9.72905167756952e-05
boot729	0.0481848184818482	9.44205433624869e-05	9.49313853277517e-05	9.68615842415218e-05
boot730	0.0622637313764732	9.99142192546415e-05	0.000100776298917733	9.88251179496601e-05
boot731	0.0710046163992086	9.73288783657677e-05	9.84371781129646e-05	9.73133048681842e-05
boot732	0.0811111111111111	0.000100019478737997	0.000101481481481481	9.97634787379972e-05
boot733	0.075	9.86556797713212e-05	9.99001487978698e-05	9.70727965163141e-05
boot734	0.0628709606506925	9.74232754322937e-05	9.82922043602209e-05	9.73207410539335e-05
boot735	0.062609841827768	9.87010960187012e-05	9.95622542554539e-05	9.78781160621645e-05
boot736	0.0757876184181538	9.81398858549473e-05	9.94053106413531e-05	9.84520929775803e-05
boot737	0.0591338755770499	0.000101437795917151	0.000102206495684301	9.7483104858208e-05
boot738	0.0677377333912288	9.84606453202753e-05	9.94568243313438e-05	9.81982354932514e-05
boot739	0.0782245660294441	9.85028658331878e-05	9.98474236733317e-05	9.87223473743197e-05
boot740	0.0488454706927176	9.86518987487539e-05	9.91816234395162e-05	9.80042118117719e-05
boot741	0.0677186061801446	9.81738626425281e-05	9.91788614641326e-05	9.73905443666008e-05
boot742	0.056467498358503	9.67357015355515e-05	9.74335737988186e-05	9.70523672082833e-05
boot743	0.0646167557932264	9.7569610306627e-05	9.8499941217777e-05	9.76202530523017e-05
boot744	0.0662874644497922	9.9210817968229e-05	0.00010017210170115	9.7897527375228e-05
boot745	0.0636761487964989	9.47320906827526e-05	9.56193230515827e-05	9.65576639275769e-05
boot746	0.0512028249834474	9.83986742402404e-05	9.89772946962734e-05	9.88692763709498e-05
boot747	0.0682116309575864	9.27620006896852e-05	9.37792343140608e-05	9.63489655822458e-05
boot748	0.0708488703663084	9.75783718088358e-05	9.86793944963071e-05	9.78440423811062e-05
boot749	0.0748239436619718	9.98918177175157e-05	0.000101123908946638	9.80907262949863e-05
boot750	0.0623223267001968	9.70354921678233e-05	9.78848410428126e-05	9.5393930056539e-05
boot751	0.0664358363990478	9.58433364233056e-05	9.67984804090319e-05	9.52659470245558e-05
boot752	0.0748268930087112	0.000100278398621425	0.000101529027148862	9.94704630612622e-05
boot753	0.0643390425999122	9.95302098006581e-05	0.000100439193639629	9.85887943958127e-05
boot754	0.0742387197154923	9.93628856406373e-05	0.000100587910647304	9.86424493522494e-05
boot755	0.0766146993318486	0.00010077551914077	0.000102082826970104	9.91233328651804e-05
boot756	0.0412099956159579	9.52463664836331e-05	9.56186294688736e-05	9.63014346071481e-05
boot757	0.0841648590021692	9.61478646678285e-05	9.76844641235454e-05	9.6116672139819e-05
boot758	0.0473788111427945	9.63106164062098e-05	9.68029945034471e-05	9.663498483035e-05
boot759	0.0683610867659947	9.60471493232201e-05	9.70710840698958e-05	9.65355337155622e-05
boot760	0.0430037109801353	9.63771361145367e-05	9.67808294474472e-05	9.57296706345274e-05
boot761	0.0568999345977763	9.73428578414386e-05	9.80486791968411e-05	9.65551097753718e-05
boot762	0.0672007120605252	9.83215411656882e-05	9.93264222741532e-05	9.88202576528331e-05
boot763	0.0710526315789474	0.000100751142051805	0.000101858264081256	9.77006715629101e-05
boot764	0.0553967905034073	9.79075410945326e-05	9.85821518657083e-05	9.62667785783189e-05
boot765	0.0539107379584622	9.41604241110836e-05	9.48025733968162e-05	9.76262139086402e-05
boot766	0.0671936758893281	9.58313701245458e-05	9.68228040462674e-05	9.62152124771693e-05
boot767	0.0879558011049724	9.88977670356935e-05	0.000100607429565642	9.79969141991193e-05
boot768	0.0567157617058694	9.61353493067614e-05	9.6842466832784e-05	9.74978922447266e-05
boot769	0.0513431542461005	9.71881238400152e-05	9.77592069179915e-05	9.60552098623273e-05
boot770	0.047198941332157	9.73821197131996e-05	9.78734607063351e-05	9.72105645013855e-05
boot771	0.0550641309155241	0.000100119355126866	0.00010078986784546	9.74945348343644e-05
boot772	0.069239250275634	0.000100079566153412	0.00010113669377827	9.94118761283558e-05
boot773	0.0593576965669989	9.75261316625175e-05	9.83064940416404e-05	9.82425648224552e-05
boot774	0.0564568462037638	9.68675026779418e-05	9.75569630896388e-05	9.64542373481549e-05
boot775	0.0735785953177258	0.000101998315382759	0.000103205407844058	0.000100643379034876
boot776	0.0634467618002195	9.8258214256043e-05	9.91419665245246e-05	9.74237597907349e-05
boot777	0.0685111989459816	9.69493538586517e-05	9.79800487161431e-05	9.76820764253032e-05
boot778	0.0737650933040615	0.000100212667405685	0.000101407242376082	9.81252932422062e-05
boot779	0.0653333333333333	9.3965037037037e-05	9.49135802469136e-05	9.79930864197531e-05
boot780	0.0565665424249068	9.86123801811491e-05	9.93139310958408e-05	9.86633491767541e-05
boot781	0.0715883668903803	9.84486045470964e-05	9.95951133332332e-05	9.94808879168644e-05
boot782	0.0656723063223508	9.75131543657958e-05	9.84732727579811e-05	9.74215831775724e-05
boot783	0.0659607324067946	9.84654943343086e-05	9.94253042217211e-05	9.9180448078029e-05
boot784	0.0724480968858131	9.67538238672409e-05	9.78889291315956e-05	9.62608002895559e-05
boot785	0.0577007459412023	9.83773234402759e-05	9.91077701454473e-05	9.83374054344417e-05
boot786	0.0500108719286801	9.89323051858132e-05	9.94761380431881e-05	9.64304067516377e-05
boot787	0.0610521757956268	9.87470067099861e-05	9.95539710246386e-05	9.66864896358359e-05
boot788	0.074653160096895	9.33864686004867e-05	9.46137520870431e-05	9.87576346623603e-05
boot789	0.0626516655636444	9.58827327923256e-05	9.67486562862366e-05	9.71219687704942e-05
boot790	0.0476711130548874	9.79139003290372e-05	9.84108465393788e-05	9.63161937940127e-05
boot791	0.0661572052401747	9.61535042625154e-05	9.71091321675788e-05	9.63976963422983e-05
boot792	0.054857898215466	9.87908413414237e-05	9.94538483906897e-05	9.81134087746747e-05
boot793	0.0811047786058746	9.70596950426798e-05	9.85016032217039e-05	9.79902471801289e-05
boot794	0.0534723763035278	9.91536601576085e-05	9.97880721894581e-05	9.82345868430325e-05
boot795	0.0549183943537715	9.84243793161812e-05	9.90895822359863e-05	9.8083586336315e-05
boot796	0.0505742049469965	9.90801301456006e-05	9.96450043077077e-05	9.86139778174729e-05
boot797	0.0792749508626338	9.59698604521627e-05	9.73423255830369e-05	9.8124804337197e-05
boot798	0.0411504424778761	9.76165918288e-05	9.79912287571462e-05	9.78566687365765e-05
boot799	0.0766816143497758	9.9628732122724e-05	0.000100947133463371	0.000100307117491603
boot800	0.065121412803532	0.000102909189325174	0.000103845347913591	9.99734218095444e-05
boot801	0.0754220565665424	9.76821643928748e-05	9.89293660189934e-05	9.76605162710856e-05
boot802	0.0581319399085565	9.68673100336669e-05	9.76030649732559e-05	9.7523708835135e-05
boot803	0.0807274340208472	9.85985552866772e-05	0.000100043868793794	9.74490109381157e-05
boot804	0.0632411067193676	9.69089494004808e-05	9.77871746044972e-05	9.70585602479532e-05
boot805	0.0628776012530767	9.89052298894378e-05	9.97899004509372e-05	9.936718878803e-05
boot806	0.0554095488392466	9.64575520555995e-05	9.71299607508621e-05	9.58733950975755e-05
boot807	0.0604671469111548	9.55061720916401e-05	9.63043113310147e-05	9.59926345721702e-05
boot808	0.0600044612982378	9.87625146809987e-05	9.95656677873319e-05	9.80035477041595e-05
boot809	0.07900480139677	9.72339651568827e-05	9.85961996928371e-05	9.75737441474676e-05
boot810	0.0540718038528897	9.89927390481726e-05	9.96327915814269e-05	9.84853047199843e-05
boot811	0.0577806959947472	9.66070600375903e-05	9.7337768908161e-05	9.6130027587938e-05
boot812	0.0678150894025294	9.79444972267087e-05	9.89473071592585e-05	9.76416666882537e-05
boot813	0.0556038227628149	9.48144957890241e-05	9.54860390352966e-05	9.55075780963267e-05
boot814	0.0800617556241729	9.97189291509207e-05	0.0001011326664058	9.92808035330571e-05
boot815	0.0662425970607589	9.4685777128024e-05	9.56482868155332e-05	9.73035409101678e-05
boot816	0.0566079786048585	9.97171172324817e-05	0.000100431283321568	9.78300166961342e-05
boot817	0.0752427184466019	9.55908242285373e-05	9.68400445902395e-05	9.73730213565591e-05
boot818	0.0741704619388419	9.78600389889657e-05	9.90531115164481e-05	9.63797248967805e-05
boot819	0.0509977827050998	9.89312004354859e-05	9.95078686928776e-05	9.91797673467344e-05
boot820	0.0649012372476666	9.54368487993704e-05	9.6351146736483e-05	9.61032356807504e-05
boot821	0.0677230301714782	9.45546532014329e-05	9.5550183658478e-05	9.57000286644016e-05
boot822	0.0732295549221662	9.7369057089022e-05	9.8544800942146e-05	9.69099988647519e-05
boot823	0.0821523472099203	9.95634005567607e-05	0.000101057866489466	0.000100061465386754
boot824	0.076171875	9.69339851979856e-05	9.81931333188657e-05	9.76457251606328e-05
boot825	0.0733701657458563	9.86363593283417e-05	9.98260126369769e-05	9.78087481392526e-05
boot826	0.0649748413913804	9.9152790602199e-05	0.00010007638062929	9.80676725751536e-05
boot827	0.0375136314067612	9.61624021909211e-05	9.64693318618748e-05	9.68021156681724e-05
boot828	0.0888296691094826	9.70788212579186e-05	9.88311441791045e-05	9.82794691154422e-05
boot829	0.0646787985090989	9.79640958718725e-05	9.88812953843875e-05	9.7404216842814e-05
boot830	0.0546282245827011	9.64405998676564e-05	9.70875200759933e-05	9.64059026796117e-05
boot831	0.0546806649168854	9.65560956536946e-05	9.72100709633518e-05	9.73254845260001e-05
boot832	0.0781080494684313	9.80037077923359e-05	9.93273934924364e-05	9.59450292654559e-05
boot833	0.0614943795459555	9.84165736684315e-05	9.92500668832744e-05	9.70250733377358e-05
boot834	0.0605455755156354	9.90833226174364e-05	9.98963114651897e-05	0.000100365098054735
boot835	0.056385112547359	9.94743831199906e-05	0.000100182936923641	9.90207731937931e-05
boot836	0.058258782456906	9.633667865432e-05	9.70772603111738e-05	9.62172115688816e-05
boot837	0.0605455755156354	9.87882079602276e-05	9.96011968079808e-05	9.79477409642704e-05
boot838	0.0600839407996466	9.76716910866976e-05	9.84691463422786e-05	9.8889797953496e-05
boot839	0.0866593164277839	9.67091864765595e-05	9.83651593814616e-05	9.72668707262185e-05
boot840	0.0777777777777778	9.94951989026063e-05	0.00010083950617284	9.93126145404664e-05
boot841	0.0774834437086093	9.91088749157336e-05	0.00010043419148283	9.78833543064053e-05
boot842	0.0665495277838788	9.68091646711016e-05	9.77818946619334e-05	9.70595916016128e-05
boot843	0.0500782472613459	9.93007488562774e-05	9.98614085586625e-05	0.000100156510255489
boot844	0.0610214459429582	9.89932890193993e-05	9.98165516470733e-05	9.84099285106225e-05
boot845	0.0627605881062102	9.40011107350983e-05	9.48654713713584e-05	9.65131627969565e-05
boot846	0.0677175843694494	9.77198350216877e-05	9.87379680662778e-05	9.73390461489398e-05
boot847	0.0813727606302612	9.60797740532086e-05	9.75089832421984e-05	9.54371130954284e-05
boot848	0.0676328502415459	9.63005531304338e-05	9.73049893253823e-05	9.72203263150221e-05
boot849	0.0629480286738351	9.83230039812051e-05	9.92106505569045e-05	9.98269927866871e-05
boot850	0.0694109918984016	9.47859407030351e-05	9.58408751887631e-05	9.59493091298222e-05
boot851	0.0625957539943095	9.96417622503739e-05	0.000100499330299863	9.787613410134e-05
boot852	0.0729050900200044	9.65410322579125e-05	9.77224397153085e-05	9.81747137294771e-05
boot853	0.0909291061206517	9.8568567200874e-05	0.000100388933193807	9.83681411366579e-05
boot854	0.0573248407643312	9.69636631268773e-05	9.76854152394747e-05	9.74098036409222e-05
boot855	0.0609215773150199	9.90492320665923e-05	9.98714382213442e-05	9.82381263744388e-05
boot856	0.0770589534113491	0.000100434984127433	0.000101746108503864	9.88301078679448e-05
boot857	0.0715859030837004	9.67287634874438e-05	9.78575171262784e-05	9.82871434698719e-05
boot858	0.0553238199780461	9.63975316862946e-05	9.70694801071427e-05	9.76088884372951e-05
boot859	0.0597670841573281	9.65518480734158e-05	9.7336753445569e-05	9.70722892219931e-05
boot860	0.0694896851248643	9.80741699946144e-05	9.91227728911948e-05	9.64869088014918e-05
boot861	0.0495722746216275	9.50130371759349e-05	9.55520611748737e-05	9.73244365855907e-05
boot862	0.0903522205206738	9.68546262987118e-05	9.86405645513953e-05	9.72716233899263e-05
boot863	0.0477453580901857	9.94639749537255e-05	9.99678695645036e-05	9.80870561452529e-05
boot864	0.0640459363957597	9.53737150254926e-05	9.62796076864488e-05	9.65939448996715e-05
boot865	0.0643198609300304	9.78809036396091e-05	9.87798702867317e-05	9.6961847320565e-05
boot866	0.0534888839973586	9.77768770530102e-05	9.84066504871468e-05	9.67670467792071e-05
boot867	0.0609675281643473	9.91119264935454e-05	9.99330087755137e-05	9.94897864556947e-05
boot868	0.0512483574244415	0.00010015215992871	0.000100727366704598	9.78982687568318e-05
boot869	0.0672287073065283	9.79487858727625e-05	9.89258068598154e-05	9.58809411211819e-05
boot870	0.0865300784655623	9.78941862119165e-05	9.95261510068721e-05	9.7532523703061e-05
boot871	0.0746035291489837	9.953748270897e-05	0.000100780655941376	9.89378273642482e-05
boot872	0.0713967971530249	9.83516401745145e-05	9.9485426349717e-05	9.85107472104849e-05
boot873	0.0701678863538528	9.53020687326813e-05	9.63618044785631e-05	9.67510935327167e-05
boot874	0.0867659947414549	0.000101182474919097	0.000102831979266922	9.91146619235298e-05
boot875	0.0489540651283157	9.49636947181356e-05	9.54805160449822e-05	9.5953086257038e-05
boot876	0.0438238453276047	9.62230619768618e-05	9.66356354289129e-05	9.46892951860404e-05
boot877	0.0718353044240035	9.78704517588306e-05	9.90006118468046e-05	9.60590693572697e-05
boot878	0.0728491137051448	9.74047629379425e-05	9.85519729179739e-05	9.59491864224973e-05
boot879	0.0681468454605408	9.64014797716061e-05	9.74223618437588e-05	9.62612758008644e-05
boot880	0.0825016633399867	9.51896941061582e-05	9.6699236012094e-05	9.87776050384117e-05
boot881	0.074972191323693	0.00010045690968083	0.000101707372299713	9.94145803983752e-05
boot882	0.0548766940679849	9.69171903671463e-05	9.75862531424921e-05	9.8447319574196e-05
boot883	0.0709158146617359	9.45884326022781e-05	9.56824184124015e-05	9.60290318547448e-05
boot884	0.0595500661667402	9.70913234367137e-05	9.78734607063351e-05	9.87631016171307e-05
boot885	0.0758742027710578	9.84185165936647e-05	9.96846029464563e-05	9.86956355322316e-05
boot886	0.0775383248167074	9.94095969805702e-05	0.000100745342773812	9.85373994253112e-05
boot887	0.04094968416467	9.60418689382678e-05	9.64071219622683e-05	9.73927594797273e-05
boot888	0.0561056105610561	9.88861207897522e-05	9.95787147471623e-05	9.67707082454491e-05
boot889	0.0773298083278255	9.92042302627398e-05	0.000100521678876095	9.93153570067597e-05
boot890	0.0692357935989549	9.68912128579468e-05	9.7934886952281e-05	9.58936518114893e-05
boot891	0.0579741850798512	9.61822962323966e-05	9.69175852579211e-05	9.64723911806512e-05
boot892	0.0763843291748742	9.61086816963448e-05	9.73856713534898e-05	9.8840473545714e-05
boot893	0.0666225457754247	0.000102193444420833	0.000103172611331399	9.90646924354066e-05
boot894	0.0526893523600439	9.7713134403568e-05	9.83226114292806e-05	9.82951849631235e-05
boot895	0.0704256252742431	9.86934993912486e-05	9.97816452217155e-05	9.87299958537256e-05
boot896	0.0658067337122868	9.89027816752796e-05	9.98495517237885e-05	9.77483619580703e-05
boot897	0.0529321326597848	9.82277914875623e-05	9.88431683089796e-05	9.63520263928889e-05
boot898	0.0615854990172527	9.42724361911581e-05	9.51007335681409e-05	9.51967662352072e-05
boot899	0.049060773480663	0.00010095459886022	0.00010148652361039	9.81699052285758e-05
boot900	0.0811167289514179	9.98901981852537e-05	0.000101336653167838	9.89285718904003e-05
boot901	0.0652799291878734	9.70426222272638e-05	9.79856337684839e-05	9.86233273759445e-05
boot902	0.0693527080581242	9.66154482892626e-05	9.76744086844619e-05	9.81328379490201e-05
boot903	0.0645869947275923	9.90801964812628e-05	9.99966024320409e-05	9.67462217622083e-05
boot904	0.0782455366982588	9.34312261149282e-05	9.47806561376742e-05	9.78032616046121e-05
boot905	0.0678191489361702	9.91862195505412e-05	0.000100205598309944	9.8123708036164e-05
boot906	0.0459016393442623	0.00010015757559737	0.000100618113410374	9.80052662263949e-05
boot907	0.0630353613002416	0.000100671880349058	0.000101544592137824	9.84267895671384e-05
boot908	0.0692545213939127	9.88587176301193e-05	9.99165448761492e-05	9.8251375702016e-05
boot909	0.072307360241744	9.86167111165233e-05	9.97452141048957e-05	9.73896319214678e-05
boot910	0.0560344827586207	9.57486917770306e-05	9.64253864447087e-05	9.38927064967813e-05
boot911	0.0519046558253509	9.72107812360758e-05	9.78109356794592e-05	9.79745136657685e-05
boot912	0.0737489025460931	9.91090663348023e-05	0.000100302854883256	9.83670935911456e-05
boot913	0.0500109194147194	9.58422474112846e-05	9.6388456640528e-05	9.81819656470517e-05
boot914	0.0957923008057296	9.62279509985635e-05	9.82817032129e-05	9.93848169557651e-05
boot915	0.0705440070765148	9.84178808435184e-05	9.95183799444497e-05	9.80317150049746e-05
boot916	0.0618849770391428	9.57084479446513e-05	9.65459179606442e-05	9.57340669627335e-05
boot917	0.0736934178876011	9.87056639254231e-05	9.98932256660652e-05	9.7291410473351e-05
boot918	0.0675734971478719	9.70951634290718e-05	9.8096957531045e-05	9.78793938389294e-05
boot919	0.0646085997794928	9.78336899583958e-05	9.87541466652242e-05	9.79872691715329e-05
boot920	0.0547645125958379	9.79071377103055e-05	9.85641260651488e-05	9.62617445389949e-05
boot921	0.0680570801317234	0.000100583178647566	0.000101600031810257	9.92293989665986e-05
boot922	0.0711278528694881	9.82054972504472e-05	9.93265190660518e-05	9.83797631003745e-05
boot923	0.0751318101933216	9.76947945839043e-05	9.89348624448281e-05	9.67475576309412e-05
boot924	0.080502867225408	9.95087284185967e-05	0.000100938086961056	9.98299089577378e-05
boot925	0.0798572384563908	9.76953214253232e-05	9.9117846193086e-05	9.88126833083066e-05
boot926	0.0534054054054054	9.67624304977e-05	9.73791088385683e-05	9.59997826782224e-05
boot927	0.0760105448154657	9.8437792050591e-05	9.97070369809829e-05	9.82149140148506e-05
boot928	0.0606192760575665	9.6291650884991e-05	9.7092936674294e-05	9.58161298011885e-05
boot929	0.0639805180429489	9.75582726042643e-05	9.84645171668156e-05	9.77382823897402e-05
boot930	0.0620900743331876	9.58042548665962e-05	9.66471008068456e-05	9.61766678751585e-05
boot931	0.0663412469491901	9.68423778804547e-05	9.78188946425522e-05	9.77323526317682e-05
boot932	0.0478096508783633	9.91306944016665e-05	9.96389805295542e-05	9.73100349336052e-05
boot933	0.0641108945202512	9.58414871663233e-05	9.67317203905353e-05	9.55027116440252e-05
boot934	0.0763157894736842	9.6733711587371e-05	9.80109264389043e-05	9.65045587576204e-05
boot935	0.0667547918043622	9.93457692912085e-05	0.000100327527878748	9.72147065209302e-05
boot936	0.0544565458990887	9.59269823787234e-05	9.65861322767584e-05	9.79532217937276e-05
boot937	0.0667099848386398	9.4454318148081e-05	9.5418195574369e-05	9.67606375261739e-05
boot938	0.0771105694659871	0.000100709407469729	0.00010202694345984	9.87111053856401e-05
boot939	0.0781694766805343	9.62289131172525e-05	9.75668739415373e-05	9.64925391340862e-05
boot940	0.0525618374558304	0.000101424776395514	0.000102034923647442	9.79361740637194e-05
boot941	0.07651598676957	9.95053274283909e-05	0.000100796329904978	9.90104515444509e-05
boot942	0.0774755168661589	9.7301140639724e-05	9.86074422096213e-05	9.75482882461104e-05
boot943	0.0596289752650177	9.71526684707035e-05	9.79379190650401e-05	9.67220840090024e-05
boot944	0.0649662088511009	9.74612459274448e-05	9.83813698194189e-05	9.66528996192127e-05
boot945	0.0857843137254902	0.000101676020150372	0.000103315714553525	0.000101023837163478
boot946	0.0458477508650519	9.50490874308842e-05	9.55036757222734e-05	9.51510420850584e-05
boot947	0.0605263157894737	9.95159441771557e-05	0.000100319329024315	9.86145197172679e-05
boot948	0.0797518830305716	9.6548409826299e-05	9.79574401424093e-05	9.72366819959879e-05
boot949	0.0629662132514261	9.90080701737327e-05	9.98779130897538e-05	9.72389632929461e-05
boot950	0.0560851252493904	9.64567689833828e-05	9.71540736329594e-05	9.84636346201682e-05
boot951	0.0852386237513873	0.000100284102556142	0.000101896893450488	9.89200727573158e-05
boot952	0.0567646398923042	0.00010131657915483	0.000102039537275113	9.95518154438201e-05
boot953	0.0715839860748477	9.7496937425692e-05	9.86118780397833e-05	9.80949455029611e-05
boot954	0.0814732142857143	9.96124779170178e-05	0.000101094148596939	9.90291740039347e-05
boot955	0.0661555312157722	9.92369452113904e-05	0.000100195664666032	9.82567185859642e-05
boot956	0.0532453245324532	9.35814635197056e-05	9.42052401059688e-05	9.65218324221682e-05
boot957	0.0525612472160356	9.74992954229898e-05	9.81145926855522e-05	9.8187991762909e-05
boot958	0.0544935179081521	9.77464565659979e-05	9.83989600803917e-05	9.78419598932054e-05
boot959	0.0749515399526168	9.63897381409317e-05	9.75996742471709e-05	9.60679517250432e-05
boot960	0.0474213286713287	9.78381799155025e-05	9.83296096386131e-05	9.69164974116006e-05
boot961	0.0491695804195804	9.66551334840255e-05	9.71834655728887e-05	9.6123096547922e-05
boot962	0.0595632031767042	0.000100053972665891	0.000100836627678613	9.79773924481852e-05
boot963	0.0672120274154322	9.63736892987276e-05	9.73724637027277e-05	9.80660810552287e-05
boot964	0.05456936226167	9.68932919883241e-05	9.75458923165392e-05	9.63444218617922e-05
boot965	0.0677049534934026	9.88113233621491e-05	9.98028787866665e-05	9.67237423736635e-05
boot966	0.0573445081605646	9.76346352519898e-05	9.83599093181956e-05	9.78452436827534e-05
boot967	0.0787088215785983	9.66871247997751e-05	9.80568083271445e-05	9.94957671307608e-05
boot968	0.0607394366197183	0.000100021421777603	0.000100833323001389	9.92140183262979e-05
boot969	0.0734327049539676	9.98662129045567e-05	0.000101048230036704	9.77074162061966e-05
boot970	0.0651748859439496	9.82861036475053e-05	9.92089291434442e-05	9.76649190453389e-05
boot971	0.0581882301080009	9.69977902772481e-05	9.77440697842134e-05	9.76407624970922e-05
boot972	0.065883887801696	9.55536947274993e-05	9.64975274458873e-05	9.56417771456843e-05
boot973	0.0780017528483786	9.59300128038765e-05	9.72631139097967e-05	9.80411629456089e-05
boot974	0.0564080397665874	9.47389079500115e-05	9.54265818100307e-05	9.5465558172291e-05
boot975	0.065580985915493	9.92087957942713e-05	0.000100155289129141	9.66594540893088e-05
boot976	0.0658010563380282	9.39234548264257e-05	9.4876311123785e-05	9.70675470051552e-05
boot977	0.0823788546255507	9.68964228090029e-05	9.83911971899319e-05	9.81506671364134e-05
boot978	0.0710671067106711	0.000101372067107071	0.000102483295634294	9.91361682444874e-05
boot979	0.0844240837696335	0.000100905260024108	0.00010246010861057	9.73688564793666e-05
boot980	0.0668262951676099	9.7157084157562e-05	9.81291681205199e-05	9.72532518714966e-05
boot981	0.0730312362516498	9.79261719795075e-05	9.90994147134372e-05	9.82413457833221e-05
boot982	0.0327433628318584	0.000102746592445615	0.000102983788863654	9.85124891104493e-05
boot983	0.0550161812297735	9.23032214104916e-05	9.29562484217337e-05	9.45648189018827e-05
boot984	0.0692871419053964	9.79622986667075e-05	9.9028411931957e-05	9.78022677759302e-05
boot985	0.0682167141917087	9.53492464828147e-05	9.63699791204794e-05	9.56882418797508e-05
boot986	0.0639156761605741	0.000101937159897814	0.000102853332505812	0.000101578202962426
boot987	0.0355094838994266	9.71575529753334e-05	9.74356569556606e-05	9.82132344401024e-05
boot988	0.0772475027746948	9.71232047772499e-05	9.84477722988762e-05	9.82006955688463e-05
boot989	0.0624594769829263	9.52373733257404e-05	9.60805084597323e-05	9.59167390930012e-05
boot990	0.0849956634865568	9.73497292741206e-05	9.89161349140859e-05	9.64956394225605e-05
boot991	0.0672360928602716	9.49887137140164e-05	9.59787908456667e-05	9.7981940353916e-05
boot992	0.0535868625756266	9.68658727045535e-05	9.74863463088532e-05	9.535768522251e-05
boot993	0.0486676943404536	9.48680812021077e-05	9.53896721451634e-05	9.69522236660821e-05
boot994	0.0653266331658292	9.39173232523446e-05	9.48497176156356e-05	9.58564315305291e-05
boot995	0.0559685177087888	9.73961903771297e-05	9.80810340532379e-05	9.75881547681531e-05
boot996	0.0680272108843537	9.78949816418868e-05	9.89104965465838e-05	9.74990893381452e-05
boot997	0.0746987951807229	9.60461682640969e-05	9.72684924703294e-05	9.64205570200344e-05
boot998	0.0505184204720935	9.9056962509355e-05	9.96199695261199e-05	9.81351902997213e-05
boot999	0.0790267011197244	9.51463958518833e-05	9.64911890236891e-05	9.5504876901119e-05
boot1000	0.0731815166924608	9.95612382108707e-05	0.000100745305065925	9.79573372440591e-05
