V1	V2	V3	V4
boot1	0.0374168317522795	0.000124443972809842	0.000124835989678814	8.80717711246989e-05
boot2	0.0619134131963054	0.000125274450536002	0.000126350901575725	9.12230688715666e-05
boot3	0.0982755439563807	0.000128068051951174	0.000130765849814557	9.24231199524041e-05
boot4	0.0671084887324537	0.000127063143167624	0.00012833114748032	9.22736808538221e-05
boot5	0.045582468151751	0.000123705132552083	0.000124291605714084	9.13554783523567e-05
boot6	0.0835085507001827	0.000124450197102591	0.000126407196473311	9.15394522368854e-05
boot7	0.0515955084558804	0.00012806342728208	0.00012881862928305	9.07740153708821e-05
boot8	0.059093097084477	0.000122243313383621	0.000123222336821654	8.94986550633327e-05
boot9	0.0384236920242142	0.000124497574202596	0.000124915131908312	9.27696301753881e-05
boot10	0.0524864405640415	0.000120489037491537	0.00012126322745351	8.9595016813596e-05
boot11	0.0544047041437826	0.000123041838686856	0.000123875258566429	9.11397371037735e-05
boot12	0.0318654374902343	0.000123661188448214	0.000123948667448514	8.96476705920931e-05
boot13	0.0449999369218547	0.000119944224702273	0.000120512033245972	9.07198174561036e-05
boot14	0.0507135455105008	0.000125264796802817	0.000125997011136875	8.96124989498159e-05
boot15	0.0588372149035187	0.000123551683577445	0.000124531924985674	9.19138691550847e-05
boot16	0.039597756253609	0.000126056781418829	0.000126499726416185	9.06901774696068e-05
boot17	0.0744211089965892	0.000126162115290706	0.000127729363268712	9.09463074603932e-05
boot18	0.0446528110119212	0.000123030980954197	0.000123597149430169	9.14949330506808e-05
boot19	0.045181251614259	0.000122827038610748	0.000123402122190902	8.99057014638575e-05
boot20	0.0764226076987205	0.000128090591857213	0.000129730701280068	9.1410332697617e-05
boot21	0.0548254157517291	0.000125479860275232	0.000126324541111955	8.98043436352031e-05
boot22	0.0673114518945474	0.000122814717048961	0.000124096538924686	9.21834948573899e-05
boot23	0.0476146621963097	0.000122423009854786	0.000123058509393315	8.93053406556975e-05
boot24	0.0431108380313969	0.000126620849313739	0.000127146062457882	9.15511775830064e-05
boot25	0.0491616322199985	0.000123154681436449	0.000123831775544541	9.14789393401666e-05
boot26	0.0819623694293038	0.000124727850375278	0.000126623086390822	9.22100860066587e-05
boot27	0.0455276739636129	0.000126923954399078	0.000127509302361717	9.06786093630644e-05
boot28	0.0833043091804618	0.00012847637447609	0.000130438801954815	9.20638961126306e-05
boot29	0.0485413873190489	0.00012174151027324	0.000122400702882991	8.97201274963888e-05
boot30	0.0743321089177581	0.000126132735788448	0.00012769214777482	9.20163168823866e-05
boot31	0.0735861752892289	0.000127865745301225	0.000129394266574715	9.21359352183752e-05
boot32	0.0699257920042735	0.000125338115563534	0.000126714481645129	9.17838450278281e-05
boot33	0.0399339106483102	0.000119350445037797	0.000119798006805001	9.00005440267263e-05
boot34	0.0669112630151306	0.000122271576101621	0.000123512383400886	9.07868149900391e-05
boot35	0.0476267372644209	0.000125751546868042	0.00012639032728414	9.17989008301087e-05
boot36	0.0445744816010152	0.000127924280520347	0.000128485699802441	9.08555467241686e-05
boot37	0.0560322156571761	0.000126330299268778	0.00012721552114966	9.03831371779183e-05
boot38	0.0372307693134832	0.000122765785965079	0.000123155376470852	8.97118926471805e-05
boot39	0.0674470028862708	0.0001270095603643	0.000128296111413217	9.30583950701901e-05
boot40	0.0661607435374163	0.000126528722283964	0.000127764027376233	9.13687513667237e-05
boot41	0.0517419336873	0.000126339318648674	0.000127096491463325	9.1764088422819e-05
boot42	0.0661128104705632	0.000121653953463073	0.000122880796899177	9.02924438472389e-05
boot43	0.0519398844495712	0.000122379580867188	0.00012314089699445	9.10191346158451e-05
boot44	0.0481610647526731	0.000123694334112967	0.0001243478313099	9.14550355432698e-05
boot45	0.0829108847370263	0.000129456030715196	0.000131396124003835	9.18700339365583e-05
boot46	0.0490186609111167	0.000125328987967154	0.000126014449365858	9.11681273296111e-05
boot47	0.0613824434465003	0.000128628864994155	0.000129691616451806	9.13044293593404e-05
boot48	0.093295322920226	0.000124673434157241	0.000127119772252725	9.33515693849865e-05
boot49	0.0520680687793825	0.00012345170933964	0.000124208689071734	8.86352191755498e-05
boot50	0.0639883742429363	0.000125961614481801	0.000127116435859986	9.21206880306738e-05
boot51	0.059517048616512	0.00012370836475186	0.000124699607191373	9.15796491775172e-05
boot52	0.0633204281143554	0.000125359604895248	0.000126497457738324	9.26882262515405e-05
boot53	0.0740686389421537	0.000127108175928449	0.000128653839154511	9.23631272429104e-05
boot54	0.094330917096356	0.000124461967377225	0.000126958828193806	9.26620864557195e-05
boot55	0.074578920802974	0.00012947882141165	0.00013103788965099	9.21422061296292e-05
boot56	0.0254592934030093	0.000121756565057691	0.000121939677969513	8.93048501823624e-05
boot57	0.0588651379827647	0.000129538446021963	0.000130509178021561	9.09742331923832e-05
boot58	0.0593459058682771	0.000124331209082191	0.000125323629440768	9.07436485844781e-05
boot59	0.0625591622320887	0.000122534189282421	0.000123635711876349	9.42467333569725e-05
boot60	0.0431687879460452	0.000125661268819565	0.000126184788441385	9.21692383623524e-05
boot61	0.0775757847300105	0.000127055896209813	0.00012874294574897	9.11856852940169e-05
boot62	0.0374078001893149	0.000120118374856943	0.000120513118693852	8.89355511686909e-05
boot63	0.0646934825365182	0.00012719746763459	0.000128375944054917	9.17959689983727e-05
boot64	0.0354588722630752	0.000121448762050696	0.000121803107493772	9.14886962104635e-05
boot65	0.0396469054904673	0.000121087734981883	0.000121526855984023	8.98902995701136e-05
boot66	0.0459430433130055	0.000121806473364612	0.00012239818836226	9.06683345782154e-05
boot67	0.0766107130506605	0.000122016633216289	0.000123658730285595	8.94054681731156e-05
boot68	0.0551793413124492	0.000122361536040417	0.000123216221942829	9.01356387663751e-05
boot69	0.04577221442785	0.000127226837583407	0.000127821057473952	9.12602618770388e-05
boot70	0.0701348162291458	0.00012595362288858	0.00012733580707341	9.07006350729276e-05
boot71	0.0611221945443195	0.000125557917995856	0.000126606462938952	9.11636904405721e-05
boot72	0.0623159840333564	0.000126552242285477	0.000127653583464469	9.07120393084826e-05
boot73	0.0535760145887907	0.000121277583621724	0.000122081372582225	9.15573009948225e-05
boot74	0.0635303255158002	0.000127584762254395	0.000128716504837325	9.26091887142975e-05
boot75	0.0496760584160319	0.000124792078304198	0.000125486774374251	9.20820284854814e-05
boot76	0.0485610021109264	0.000122944259012677	0.000123602719833415	8.98788964363923e-05
boot77	0.049574014818628	0.000123042325321729	0.000123733519294313	9.03455646465517e-05
boot78	0.0761722790872476	0.000124678506591038	0.000126316292628831	9.2298941895747e-05
boot79	0.0431857042971575	0.000125072984022636	0.000125600120390386	9.00682799166912e-05
boot80	0.079069009367212	0.000130390084348457	0.000132154062649995	9.29578502547385e-05
boot81	0.0487094884905312	0.000124917241391119	0.000125587492992714	8.86832275708368e-05
boot82	0.0624304171795269	0.000131536268821182	0.000132643509266961	9.13189874060725e-05
boot83	0.0645262293727227	0.000124444784582843	0.000125617421001169	9.05417379466103e-05
boot84	0.0577042480446994	0.00012804240522948	0.000128972933806445	9.2798382935377e-05
boot85	0.0539850873481389	0.000122154004896775	0.000122973761552951	9.01861443587507e-05
boot86	0.033092218813916	0.000123137533265903	0.000123446501537606	8.94495495358085e-05
boot87	0.064874131487907	0.000126241020137409	0.000127429387098968	9.13208986109886e-05
boot88	0.0796157575547909	0.000128165013719762	0.000129941462451051	9.2681120162913e-05
boot89	0.0385171032435302	0.000125023817939826	0.000125442257145059	8.85827723053161e-05
boot90	0.0683043314239291	0.00012980564267382	0.000131121653262489	9.16470859529851e-05
boot91	0.051846155562912	0.000125172480522533	0.000125930863713465	9.28952689646882e-05
boot92	0.056966518974341	0.000125316670757507	0.00012622457724125	9.02094879549068e-05
boot93	0.0557795611942982	0.000124338665789883	0.000125217081278773	9.14839625147897e-05
boot94	0.040133034404229	0.000124774068091528	0.000125226359386091	9.04707091843423e-05
boot95	0.047866018487012	0.000121270372889988	0.000121911988437022	9.06367764994274e-05
boot96	0.0607550487283099	0.000125827543355376	0.000126873534784242	9.31119789780695e-05
boot97	0.076497312654634	0.000124515833463477	0.000126171346107057	9.19034742050742e-05
boot98	0.0564636938262242	0.000124445329743841	0.000125339910916668	9.12442299721121e-05
boot99	0.0580372978070033	0.000124323304770383	0.000125272040270614	9.12231807206623e-05
boot100	0.0365753571031976	0.000123935695709478	0.000124314869720909	9.09724920401574e-05
boot101	0.0558634249617981	0.000127933271082246	0.000128812490179099	9.01869516971076e-05
boot102	0.056436470823581	0.000128686955930387	0.000129580508780199	9.01036619947723e-05
boot103	0.0820933582978325	0.000123553793656006	0.000125453787487126	9.17089268305499e-05
boot104	0.0677818091630841	0.000126753692772281	0.000128045025440516	9.13570651750098e-05
boot105	0.0640379913935803	0.00012411898316044	0.000125270654117368	9.08755056814764e-05
boot106	0.047296297181086	0.000123544448436835	0.000124174572911242	9.07372459963845e-05
boot107	0.0673997132124289	0.000123925945565692	0.000125204585298586	9.13677993342228e-05
boot108	0.0599532248370233	0.000124080922731571	0.000125095693976751	9.23996834668402e-05
boot109	0.0388818543528271	0.000125354872677121	0.000125786191715425	9.05298635595825e-05
boot110	0.0924281541228515	0.000126772866286511	0.000129184515370551	9.22662034889292e-05
boot111	0.0507758192090817	0.000128410096650172	0.000129141694613513	9.09657086951368e-05
boot112	0.0686789863148117	0.000125513558682883	0.000126841240889935	9.20021852006798e-05
boot113	0.0362055186715993	0.000123139112505818	0.00012350599481344	9.03899588819852e-05
boot114	0.0708922244973178	0.000123528556831813	0.00012494276483594	9.16120379236519e-05
boot115	0.0632399052634867	0.000124563740613383	0.000125697764591593	9.12161241934538e-05
boot116	0.0576546312207997	0.000123425479347154	0.000124360219618812	9.15656222573352e-05
boot117	0.0236023615961726	0.000124353797428865	0.000124510133617426	9.0666551212624e-05
boot118	0.0539085561607668	0.000122801259798364	0.000123616134880994	9.07954886532531e-05
boot119	0.0574459436370721	0.000120949422197292	0.00012187520804514	9.04485108561505e-05
boot120	0.0515991632591349	0.000124682562076905	0.000125435517947258	8.99365891995584e-05
boot121	0.0345140472632718	0.000122698666386671	0.000123034107942124	8.93429780054754e-05
boot122	0.0578070304739251	0.000122592770128884	0.000123531120955738	9.27534921554677e-05
boot123	0.0526380524715862	0.000124259441918284	0.000125039505089012	9.02199790029412e-05
boot124	0.0497960448244928	0.000124671192411066	0.000125368681361651	9.09674723072563e-05
boot125	0.0628738014280257	0.000120352450743836	0.000121459155386645	9.01433289850264e-05
boot126	0.0362008647584365	0.000126962125379411	0.000127332576419937	8.95755104372913e-05
boot127	0.0382564732018331	0.00012527590427031	0.000125690511869641	9.09086195040765e-05
boot128	0.0501759095875612	0.000122876342653572	0.000123578422771567	9.06209929198159e-05
boot129	0.0692513795448541	0.000123763721079762	0.000125106845590054	9.03021234379275e-05
boot130	0.0656730296748768	0.000121433530616824	0.000122648725339467	9.00010247051914e-05
boot131	0.0465960021635075	0.000124470692842871	0.000125082500689676	9.10593734504853e-05
boot132	0.0860181240221454	0.000125941095064496	0.000128024891422537	9.19956097937975e-05
boot133	0.0417293023604106	0.000124873338146421	0.00012536859320371	9.08549672319179e-05
boot134	0.0795522784559555	0.000124159079100439	0.000125941652203886	9.13618271107026e-05
boot135	0.0574958645004779	0.000121135005813598	0.000122059921936933	9.0511287209536e-05
boot136	0.081500514926506	0.000126055771065883	0.000127914606001385	9.14117233882488e-05
boot137	0.0736478935161873	0.000127914893071561	0.000129446570901777	9.21712789736858e-05
boot138	0.0360352675578105	0.000122923210589123	0.000123286705108144	9.03707672849386e-05
boot139	0.0708325471232551	0.000123297826703274	0.00012470828205335	9.20493599754531e-05
boot140	0.0464308266170715	0.000121987873079303	0.000122592352881687	9.02421820156756e-05
boot141	0.0545507894225865	0.000127176650186855	0.000128018224851783	9.08827507478023e-05
boot142	0.0449629094209732	0.000121390126793248	0.000121963128340313	9.09928597910645e-05
boot143	0.0508045534339249	0.000122584963497229	0.000123306365382159	8.93997905006285e-05
boot144	0.0611783123353766	0.000123865334017007	0.000124917971932518	9.19335325995597e-05
boot145	0.0174345730784062	0.000124414599514044	0.000124499769670153	9.21442438499188e-05
boot146	0.0627652137033839	0.000124355981737048	0.000125460401280049	9.02606361144402e-05
boot147	0.0739373493523769	0.00012718281971237	0.000128728711553109	9.25497290964105e-05
boot148	0.0740313482417567	0.000125971138597454	0.000127517694103979	9.22427784813391e-05
boot149	0.0727845422357814	0.000125498101512204	0.000126977887615171	9.03389350857238e-05
boot150	0.0434239109829656	0.000121321831586112	0.000121852932768377	9.06303822590909e-05
boot151	0.0494749879841498	0.000128794595116758	0.000129489624533269	9.04842996324045e-05
boot152	0.0567379123718409	0.000127209976890189	0.000128113102104621	9.15233305596929e-05
boot153	0.0690888112230051	0.000128547924767792	0.000129892423173931	9.22268434939144e-05
boot154	0.0539836116852964	0.000121861903907416	0.000122684685440759	9.07241717648268e-05
boot155	0.0621435169211578	0.000128662960282299	0.000129757881043821	9.24617259638e-05
boot156	0.0565351734694459	0.000125994698996788	0.000126897540466614	9.13336206050083e-05
boot157	0.0515846464773299	0.000123690564231085	0.00012443809005172	9.15608416864064e-05
boot158	0.0354049103071069	0.000124088391803846	0.000124440138543318	9.01606482185529e-05
boot159	0.0859684015704512	0.000123557386812837	0.000125626602624939	9.11759631164731e-05
boot160	0.0242809959565612	0.000119499700999728	0.000119665253194235	9.08486769746835e-05
boot161	0.0581559523585943	0.000121770173673735	0.000122726199204373	9.09582019700022e-05
boot162	0.0574161834833923	0.00012415453321277	0.000125084065894174	9.26536129956813e-05
boot163	0.0917846718801795	0.000128518542125713	0.000130877530329104	9.25336963205072e-05
boot164	0.0704157920831634	0.000127433693680107	0.000128831812108011	9.23218075030354e-05
boot165	0.0350428258278918	0.000122758274274377	0.000123105473212526	8.98920168350203e-05
boot166	0.077156806016074	0.00012951698618483	0.000131199679983496	9.2593628648783e-05
boot167	0.0629626282661223	0.000123949307935764	0.000125063205022984	9.23002469668103e-05
boot168	0.0567823649596693	0.000126982949956545	0.000127893595658309	9.12832108608309e-05
boot169	0.0447830780573926	0.000124181105772532	0.000124744034272382	9.08203124826581e-05
boot170	0.0565392096756957	0.000123893008411331	0.000124801745372255	9.10881745752575e-05
boot171	0.0896679084049627	0.000132429133156656	0.000134706748379845	9.3578624444693e-05
boot172	0.0544988280140631	0.00012563603541454	0.000126472432648844	9.15094629111647e-05
boot173	0.0433952254715838	0.000123376374056581	0.00012390645023864	9.14206623917253e-05
boot174	0.0720105495939711	0.000123779568727686	0.000125224664357531	9.08392998190432e-05
boot175	0.0610577030116046	0.00012289732776914	0.000123943857029732	9.15603737909554e-05
boot176	0.0580652003234759	0.000127390424036402	0.000128342071675213	9.07787467980637e-05
boot177	0.0449462740763538	0.000120364306574276	0.000120934912684925	9.0068749013825e-05
boot178	0.0553333652788498	0.000128748262941498	0.000129610779877109	9.12833408466598e-05
boot179	0.0636973259716003	0.000128714514230674	0.000129860514132242	9.23885017093911e-05
boot180	0.108163839076659	0.000126098768929116	0.000129428435647782	9.29713929130994e-05
boot181	0.0475435683501678	0.000125878656388026	0.000126518862162269	8.99681689219897e-05
boot182	0.0522935531748235	0.000127680903671117	0.0001284595431227	9.14208791322163e-05
boot183	0.0533960818727455	0.000125495112298202	0.00012629867811937	9.21364011405807e-05
boot184	0.0585186698004093	0.000123677047351422	0.000124641669487204	9.05135152059144e-05
boot185	0.0472017054601363	0.000123038900089825	0.00012366739270599	8.99350257691505e-05
boot186	0.0639349655771564	0.000124273557272653	0.000125421165394714	9.04057756381209e-05
boot187	0.0562328636974028	0.000124336430221357	0.000125223600911171	8.97444308647411e-05
boot188	0.0435196412708662	0.000120918650978359	0.000121451360051028	9.05077889304086e-05
boot189	0.0620390545627604	0.000121987731990614	0.000123068573486537	8.98695652379472e-05
boot190	0.0456652680872287	0.000123382840352485	0.000123973257951762	9.19080009538415e-05
boot191	0.0354703536777285	0.000121697203743465	0.000122051748288086	9.08196544208737e-05
boot192	0.0700840036624	0.000125624293729671	0.000127006500541523	9.09844466265277e-05
boot193	0.0554158086072775	0.000126436744889955	0.000127301379416431	9.1929878259038e-05
boot194	0.0611282169291237	0.000125364373943959	0.000126412310803653	9.17574903527098e-05
boot195	0.0440439167085261	0.000121169247226597	0.00012170821377088	9.04071633057598e-05
boot196	0.0763776922200226	0.000126567191104987	0.000128220424653943	9.25311358504428e-05
boot197	0.0681302165382184	0.000125550714842767	0.000126864144687993	9.21552076057339e-05
boot198	0.0685570184369863	0.000122737081186731	0.000124057009028163	9.05033278569653e-05
boot199	0.042403009809223	0.000125523108170242	0.000126032810105369	9.09032136457226e-05
boot200	0.0567788952970036	0.000125897568453993	0.000126802994521543	9.07863588340619e-05
boot201	0.0579944042493789	0.000125743552334618	0.000126687202495651	9.18212122574691e-05
boot202	0.0507436247258754	0.000123469854569466	0.000124197247151897	9.18026523533681e-05
boot203	0.0733396817993548	0.000126373789601859	0.000127890488495751	9.1391014268445e-05
boot204	0.0624716461673044	0.000128729182617617	0.000129826080697047	9.24532492090477e-05
boot205	0.0500310860199049	0.000125018423946984	0.00012572018016509	9.16475782341484e-05
boot206	0.0612903174648311	0.000127465677013337	0.000128526758163703	9.24342084537133e-05
boot207	0.0617560015664158	0.000124667728558612	0.000125741875085549	9.12755848521419e-05
boot208	0.0412472314995225	0.000124596033297221	0.000125075583820552	9.03560422572559e-05
boot209	0.0566394172132953	0.000125318103255648	0.000126225874967129	9.01831256143324e-05
boot210	0.040563436486293	0.000120994097708917	0.000121457608554857	8.98814924982177e-05
boot211	0.0575053114377582	0.000125788963258385	0.000126716633078334	9.16523538853511e-05
boot212	0.0641938319435551	0.000122786148675945	0.000123940184800347	9.0604372704705e-05
boot213	0.0349068184529211	0.000123293014170208	0.000123637032085235	9.04857608467165e-05
boot214	0.0792970943267068	0.000126699492592795	0.00012847426484611	9.26387185432483e-05
boot215	0.07241988000648	0.000126309617947516	0.000127787765648985	9.00763329845623e-05
boot216	0.0653078671897991	0.000125988327696332	0.000127195042927175	9.2386602735226e-05
boot217	0.0475890526650944	0.000124195012721371	0.000124831659498947	9.09154688126868e-05
boot218	0.0533156987134252	0.000125842703726497	0.000126648661862071	9.04733649049702e-05
boot219	0.0323805367741434	0.000123731218193011	0.000124027785223401	9.12704594096858e-05
boot220	0.0492306171882913	0.000123497946696391	0.000124177690488755	9.08704336813759e-05
boot221	0.0657681342311373	0.000122592592003517	0.000123805897474958	9.06852634124093e-05
boot222	0.0427107177845232	0.000122678833662782	0.000123192822033913	8.98951945074884e-05
boot223	0.0330473596921144	0.000121013647610875	0.000121322675487466	9.08893211190916e-05
boot224	0.0722787823641851	0.000127799965588575	0.000129279536989906	9.15765960423057e-05
boot225	0.0264209608132621	0.000122157894781726	0.000122352891652126	8.90972531729535e-05
boot226	0.062120919199135	0.00012481352889762	0.000125897687761255	9.1162468250033e-05
boot227	0.0634889495105712	0.00012215821939916	0.000123297739108236	9.13886218859857e-05
boot228	0.0656241344490488	0.000123098141484843	0.000124301721095582	9.01976506667137e-05
boot229	0.0522082411071631	0.000123237061803573	0.000124002243814529	8.9469455307739e-05
boot230	0.109073975133544	0.000129505077155503	0.000132869076679548	9.1856527780273e-05
boot231	0.0250439909828259	0.000122249448442481	0.000122425139719179	8.89684864008329e-05
boot232	0.0300492635783983	0.000121922561359667	0.000122175728439456	9.08486296329105e-05
boot233	0.04089601128101	0.000126561314327199	0.000127032013690433	9.09142974569491e-05
boot234	0.0693288977836634	0.00012783495577388	0.000129195939671456	9.26767482707076e-05
boot235	0.0636242426674302	0.000126424398318912	0.000127571984503619	9.28430761157141e-05
boot236	0.0714240827133023	0.000128223415727102	0.00012966622295767	9.1805411449944e-05
boot237	0.0631037305061248	0.000128876045235851	0.000129998935085553	9.12443217572724e-05
boot238	0.0462882388723584	0.000124824823747024	0.000125430623309765	9.01450317999614e-05
boot239	0.0454848121981735	0.00012470993263053	0.000125288841699911	9.14591002018746e-05
boot240	0.0431936504173225	0.000123499616332115	0.000124026726423497	9.1154368936344e-05
boot241	0.0421768073418803	0.000122171295798029	0.000122673327158415	8.97647553189379e-05
boot242	0.0622483985022347	0.000124639832565641	0.000125728266558272	8.98203188359925e-05
boot243	0.0535218407230072	0.000124062141785887	0.000124868010301459	9.16916378347309e-05
boot244	0.0191997686097152	0.000124449914073985	0.000124552866525129	9.07828721810798e-05
boot245	0.0585031205438696	0.000125250000163618	0.000126216452490946	9.22121255548857e-05
boot246	0.0652087108969805	0.000126408961326079	0.000127600467449319	9.1556514740314e-05
boot247	0.0526964584280291	0.000123584570547593	0.000124367374274348	9.05270205064465e-05
boot248	0.0562131667637629	0.0001244858165547	0.000125370216921451	9.01936520080496e-05
boot249	0.046702219364511	0.000123853127082038	0.000124471810051493	9.16461293041218e-05
boot250	0.054686823317201	0.000121826052918401	0.000122669071746845	9.14469203351157e-05
boot251	0.07616169342041	0.000121571137847432	0.00012320146356979	9.10601713651987e-05
boot252	0.0687329345108797	0.000123959408136712	0.000125302436652804	9.15819640257183e-05
boot253	0.0593106839744473	0.000124456171596695	0.000125439724249688	9.00628722444823e-05
boot254	0.0654518818159276	0.000125274970821976	0.000126486846689155	9.2475068103123e-05
boot255	0.0418782520411579	0.000121435718668118	0.000121927567660637	8.94112895212366e-05
boot256	0.0486547782649371	0.000124506699265334	0.000125175859139288	9.04945506235051e-05
boot257	0.0618657696391316	0.000124700550690892	0.000125778234778526	9.12631945724451e-05
boot258	0.06681310838647	0.000125366552751416	0.000126624518238442	9.1426270567131e-05
boot259	0.0533717876710286	0.000124583643574428	0.000125380647274361	9.14701995346248e-05
boot260	0.0599740240560885	0.000123908152290536	0.000124917804582277	9.07959164069763e-05
boot261	0.0734659967401764	0.000123811589758482	0.000125336369382283	9.3241166276092e-05
boot262	0.056034564241019	0.000122479185784444	0.000123362321768199	9.10463780748467e-05
boot263	0.0816586975395088	0.000124622697026193	0.000126505815159068	9.16391020695281e-05
boot264	0.0610324738019295	0.000125486210469482	0.00012653850546613	9.18843379689551e-05
boot265	0.0516852118741586	0.000121542931396219	0.000122288882372987	9.08759332335808e-05
boot266	0.0107937841623453	0.000119620433374205	0.000119653017745417	8.87991737503088e-05
boot267	0.0396102516646949	0.000125055891503956	0.000125496741159021	9.03101836628121e-05
boot268	0.0561839816550241	0.000124292270619067	0.000125181184260695	9.1275895150982e-05
boot269	0.0686583182435195	0.00012526607722026	0.000126595488334772	9.13295516656494e-05
boot270	0.0318520638653825	0.000120898390675268	0.000121184504503246	9.10510054578169e-05
boot271	0.0640294838933559	0.000125305406456252	0.000126461971632454	9.00342721895502e-05
boot272	0.0847914345390687	0.000127059969928054	0.000129091523282107	9.23237802716472e-05
boot273	0.0652893006166796	0.000124044990600048	0.000125242200864511	9.20493725720933e-05
boot274	0.0184551666320658	0.000120005918756318	0.000120102364145919	9.07222098226171e-05
boot275	0.0565225062897716	0.000128286318822231	0.000129187992675663	9.16233024359058e-05
boot276	0.0703782883732935	0.000125098669481621	0.000126494485687922	9.19454094258569e-05
boot277	0.0974393872997495	0.000124031448360372	0.000126688399303826	9.08176773871008e-05
boot278	0.0484944425799957	0.000123391678084934	0.000124054663624059	9.18094317974432e-05
boot279	0.0640383674467448	0.000123552124866378	0.000124709784680363	9.12825050578225e-05
boot280	0.0339139156104898	0.000122697474868683	0.000123022276138192	9.02893255225418e-05
boot281	0.0694663315989112	0.000127516116283857	0.000128875860203893	9.10803171677875e-05
boot282	0.0549679429921438	0.00012533883379481	0.000126194154539846	9.10642920481986e-05
boot283	0.0691755978751139	0.000128740221714553	0.000130097724352967	9.18064901353174e-05
boot284	0.0501857456374503	0.000125707252884961	0.0001264178931251	9.11724836523756e-05
boot285	0.0367182450158906	0.000121066473918812	0.000121447286324486	9.00412566334103e-05
boot286	0.0680531902206361	0.000127226487362388	0.000128534695508365	9.28256300612949e-05
boot287	0.0611267306655665	0.000122426924970591	0.000123470799488325	9.14300909184693e-05
boot288	0.0457222240241279	0.000122813576698698	0.000123400765791517	9.12998980068907e-05
boot289	0.0523436100190237	0.000123528204953386	0.000124304155449271	9.0600377182115e-05
boot290	0.0547570444680883	0.000124485469670254	0.000125324531079468	9.09971265125001e-05
boot291	0.0285084597327432	0.000122769315088143	0.000122997977584798	8.95185611308039e-05
boot292	0.0661012391905178	0.000127468107458301	0.000128700682417898	9.18955644247434e-05
boot293	0.054535371613101	0.000126478650104001	0.000127305683444586	9.10700573923104e-05
boot294	0.085781638050835	0.000130549403619704	0.000132626312641228	9.25035949384427e-05
boot295	0.0362363923815661	0.000122909742939342	0.000123282089660191	8.92219876509023e-05
boot296	0.0780408262219221	0.000127044024071525	0.00012875962077815	9.16816872845711e-05
boot297	0.0595160048613567	0.000124891615380286	0.000125887542951641	9.16879959490473e-05
boot298	0.0544980192081659	0.000125164153565195	0.000126002211699962	9.01284636698713e-05
boot299	0.058862402569854	0.000121985512027054	0.000122959334234246	9.19393811371771e-05
boot300	0.0540293565442457	0.000121638700325673	0.000122456796945902	8.90628040430086e-05
boot301	0.0389524928852426	0.000123145734912914	0.000123570052078937	8.95078935141482e-05
boot302	0.048996779869059	0.000125366255132033	0.000126039616296477	9.03172569716057e-05
boot303	0.0727694377716966	0.000124168114308135	0.000125662318261633	9.21101511811225e-05
boot304	0.0394607258400095	0.000124131107525384	0.000124569159418053	9.08548228999742e-05
boot305	0.0334255977998994	0.000121520227101793	0.000121832976169696	8.99387662713094e-05
boot306	0.0642602954630963	0.00012198836559129	0.00012315200849722	9.11147790934953e-05
boot307	0.0619513928974745	0.000123853665144717	0.000124936415731582	9.1136049453779e-05
boot308	0.0589192358438033	0.000124922369517761	0.000125897099442541	9.0780050172289e-05
boot309	0.0430777172491207	0.000123867616707813	0.000124390521616288	8.96362786510321e-05
boot310	0.0481398475743988	0.000123038673046486	0.000123690388274937	9.16888000408568e-05
boot311	0.0702320874789132	0.000125391770827815	0.000126776643369117	9.20285835838457e-05
boot312	0.0671356972621225	0.000123303581190659	0.000124581280598	9.09387698212628e-05
boot313	0.0644499479483862	0.000128352686161939	0.000129527589010606	9.29258010352863e-05
boot314	0.0312648393079701	0.000120096401617101	0.000120372395848585	8.91835683214546e-05
boot315	0.0505076869770738	0.000126963415917043	0.000127678821122338	9.00139704475329e-05
boot316	0.0487216507581135	0.000122191201011379	0.000122852130659295	9.07132725306156e-05
boot317	0.0586166323122342	0.000126832445905139	0.000127801023022606	9.13397749407476e-05
boot318	0.0317693518186087	0.00012629179557607	0.000126575727125677	9.12050113126473e-05
boot319	0.0515658912561371	0.000126468773335179	0.00012721391634105	9.11134287666839e-05
boot320	0.102588299352059	0.000129484106387707	0.000132452145426535	9.37265439566783e-05
boot321	0.0796300409649643	0.000127609731131821	0.00012939937507477	9.23410506139256e-05
boot322	0.0566174099794718	0.000124043313551003	0.000124947327777678	9.05741602405997e-05
boot323	0.0772249800047401	0.000126809926957316	0.000128485947480337	9.14137970078268e-05
boot324	0.058825604088643	0.00012653558553396	0.000127510557188096	9.1175734325308e-05
boot325	0.0471265150976932	0.000125479278922727	0.000126104898931392	9.16085357020743e-05
boot326	0.0423827414500235	0.000122751881013756	0.000123256649116563	8.92585898137909e-05
boot327	0.0246120831127144	0.000120129230459883	0.000120300854161931	8.98044035547814e-05
boot328	0.0505013871954798	0.00012168229389664	0.00012239717896021	8.94947481685502e-05
boot329	0.0516772314866449	0.000124874723618259	0.000125629389820919	9.06369079387092e-05
boot330	0.0660634266648497	0.000126787317105636	0.000128022782162929	9.23030961837962e-05
boot331	0.0714384125634521	0.000123021203153686	0.000124458290643678	9.14200170457163e-05
boot332	0.063221923286716	0.000126216618308292	0.000127335482756756	9.01689705840941e-05
boot333	0.0745254843325536	0.000129274562228962	0.00013085034187536	9.08518408056023e-05
boot334	0.0594862409549242	0.000125534071748917	0.000126536994027235	9.17381709557611e-05
boot335	0.08496787295055	0.000130448655466118	0.000132487097386893	9.13935887812168e-05
boot336	0.0622179070563396	0.000125113565981764	0.000126198363393375	9.07665477967633e-05
boot337	0.0375176945093008	0.000123174768772647	0.000123570919889602	9.11164108078703e-05
boot338	0.0685634952730904	0.000127032939274571	0.000128370088600672	9.2449471388435e-05
boot339	0.0654771274408906	0.000127202230370213	0.000128408358194827	9.22593978237584e-05
boot340	0.0704552888831567	0.000126112738901056	0.000127507532357225	9.18699375127323e-05
boot341	0.0616220046675336	0.00013128747298986	0.00013238095423888	9.35800490431879e-05
boot342	0.0552953555707341	0.000124643798529727	0.000125500452782374	9.05218358755649e-05
boot343	0.0371054684974537	0.000123195703607553	0.000123585380840961	9.03415195579846e-05
boot344	0.0472601082717848	0.000121828017472443	0.000122454500857381	8.96777471095128e-05
boot345	0.0472428058305819	0.000124527392331799	0.000125158825576833	9.15741020238183e-05
boot346	0.0581980219322469	0.000122112999694172	0.000123066337346937	9.18825747711908e-05
boot347	0.0640715377865644	0.000122116239494184	0.000123275829222477	9.08704600171016e-05
boot348	0.0892370942396427	0.00012678678198515	0.000129028490041311	9.02292568811583e-05
boot349	0.0537279012571784	0.000121628651739689	0.000122442822723322	9.16511820628319e-05
boot350	0.0629915554709713	0.000128362285688165	0.000129488043521203	9.17446492924831e-05
boot351	0.0555356390719935	0.000122994891351868	0.000123853113411951	9.00493790974183e-05
boot352	0.0704670392412271	0.000126029133816489	0.000127435366741316	9.20379027969366e-05
boot353	0.0162892516394175	0.00012422933896477	0.000124304293979002	8.8926570019547e-05
boot354	0.0502948700260986	0.000122589585681555	0.000123306339100197	9.10314323617903e-05
boot355	0.0853970250625473	0.000127617565247317	0.000129676980181581	9.10634928129426e-05
boot356	0.0476174584564829	0.000126572203408057	0.000127213549649852	9.11072113347859e-05
boot357	0.0397468046256746	0.000121283395003151	0.000121726776782451	8.92840835326161e-05
boot358	0.0482246444040388	0.000125024462445199	0.000125678877787354	9.09312186478542e-05
boot359	0.0322297257660253	0.000123370053085226	0.000123662360502779	8.97362525488706e-05
boot360	0.0242324233875575	0.000125405373405439	0.000125570790024525	9.13962277193143e-05
boot361	0.0593195439854873	0.000124976373411947	0.000125966690042285	9.02508911821629e-05
boot362	0.0566173103368352	0.000123321814110859	0.000124223801601836	9.04296676900431e-05
boot363	0.0428991257865869	0.000124167223929741	0.000124684595723718	9.04421192526484e-05
boot364	0.0787426210055229	0.000124581422877916	0.000126316290581662	9.17021957465975e-05
boot365	0.0405208632501423	0.000126794894746326	0.00012725893094537	9.05926249741817e-05
boot366	0.056213121092877	0.00012474648274216	0.000125638547217017	9.21995325200096e-05
boot367	0.0516901731236049	0.000124352353115612	0.000125103668248513	9.00723650580048e-05
boot368	0.0303224478953479	0.000121464325840012	0.000121722497382679	9.03140405858815e-05
boot369	0.0536246521296865	0.000124269800366557	0.000125077289298295	9.10794982280894e-05
boot370	0.0398255079278685	0.000124960772489801	0.000125403978277105	9.18828079842952e-05
boot371	0.0444485245307488	0.000122085619277264	0.000122640520912563	8.98377679502778e-05
boot372	0.0571634862801614	0.000124456389235444	0.000125376309981125	9.28739236592844e-05
boot373	0.0303219999919933	0.000123245810817928	0.000123504995646822	9.09413923573981e-05
boot374	0.0746726089645739	0.000125619057272976	0.000127187582920829	9.11158411950264e-05
boot375	0.0699551437599626	0.000122053665930075	0.000123422743180417	9.01148569858365e-05
boot376	0.0772396152458946	0.00012395522669587	0.000125626055022008	9.16345042112249e-05
boot377	0.0658984756404214	0.000129639026826046	0.000130862400508518	9.13666358363318e-05
boot378	0.0461627085300064	0.000124808241223217	0.000125403702267127	8.93898564450692e-05
boot379	0.0600109395873386	0.000128647482487545	0.000129668281715216	9.21949091058586e-05
boot380	0.0663101242343159	0.00012678298216098	0.000128014715673185	9.14920303749285e-05
boot381	0.0494175257429514	0.000121135850659294	0.000121826479274185	8.97115485924653e-05
boot382	0.0922900757933885	0.000125633218504152	0.00012804143287963	9.25128241974724e-05
boot383	0.0330369572935826	0.000122914921978804	0.000123225351169578	9.146978706219e-05
boot384	0.0621858730270121	0.000125115844104871	0.000126203262448632	9.18413942495854e-05
boot385	0.0489702433616397	0.000124530674268903	0.00012520332291799	9.16945457759534e-05
boot386	0.0451291546752813	0.000123543145227566	0.000124113700240124	9.09646885485667e-05
boot387	0.085744344758079	0.000128443701554055	0.000130505361389344	9.23976807625643e-05
boot388	0.0410530790080577	0.000126305475556245	0.000126781771913965	9.0847267242604e-05
boot389	0.0613399406339472	0.000123024515224451	0.000124075892650746	9.04182001082955e-05
boot390	0.0709483017219621	0.000124461587373414	0.000125873820929295	9.17404483535421e-05
boot391	0.066464480053148	0.000128142323554821	0.000129387288957774	9.19188539266983e-05
boot392	0.0747808804858325	0.000124290200797217	0.000125865490094847	9.02563831065412e-05
boot393	0.0544640730116646	0.000122159149916381	0.000122994152168317	9.13212473642854e-05
boot394	0.0607368140248519	0.000122350149489993	0.000123381079732064	8.95408997269854e-05
boot395	0.0443583134268352	0.000128716711583216	0.000129273151694129	8.98123240394931e-05
boot396	0.0750177010895096	0.000127566091636878	0.000129148875776996	9.13629776901604e-05
boot397	0.0233193860568982	0.000120035210642243	0.000120187696821873	8.84433873169177e-05
boot398	0.0653006716563732	0.000125170988632556	0.000126374617306033	9.10136717592849e-05
boot399	0.0495930330073326	0.000121906505095939	0.000122602626273847	9.07210063874763e-05
boot400	0.0746530064082176	0.000126719823492702	0.000128291223786481	9.20327144938425e-05
boot401	0.0557717049937768	0.000124117962354922	0.000124992800234583	9.0615844522924e-05
boot402	0.0372624744561977	0.000123391888964187	0.000123779609013887	9.00146568045868e-05
boot403	0.0467675439892583	0.000124870683287125	0.000125484357343467	9.04845032193471e-05
boot404	0.0486084361895629	0.000123118436087389	0.000123781506497532	9.06068189270604e-05
boot405	0.0550535861856716	0.000123764369737553	0.000124620732263021	9.05854857014069e-05
boot406	0.0272997496165534	0.000121670200377088	0.000121879746714407	8.98480933333406e-05
boot407	0.0400786416798533	0.000122661077604498	0.000123118172510256	8.9863538997838e-05
boot408	0.0638000314587051	0.000128166339910302	0.000129314146529375	9.13618708041711e-05
boot409	0.0468110461188547	0.000127538562062477	0.00012816089846153	9.18612464790925e-05
boot410	0.0516925482246408	0.000123812244233229	0.000124561148428146	9.07161517245499e-05
boot411	0.0542912926085295	0.00012515242367804	0.000125983614757509	9.06501617567979e-05
boot412	0.0519204081977078	0.000125822892855042	0.000126578104997875	8.97633878306927e-05
boot413	0.0514345916641027	0.000129143880247883	0.000129888402854051	9.31556789168129e-05
boot414	0.0667055655268244	0.000124793775948773	0.000126058201572363	9.20573858690823e-05
boot415	0.062825721530538	0.000123574107429631	0.00012468843555382	9.09364765573144e-05
boot416	0.0211907533112919	0.000120756864463413	0.000120882689955059	8.92064608720801e-05
boot417	0.0372036007508846	0.000125935845637502	0.000126326270698606	9.13177598967007e-05
boot418	0.0377527833509217	0.000126823462541763	0.000127224395511703	9.12802078180991e-05
boot419	0.0486086872710406	0.000123190616714663	0.000123856301031412	9.06284870445536e-05
boot420	0.0597649719721128	0.000122347422612742	0.000123350581734565	9.06871993114943e-05
boot421	0.0627531086055726	0.000125771819379868	0.000126877499328329	9.10066451825508e-05
boot422	0.0280351738126665	0.000123820597751867	0.000124042297012532	9.17480289088432e-05
boot423	0.0504977928054399	0.000126210818463827	0.000126926076063727	9.13140273422938e-05
boot424	0.0382444515105569	0.000122806556736624	0.000123215944192191	9.06945601495747e-05
boot425	0.0618214103278545	0.000124171986121904	0.000125246282328251	9.2436984802085e-05
boot426	0.0331405328490037	0.000124106734415684	0.000124417014318512	9.11827232078935e-05
boot427	0.058410900630491	0.000122963941786475	0.000123928144137023	9.17004029596998e-05
boot428	0.0430285569382816	0.000125001283686775	0.000125521184621088	8.92847469135384e-05
boot429	0.0484982148932132	0.000125190879712552	0.000125852822356562	9.04798107743477e-05
boot430	0.0376839582748744	0.000122150936218015	0.00012254937707924	9.04708439248011e-05
boot431	0.0109665626782776	0.000116986557755704	0.00011702025005336	8.9910152037772e-05
boot432	0.0488455247683619	0.000121397147320115	0.000122070420723752	9.05777688066355e-05
boot433	0.0662216116061945	0.000125402500032781	0.000126637475309082	9.05909065385234e-05
boot434	0.0690334038928754	0.000128944561801415	0.000130291026902296	9.22986136903978e-05
boot435	0.0449543397905564	0.000125544284291341	0.000126115365709441	9.18540921219516e-05
boot436	0.080108811964132	0.000123283158492298	0.00012507478085835	9.04459497644182e-05
boot437	0.0277453820517	0.000128455525826473	0.000128672946062527	9.01406199842959e-05
boot438	0.0506207385285745	0.000122958248039347	0.000123678495511152	8.93209006361578e-05
boot439	0.0443967947410366	0.000124205691048786	0.00012476344884424	9.19523988731228e-05
boot440	0.0759862849697091	0.000125209313014239	0.000126837760859032	9.2198903471767e-05
boot441	0.0646123431987499	0.000125456779151888	0.000126633772263981	8.98459575495127e-05
boot442	0.0643775982350499	0.000124275322507023	0.000125436017518835	9.12641281320323e-05
boot443	0.043724060378447	0.000122976977088937	0.000123516673809816	9.10577040834857e-05
boot444	0.0531929736871739	0.000123566457852898	0.000124361304087317	9.11026841301828e-05
boot445	0.0676274642312926	0.000125183139180977	0.000126463231021282	9.18357254790992e-05
boot446	0.0555741141046122	0.000125980553089752	0.000126848035791686	9.06194774511564e-05
boot447	0.0501934660809396	0.000125544023831665	0.000126259462491563	9.04569990360784e-05
boot448	0.0628801913169142	0.000122675418532566	0.000123785751762706	9.11110605260312e-05
boot449	0.0407420995447388	0.000122450112602731	0.000122917039125067	9.04433820872523e-05
boot450	0.0329072393568254	0.000123737211092598	0.000124041267178313	8.97028981340409e-05
boot451	0.0653086238667738	0.000126813411356208	0.000128024306916031	9.09125696762516e-05
boot452	0.0688734342757874	0.000126670617390214	0.000128007827733175	9.03727735695085e-05
boot453	0.0460697787403287	0.000125622482486231	0.000126214759184985	9.16583415960893e-05
boot454	0.0380088006621457	0.000122504589709553	0.000122910916301451	9.10333929817801e-05
boot455	0.0661365640843342	0.000124353625050592	0.000125580942034598	9.07865792350471e-05
boot456	0.0448707329873091	0.000123267021708698	0.000123835507156044	9.17053496944102e-05
boot457	0.0623109557351257	0.000124380403345866	0.000125477290079508	9.01789333210144e-05
boot458	0.0398220964418596	0.000126600440827274	0.000127051636930279	9.08687202079163e-05
boot459	0.0965717478256956	0.000127191894685235	0.000129823759625961	9.12493609550684e-05
boot460	0.0827577705288814	0.000126040666576953	0.000127957998821333	9.14908232426071e-05
boot461	0.0670742775986148	0.000128312534255174	0.000129577024153926	9.08046084474767e-05
boot462	0.0446048768070154	0.00012434988846286	0.000124909915854865	9.1509927369437e-05
boot463	0.0562793918206362	0.000124453148628371	0.000125339902963745	9.23701779365e-05
boot464	0.0702086538086398	0.000127951627633145	0.000129337603721927	9.1798918976707e-05
boot465	0.0649346926823371	0.000128896124741762	0.000130084752877011	9.15165275877756e-05
boot466	0.039528638275508	0.000122221759152378	0.000122663611035349	8.9865821422499e-05
boot467	0.0751168562119947	0.000126315126582718	0.000127905757354646	9.25788997086678e-05
boot468	0.0434735207483097	0.000123647593398959	0.000124183658503385	8.94386151833555e-05
boot469	0.0608335025927943	0.000128345415346292	0.000129383776701039	9.06043486554301e-05
boot470	0.0620024218808009	0.000125141827941918	0.000126219257700583	9.07954096699026e-05
boot471	0.0500881102182491	0.000124918736687272	0.000125623939503438	9.02842015031915e-05
boot472	0.0516979561679118	0.000126671819114518	0.000127421850650037	9.08364275736833e-05
boot473	0.085712530485347	0.000125092584128728	0.00012714895297222	9.15225967123047e-05
boot474	0.043262260995696	0.000125146530007271	0.000125674484079832	9.11667865903238e-05
boot475	0.0639347978018931	0.000126248439982071	0.000127406909414416	9.11252716989056e-05
boot476	0.0499594067182352	0.000123357592699648	0.000124064388771396	9.11231918229263e-05
boot477	0.0582752468933324	0.000126595264308125	0.000127551169442638	9.1241910177655e-05
boot478	0.0496323429314938	0.000127984410614069	0.000128678850870614	9.05078062668975e-05
boot479	0.0772606384302694	0.00012961902971753	0.000131305271662991	9.31311151379174e-05
boot480	0.0591663273443733	0.000124257467076148	0.000125241817062198	9.0269537429816e-05
boot481	0.066723445390993	0.000124205001171464	0.000125456656311435	9.137104182946e-05
boot482	0.0451647740796335	0.000122890906796544	0.000123465282562543	9.01413852070166e-05
boot483	0.0544638404597599	0.000122220922979196	0.000123059989738636	9.17392893411744e-05
boot484	0.0736362021830677	0.00012560683144631	0.000127133436765196	9.0254210243965e-05
boot485	0.0421841325985719	0.000122303556528922	0.000122805823191456	8.96318780792934e-05
boot486	0.0467452184805088	0.000122480571495808	0.000123095569461983	9.03386055863244e-05
boot487	0.0877396213744219	0.000129102155562316	0.00013127055417262	9.14444681709412e-05
boot488	0.0678208402139027	0.000124915746805778	0.000126211469116433	9.22710348447793e-05
boot489	0.0645950214283841	0.000125598872956717	0.000126774323018245	9.03529862294258e-05
boot490	0.0786628436360834	0.000124740700648841	0.00012647852678706	9.15960898030488e-05
boot491	0.0768814409982339	0.000126886744668946	0.000128559360988423	9.21942653941454e-05
boot492	0.090914196590454	0.000127786049691636	0.000130112495598319	9.14783308243898e-05
boot493	0.0625006648883207	0.000124685777535314	0.000125776492256704	9.03286344754843e-05
boot494	0.0805968413878132	0.000124115163406733	0.000125947191423051	9.11570658334347e-05
boot495	0.0511884666064609	0.000125177164393361	0.000125920031774953	9.02702577884099e-05
boot496	0.0668590118182251	0.00012722628143655	0.000128477321949951	9.02357825677895e-05
boot497	0.0710317293914525	0.000125531165067697	0.000126951966540312	9.29933125214617e-05
boot498	0.0483761052587822	0.000124178109593108	0.000124840646129746	9.05469283602402e-05
boot499	0.0293569788449828	0.000120728069856695	0.000120971145897861	9.0312105184205e-05
boot500	0.0542402270749593	0.000121723704224906	0.000122547960851445	9.10049974262946e-05
boot501	0.0653321372485474	0.000127235225978555	0.000128433212234225	9.2131896212085e-05
boot502	0.0675352892432449	0.000128102677176637	0.000129385104531949	9.09304540409503e-05
boot503	0.0414814726357108	0.000126503212300523	0.000126984605801019	9.10557949776972e-05
boot504	0.0673158000704832	0.000126182521140272	0.000127456692696338	9.08767956517592e-05
boot505	0.0601211012291357	0.000125273793279157	0.000126298463162497	9.09183554036216e-05
boot506	0.0511106761434783	0.000125407792940796	0.000126142955705746	9.12674822724346e-05
boot507	0.061736782826499	0.000126261339529432	0.00012733774920876	9.0922449100788e-05
boot508	0.0717884560922533	0.000125994512345168	0.000127445130088563	9.19324022027567e-05
boot509	0.0588620610076904	0.000125722758300701	0.000126695520513996	9.05841870808097e-05
boot510	0.0411501455925582	0.00012228008895579	0.000122755945263405	8.8953209918196e-05
boot511	0.0420541557784083	0.000119677107289169	0.000120173625296456	9.03784051324234e-05
boot512	0.105797329000055	0.000126904354183039	0.000130033071104252	9.19090875769141e-05
boot513	0.0453296989345376	0.000128328735144073	0.000128906071207068	9.10520820070612e-05
boot514	0.0293326755578582	0.000121723772747347	0.000121964952364244	8.9657521271363e-05
boot515	0.0776620858363734	0.000124923107202845	0.000126620665425813	9.1558448470332e-05
boot516	0.0463088733997506	0.000124422549076827	0.000125028951713029	9.03904059113696e-05
boot517	0.0426741850259638	0.000124917635808852	0.00012543122367989	9.03500816834142e-05
boot518	0.0881098068726136	0.000125117993821884	0.000127309324480059	9.18585450948923e-05
boot519	0.0435960662803812	0.000123842450853462	0.00012438062978595	9.15349727367177e-05
boot520	0.0395750207691242	0.000124191521723998	0.000124632549291606	9.09496801151481e-05
boot521	0.0591772608861995	0.000124479112039819	0.000125465097946635	9.03598930338565e-05
boot522	0.0421826395647469	0.000126228976358503	0.000126728624993399	9.04334838364724e-05
boot523	0.0441531989017692	0.000123202082012841	0.000123748673126031	9.13518593665085e-05
boot524	0.0487940735286362	0.000125007107974392	0.000125679676866597	9.08081768014492e-05
boot525	0.0303132363821311	0.000122590964628916	0.000122851147514239	9.11609370008142e-05
boot526	0.0522818443026013	0.000127710988988762	0.000128478509080691	9.05610735250638e-05
boot527	0.0666767065854135	0.000123695233436235	0.000124936571486472	9.0070312194908e-05
boot528	0.0194201279685326	0.000124064531688512	0.000124170135687201	9.08119993063337e-05
boot529	0.0580534324255621	0.000126121563763724	0.00012707089385251	9.08393964192178e-05
boot530	0.0503799585277826	0.000125520075278459	0.00012623262002184	9.05754972643392e-05
boot531	0.0530498958425765	0.000124865886978187	0.00012565710950848	9.12908704578926e-05
boot532	0.0595167148305199	0.000125443875732863	0.000126440778262066	9.08227236453006e-05
boot533	0.0658363423292739	0.000124460894706856	0.000125681481565849	9.15557214756853e-05
boot534	0.0414881637602005	0.000125492086159154	0.000125978413421113	9.20534877665466e-05
boot535	0.0763702822570888	0.000123265970227174	0.000124905909793763	9.23615696325176e-05
boot536	0.0549576197485348	0.000124705292806342	0.000125564100004224	9.10814050108071e-05
boot537	0.0359230380309728	0.000120856374885776	0.000121220727211962	9.02611445839212e-05
boot538	0.0597164330848316	0.000124469570862926	0.000125479609144015	9.10463326699575e-05
boot539	0.0562595916382119	0.000123938091255262	0.000124828453172844	9.10070174309403e-05
boot540	0.042309817777946	0.000125152160370059	0.000125659502982988	9.03266932109918e-05
boot541	0.0369101499936627	0.000118901562060631	0.000119285743437863	9.11407421409945e-05
boot542	0.0577386985743508	0.00012596851662447	0.000126907900326015	9.16819446131552e-05
boot543	0.0596153587944557	0.000126106478681952	0.000127103328795704	9.08521059280595e-05
boot544	0.0531606626425021	0.000125821293482069	0.000126628302633951	9.22592776244162e-05
boot545	0.0303227871221252	0.000121913163392776	0.000122174014280045	9.1430465428412e-05
boot546	0.0241572800814358	0.00012429674668457	0.000124462111773756	9.06642342372325e-05
boot547	0.0736049075070975	0.000126066328959633	0.000127589266244304	9.13124291898075e-05
boot548	0.0392611457147775	0.000122625552938776	0.000123058564419733	9.00115527937513e-05
boot549	0.0462760997230718	0.000124712742313427	0.000125311044718582	9.08241280532754e-05
boot550	0.0420805760214045	0.000123034032052724	0.000123530673400133	9.03676921438596e-05
boot551	0.0206917439892405	0.000122138681709506	0.000122259662445926	9.00483243116087e-05
boot552	0.0549558616347611	0.000126810470145662	0.000127661246993445	9.30398684805805e-05
boot553	0.0259301178938124	0.000119726301303245	0.000119914494531583	8.94803960100256e-05
boot554	0.0481543622757786	0.000127171876830451	0.000127827382591674	8.98712760221791e-05
boot555	0.0279957681644959	0.000124850757638784	0.000125070924496895	8.9344997854112e-05
boot556	0.0763543419668128	0.000123604133233147	0.000125247941009046	9.13277447236037e-05
boot557	0.0566755860393436	0.000126627190772127	0.000127536280192683	9.10874096559444e-05
boot558	0.0321466468205905	0.000121908430613903	0.000122198257409496	8.80852512520933e-05
boot559	0.0453258902917005	0.000126616739326899	0.000127194252759699	9.09464725384868e-05
boot560	0.0517780622414489	0.000123312944308707	0.000124071640593892	9.13263188491881e-05
boot561	0.0724704023077558	0.000126865720923587	0.000128344822054192	9.3688055694571e-05
boot562	0.0513555024035521	0.000122253646089763	0.000122997524599861	9.08945810355777e-05
boot563	0.0459902421310017	0.000127715107247801	0.000128312711927996	9.0781483880514e-05
boot564	0.0527738764210831	0.000119576663681415	0.000120363879256032	9.19736733774869e-05
boot565	0.0577007164153346	0.000125770786339933	0.000126714275119947	9.11380622819095e-05
boot566	0.0722139645675767	0.000128357235561589	0.000129825594295501	9.08943791431576e-05
boot567	0.0528904486253577	0.000121477778609091	0.000122261441839899	8.9870269389544e-05
boot568	0.0587176227361756	0.000122148261818359	0.000123114861253005	9.06398250682564e-05
boot569	0.060329755358586	0.000126243107060084	0.000127267658168664	9.02455102506453e-05
boot570	0.0613777206661411	0.000123434577546053	0.000124500344453474	9.08556133707012e-05
boot571	0.0837776544390462	0.000123231295103446	0.000125193633059147	9.21615667338392e-05
boot572	0.0802228352846124	0.00012774631358567	0.000129564445125648	9.1181634975631e-05
boot573	0.0565446738130452	0.000125794503098492	0.000126695778920477	9.13725555218911e-05
boot574	0.0942378567094431	0.000126129689725512	0.000128614262611615	9.23067462068089e-05
boot575	0.0268568275085403	0.000121520224468817	0.000121722333183665	8.98444321335558e-05
boot576	0.0563790854757509	0.000127925793864264	0.00012882595947763	9.17130814183243e-05
boot577	0.0448046449862682	0.000125046373709238	0.000125610206749075	9.01846603561803e-05
boot578	0.0647696698768192	0.000125367671562769	0.000126545381027123	9.26007244640915e-05
boot579	0.0684898813815918	0.000121884590221135	0.000123207000604125	9.20285099952687e-05
boot580	0.0425998419013222	0.000123337336780535	0.000123845180244718	8.94398620120135e-05
boot581	0.043681490184812	0.000123030040009769	0.000123568147988899	9.09942551440096e-05
boot582	0.0449862225297557	0.000123611473350301	0.000124178115614995	9.10487959231897e-05
boot583	0.0498594579931607	0.000123694245587055	0.000124388801767351	9.18092533246033e-05
boot584	0.0429646978213899	0.000124654367128346	0.000125178139307133	9.09280112218511e-05
boot585	0.0482808030903892	0.000123353245634189	0.000124007805074253	9.03042017671189e-05
boot586	0.0531002026987452	0.000126399467004499	0.000127194866492745	9.14550987821237e-05
boot587	0.0389107277765486	0.00012432796530026	0.000124758623746626	9.17675520146941e-05
boot588	0.0408481226373791	0.000120322858524189	0.000120787587084409	9.18025685982176e-05
boot589	0.0326857150074475	0.000125851743527514	0.000126151118908203	9.06833657321249e-05
boot590	0.0609336051437164	0.00012605512760258	0.000127106662043153	9.28416136759214e-05
boot591	0.0613891369790319	0.000122780888827756	0.000123838198067034	9.04681573709956e-05
boot592	0.0744121623979593	0.000125147335541564	0.000126695789530931	9.18151241219948e-05
boot593	0.0484666063723123	0.000120990158228109	0.000121648799724357	9.15341218609534e-05
boot594	0.0324080324917888	0.000125084622769071	0.000125379820127433	8.97314803261855e-05
boot595	0.0428128687577685	0.00012473167909303	0.000125249149876786	8.9810009363454e-05
boot596	0.0500538565748205	0.000122864331284254	0.000123567609279741	9.10137098240996e-05
boot597	0.0685864640475746	0.00012378093192101	0.000125094691997633	9.26106644781483e-05
boot598	0.0585454808091205	0.000123789544581455	0.000124752119469079	9.11494650720012e-05
boot599	0.0431766058254836	0.000122666447631249	0.000123192602962968	9.12691771186386e-05
boot600	0.0693200457674357	0.000124238955262701	0.000125596266850185	9.10732648157813e-05
boot601	0.0455423170030082	0.000124598088649402	0.000125182392505911	8.98219027575113e-05
boot602	0.0389384943978181	0.000121121269040662	0.000121548005817045	9.05716959877359e-05
boot603	0.0535350789732429	0.00012123920686316	0.000122042850304261	9.10693179456575e-05
boot604	0.0723584589989512	0.00012806061276928	0.000129541725393003	9.27057278610856e-05
boot605	0.0862337410240635	0.000128369483888594	0.000130461491559644	9.14743600496768e-05
boot606	0.0512238713660894	0.000124717446425106	0.000125457344625737	9.11834103835431e-05
boot607	0.056640380550381	0.000125519244513706	0.000126424971502477	9.14160714859095e-05
boot608	0.0504412156105269	0.000124358790260162	0.000125073023747782	9.10575112040927e-05
boot609	0.0620096013232405	0.000120766768360337	0.000121853643080389	8.96334357230517e-05
boot610	0.0673432775106693	0.000125841283052967	0.000127120340177317	9.23320804603822e-05
boot611	0.0643306952685729	0.00012586622775741	0.000127036608718614	9.1202658693823e-05
boot612	0.0338744701829625	0.0001210781463697	0.000121401609517241	8.90961298083556e-05
boot613	0.0475511182158333	0.000123256647227745	0.000123896975331	9.11122252539351e-05
boot614	0.0402484999042847	0.000120974484607417	0.000121432265323597	9.12408189314943e-05
boot615	0.0379583080908656	0.000123521334942766	0.000123925243980606	9.04939600494731e-05
boot616	0.0552405599804481	0.000123046632838451	0.000123907876377711	9.03452968765711e-05
boot617	0.0502393196293761	0.000126919243729407	0.00012762697444471	8.93284485086377e-05
boot618	0.0288167086078911	0.000125060700492159	0.000125294470077872	9.11694139538555e-05
boot619	0.0963208508782159	0.000127256183343986	0.000129871781004235	9.20343116849674e-05
boot620	0.0480347822868375	0.000126464074089665	0.00012711355249252	9.07229951858975e-05
boot621	0.0243639453932005	0.000122844385939783	0.000123012402947556	9.01209009638509e-05
boot622	0.0524129953511542	0.000127802481543112	0.000128572062743644	8.95233283580068e-05
boot623	0.0370261523942767	0.000124985769901209	0.000125373627905451	9.0352488748668e-05
boot624	0.0500981909967064	0.000124129123191644	0.000124835793039838	9.05270098491579e-05
boot625	0.0410058546272789	0.000121517866061231	0.000121988018163525	9.2164241648446e-05
boot626	0.0543580351282928	0.00012636952880556	0.000127197646420904	9.15836991240958e-05
boot627	0.0421907689177944	0.000122705901988382	0.000123204195347358	9.01861367879167e-05
boot628	0.030490235390192	0.00012393923326367	0.000124200507836236	8.94157511569393e-05
boot629	0.056631295908018	0.000127305649856864	0.000128211414251801	9.06420213942726e-05
boot630	0.0354912748815224	0.000122163666771873	0.000122518298602921	9.03528677344071e-05
boot631	0.0503384649939307	0.000120450208384566	0.000121167958267788	9.18939276330168e-05
boot632	0.0932498358452603	0.0001231513574598	0.000125586654619921	9.12928189585233e-05
boot633	0.0442085190221811	0.000124755414295781	0.000125304625213773	9.16138542183566e-05
boot634	0.0587237159825575	0.000124147767991245	0.000125116415369398	9.00440386043605e-05
boot635	0.0616148067992279	0.000125152512615771	0.00012622875954904	9.13317387599563e-05
boot636	0.0734395024580026	0.0001249640111394	0.00012647904887239	9.10626892106204e-05
boot637	0.0640946933156226	0.000125709897715211	0.000126875868229911	9.18463555048417e-05
boot638	0.103856234871564	0.000123694165717019	0.000126724790682245	9.17238974157903e-05
boot639	0.0614276332318564	0.000124412689542595	0.0001254735094576	9.21381971960181e-05
boot640	0.0693692854846725	0.000124426044817865	0.000125790133774437	9.31021325515968e-05
boot641	0.0704330228993667	0.000124553862756945	0.000125958995497559	9.13673552802363e-05
boot642	0.0613931586960049	0.00012952822763755	0.000130596574348472	9.13208616458603e-05
boot643	0.0414191087354576	0.000121052563250411	0.000121534916043535	9.02067301171439e-05
boot644	0.0499549310603968	0.000123711166952133	0.000124413872497955	9.07751730244882e-05
boot645	0.0466211008598165	0.000125730998453817	0.00012633887702723	9.10058081120736e-05
boot646	0.0649768617816221	0.000124320024016691	0.000125507646008658	9.19866575877941e-05
boot647	0.0432899680329919	0.00012556151191616	0.000126089798264955	9.03082038985994e-05
boot648	0.0440671858295155	0.000123191694097192	0.000123737847979488	9.0858730430598e-05
boot649	0.0684336465832414	0.000123706365407866	0.000125022782177144	9.16100952779406e-05
boot650	0.0837968029989779	0.000126630658844246	0.000128618604389918	9.20195875775458e-05
boot651	0.0851736965613881	0.000122185623014234	0.000124220579576429	9.17262027945755e-05
boot652	0.0458998109859138	0.000125628300433201	0.000126224503670852	9.22508931008651e-05
boot653	0.05043375268619	0.000123163128031336	0.000123877944522897	9.14044808911486e-05
boot654	0.0671904242848595	0.000123653287530728	0.000124929333516472	9.10276818770123e-05
boot655	0.0618170423454064	0.00012436552058171	0.000125446979989899	9.19331196783747e-05
boot656	0.0839980580980245	0.000126856272256146	0.000128851872059505	9.22054924959336e-05
boot657	0.059335534677813	0.000126688363860212	0.000127683914715624	9.09540932835561e-05
boot658	0.0619575858222691	0.000129647782200226	0.000130730186878462	9.13192586722226e-05
boot659	0.0661266105418132	0.000124961653195121	0.000126207794884198	9.15731306939595e-05
boot660	0.0594507042616386	0.000127167894116632	0.000128165989431311	9.20009905745922e-05
boot661	0.0490914565458646	0.000127209041765628	0.000127887840568385	9.01306889373977e-05
boot662	0.043186795673221	0.00012671302433319	0.000127239390183697	9.10171720350144e-05
boot663	0.0802652019290515	0.000125515837965517	0.000127322042077854	9.15357797648353e-05
boot664	0.0526419992537672	0.000125044846897027	0.000125826001327586	9.01542498964375e-05
boot665	0.0503646152444859	0.000122833186847952	0.000123552350578979	9.13734205446149e-05
boot666	0.0493885502531876	0.00012945059293276	0.000130139801187583	9.13633982944526e-05
boot667	0.023575439338574	0.000122038762681378	0.000122194546943505	9.05015465615547e-05
boot668	0.033948605106564	0.00012444245455661	0.000124767931784903	9.15101673085369e-05
boot669	0.0605948029904834	0.000124391216583614	0.000125423342912569	9.16033756049449e-05
boot670	0.0544544661049746	0.000126403566377967	0.000127235157855187	9.20090335484059e-05
boot671	0.0593550483233739	0.000123329308558956	0.000124318247843731	9.12875010803063e-05
boot672	0.058045528450694	0.000127086078782007	0.000128034816566137	9.04657415117116e-05
boot673	0.0504056265975606	0.00012253558733619	0.000123254816453721	8.85927548706727e-05
boot674	0.043426932923856	0.000125889282547558	0.000126421445982794	9.01740863447163e-05
boot675	0.0549308958696908	0.000123271203014795	0.000124120928326431	9.0986403509336e-05
boot676	0.0649943978483346	0.000123798082817674	0.00012498372352546	9.04815951243693e-05
boot677	0.0472190701358222	0.000120503840239159	0.000121132127482639	8.99236429524605e-05
boot678	0.0624909143569726	0.000125619873891211	0.000126720505087337	9.15172498719343e-05
boot679	0.0482711752698192	0.000124939186106471	0.000125590432635318	9.03464017769818e-05
boot680	0.0389600299402639	0.00011972857318965	0.00012015410697128	9.03751472554093e-05
boot681	0.08130761805146	0.000123845804361825	0.000125697422586745	9.1641642060136e-05
boot682	0.0696326390706397	0.000127713834276086	0.000129076326028659	9.19663528617181e-05
boot683	0.0604463386658817	0.000126603260268403	0.00012763398518519	9.23227033433539e-05
boot684	0.07205416632347	0.000126282117078662	0.000127749632712676	9.3430364279521e-05
boot685	0.0462689438279601	0.000120526065506275	0.000121128987725289	9.08048399874583e-05
boot686	0.0234972209520434	0.000122017241914375	0.000122173267541623	8.9825426818288e-05
boot687	0.0974161525990555	0.000127023324470076	0.000129696232647248	9.18762997940147e-05
boot688	0.0469058385282477	0.000123566035267257	0.000124184597457093	9.0148035601578e-05
boot689	0.0652414913813449	0.000125340848303177	0.000126528613787586	9.06058239291391e-05
boot690	0.0946664883473755	0.000127331911779275	0.000129842805604966	9.16735995304426e-05
boot691	0.0524348101285728	0.000126429863794166	0.000127207345666324	9.03826238630259e-05
boot692	0.0412277044004538	0.00012483940592085	0.000125320465803175	9.01741828053528e-05
boot693	0.0637808082444115	0.000127317770055256	0.00012846328537353	9.16397515376517e-05
boot694	0.0326161611842579	0.000121737790781684	0.000122035813367053	9.00843690263542e-05
boot695	0.0135318048918774	0.000125349275928508	0.000125400877898744	8.89785505193955e-05
boot696	0.0741669593678124	0.000124596451907385	0.000126150736687999	9.18030525142009e-05
boot697	0.0350460977532067	0.000121454655106044	0.000121801256850637	9.09603834795076e-05
boot698	0.0819861584728667	0.000125271349526588	0.000127169380060459	9.1833168092812e-05
boot699	0.0587000288073451	0.000122355866955031	0.000123321119767327	9.08770069196929e-05
boot700	0.0529511929700637	0.000123094115294705	0.0001238764013435	9.17866556724333e-05
boot701	0.09579000455624	0.000125356296249585	0.000127927398596192	9.14063921773738e-05
boot702	0.0474376249118428	0.000123604856135085	0.000124240280314445	9.14104537608119e-05
boot703	0.0848344179408071	0.000127121003604941	0.000129156421107751	9.29752778299514e-05
boot704	0.0608048640291188	0.000128406403928993	0.000129454922729698	9.31247448780094e-05
boot705	0.0741612498281765	0.000124024862507975	0.00012555440528266	9.05460698241915e-05
boot706	0.0690771128699474	0.000126884255276784	0.000128231463099174	9.12036423549691e-05
boot707	0.0362733988099706	0.000121127528320735	0.000121501036406321	9.12213117414698e-05
boot708	0.0598858223145353	0.000122550622788076	0.000123554199968913	9.12426419505862e-05
boot709	0.0509657084829639	0.000124632017135293	0.000125362836349161	8.98501758039363e-05
boot710	0.0510094275718506	0.000122455919017596	0.000123190504849863	9.10701982514846e-05
boot711	0.0754243490796768	0.000124804609362587	0.000126410654054827	9.13718037515086e-05
boot712	0.0540804997744164	0.000126209243306074	0.000127032080641248	9.18559443945398e-05
boot713	0.0431699997001244	0.000124569066123705	0.000125093991007296	8.98026435592783e-05
boot714	0.071450647550013	0.000128517618288818	0.000129953685697452	9.11894239258051e-05
boot715	0.0388933104673861	0.000124488412052711	0.000124912489963909	8.92894268619623e-05
boot716	0.0878629641778791	0.000128679530930014	0.000130858453193943	9.15096389887852e-05
boot717	0.0753465651834151	0.000123160218803294	0.000124748472080284	9.07009700507365e-05
boot718	0.0396778525976288	0.00012712939022494	0.000127576729709383	8.99011344111028e-05
boot719	0.000435894956771898	0.000119583836644669	0.000119583890101921	8.84529558093804e-05
boot720	0.0949593648649695	0.000129025134694021	0.00013156963068796	9.23061017309913e-05
boot721	0.0439114729651732	0.000121073898014689	0.000121612273299203	9.11034158332346e-05
boot722	0.053181501729503	0.000124976244527774	0.000125768542440641	9.10638655834362e-05
boot723	0.073654906607541	0.000127071173660343	0.000128587313660861	9.1715458047922e-05
boot724	0.0454394770589978	0.00012235884149997	0.000122941174855367	9.28237720151248e-05
boot725	0.0751924985198931	0.000125145561248732	0.00012672423851962	9.15506318070995e-05
boot726	0.0592680125021012	0.000125338946241954	0.000126334960389902	9.07866826728978e-05
boot727	0.0477630811376501	0.00012398448790521	0.000124628113011058	9.03677463768023e-05
boot728	0.0632164334116667	0.00012420362233285	0.000125330161525467	9.0393821819404e-05
boot729	0.0273690361945897	0.000118284729244485	0.000118495406364128	9.04158018468471e-05
boot730	0.0576781890874132	0.000123534316475043	0.000124478463122774	9.15569924103896e-05
boot731	0.0700294890223079	0.00012526179342807	0.000126640571719743	9.03400796462541e-05
boot732	0.0790177154028819	0.000128140943404214	0.000129901744557073	9.16909722961764e-05
boot733	0.0537175925206946	0.000126208107724911	0.000127021964277353	9.07915718815992e-05
boot734	0.0621743131399037	0.000125641053248815	0.000126725740103615	9.13646616874723e-05
boot735	0.0511107265766457	0.000126189054215028	0.000126922234479836	9.039780689751e-05
boot736	0.0644903546389071	0.000122238511707231	0.000123410897652706	9.14320723516884e-05
boot737	0.0448184888131663	0.000128739983889823	0.000129301047012615	9.07161491383573e-05
boot738	0.0697341225777209	0.000124825283514282	0.00012618569059352	9.14973753818743e-05
boot739	0.0752474916543594	0.000126534206474797	0.000128124459457661	9.19006186558629e-05
boot740	0.0412155817969601	0.000122430161513463	0.000122906448516276	8.93742128314321e-05
boot741	0.0565640296057715	0.000124405571852202	0.00012530749115248	9.1066890776234e-05
boot742	0.0507807911824829	0.000125502522478829	0.000126229184292152	9.12892418955829e-05
boot743	0.0587189323496222	0.000123693063143668	0.000124663939127852	8.93992824065259e-05
boot744	0.062432580393208	0.000127207791529668	0.000128306389135806	9.18349550252948e-05
boot745	0.0483526729247408	0.000123991005445064	0.000124650273973585	8.96146494853632e-05
boot746	0.042160641079553	0.000125393060853859	0.000125893623178486	9.11861800239819e-05
boot747	0.0491464096565398	0.00011892195529071	0.000119603804439912	9.02427076890297e-05
boot748	0.0863598334244875	0.000126702585885782	0.000128797409373917	9.20650016114411e-05
boot749	0.0748847535563868	0.000128343672591875	0.000129918165418032	9.15653077309037e-05
boot750	0.0441337002970292	0.000123614908872172	0.000124160361446242	8.9740403539569e-05
boot751	0.0503039843888525	0.000124046422614356	0.000124755775975103	9.01755516247084e-05
boot752	0.0602102054852825	0.000126386393130869	0.000127418080824632	9.17529126548901e-05
boot753	0.0587831477709972	0.000128326806015773	0.000129303035248059	9.15240904297598e-05
boot754	0.0701637556479483	0.000126426234975173	0.000127817315224349	9.22465375553503e-05
boot755	0.0667771574153297	0.000127414204786928	0.000128667508241415	9.05988775327946e-05
boot756	0.0187791977737988	0.000119990445177219	0.000120089848056949	8.98670276287636e-05
boot757	0.0777138249830776	0.00012535177755765	0.000127042725441376	9.10421135817901e-05
boot758	0.0314194406282755	0.000121810710133434	0.000122088052610572	9.07343239838411e-05
boot759	0.0441340602626381	0.000124155350635712	0.000124699495267783	9.04037888943082e-05
boot760	0.0268692307637174	0.000122750801991419	0.00012295447251417	9.0155022216894e-05
boot761	0.0438743564210914	0.000124089825947428	0.000124628723923089	9.04730287557011e-05
boot762	0.0540676336433111	0.000124787741689734	0.000125610549740283	9.13171576930182e-05
boot763	0.0743373813505363	0.00012882060326896	0.000130373471627381	9.23932212116655e-05
boot764	0.0400714978480936	0.000124366565481562	0.000124818470251568	8.94510416654114e-05
boot765	0.0473991910739807	0.000120682671763161	0.000121313242717815	9.04733604431024e-05
boot766	0.0510393898976305	0.000122265584256488	0.000122997147722096	9.04645326903078e-05
boot767	0.0734826160750878	0.000127581376440198	0.000129092234991869	9.03625618332891e-05
boot768	0.0519098690770578	0.000122141180832501	0.000122895209587618	9.00545085511913e-05
boot769	0.0420833131836794	0.000124974194802742	0.000125470214464911	8.92896203926339e-05
boot770	0.0383758862287669	0.000124646528553103	0.000125064120688713	9.05699339369261e-05
boot771	0.0418633888634266	0.000124410442114679	0.000124903810375767	8.9742590164745e-05
boot772	0.0762766617846587	0.000126925431986874	0.00012856583584746	9.23209305627889e-05
boot773	0.058882942406167	0.000124591176761956	0.00012556919446714	9.1025245753247e-05
boot774	0.0473399487726168	0.000126455380640905	0.000127080895252355	9.11623101008766e-05
boot775	0.0638876668324956	0.00012666304399439	0.000127820264747294	9.21869664085467e-05
boot776	0.0554493204483151	0.000126839746238824	0.000127704239371599	9.14425117543279e-05
boot777	0.0623453584574698	0.000123741720535246	0.000124834451643491	9.20298868438709e-05
boot778	0.0619436384986717	0.000128805097493171	0.000129885155648325	9.0720453826222e-05
boot779	0.044224205261595	0.000118931410221327	0.000119479764650801	8.97015674804975e-05
boot780	0.0450591192376692	0.0001275281117714	0.000128097141781615	9.3178477799452e-05
boot781	0.0639299686040595	0.000124340733369114	0.000125486523725785	8.98742043752169e-05
boot782	0.0484918847109209	0.000120895949042452	0.000121562444018647	9.02875228856353e-05
boot783	0.0698548240683905	0.000125110997457626	0.000126475348305988	9.26003309180098e-05
boot784	0.0615032329285211	0.000126254481165248	0.000127316032857349	9.03601458809358e-05
boot785	0.0624006088955319	0.000129078791779814	0.000130174622149639	9.16594760103434e-05
boot786	0.0393378742156057	0.000125798332139513	0.000126233728305534	9.12545544661843e-05
boot787	0.0492194618816106	0.000128514960676325	0.000129197696683607	9.3780893322012e-05
boot788	0.077131357326381	0.00012169647020991	0.000123371138644411	9.21650155492015e-05
boot789	0.054370125146213	0.000122386239489271	0.000123222354000337	8.96755069824076e-05
boot790	0.0332897324666274	0.000124453891938581	0.000124767222706306	9.0155263188242e-05
boot791	0.0501595198325054	0.000125900063337994	0.000126612338492007	8.94864077526212e-05
boot792	0.0360615855741563	0.000123922797859093	0.000124289928017289	9.14102083447826e-05
boot793	0.0798990161887066	0.000127635235687941	0.000129443417199561	9.24583117380614e-05
boot794	0.0471683119126942	0.000126309240739612	0.000126937505171985	9.05349688902147e-05
boot795	0.0479359208368064	0.000125039774574339	0.000125688608411176	9.13970964632487e-05
boot796	0.040337578826291	0.000124453988281492	0.000124916874373153	9.12562512669234e-05
boot797	0.0701228391254699	0.000124124634728581	0.000125517691398946	9.26536085086475e-05
boot798	0.0233810830167677	0.000124625340057218	0.000124779488035547	9.09058560647941e-05
boot799	0.0808709015590992	0.000125980218349947	0.000127826664083542	9.17031572412403e-05
boot800	0.0708026425869007	0.000130186492392071	0.000131597697253552	9.3015611665579e-05
boot801	0.0782972048395182	0.000125942475367147	0.000127676968374403	9.21715409708761e-05
boot802	0.0521682026324713	0.000124506469325207	0.000125270433488864	9.14758687329083e-05
boot803	0.0668420194950004	0.000126573863635394	0.000127828152332647	9.07326564337797e-05
boot804	0.038465285370795	0.000124556460353318	0.000124975717413036	9.08773056476383e-05
boot805	0.0606673027655001	0.000122409133332351	0.000123441857257117	9.09649166379011e-05
boot806	0.0344183951686023	0.000121801918949874	0.000122134907448767	8.88875957642005e-05
boot807	0.0562462904551441	0.000124790636724679	0.000125686108171732	9.10792499144998e-05
boot808	0.048764181951947	0.000124540839384608	0.00012520932701324	9.07415408903328e-05
boot809	0.0930401244176178	0.000127213059551681	0.000129650947892537	9.21915596170221e-05
boot810	0.0389231693359559	0.000127174319500732	0.000127602311065918	9.1360549933263e-05
boot811	0.0495600549270013	0.00012607762137616	0.000126773836494721	9.06631304886578e-05
boot812	0.0763510430657984	0.000126581447480729	0.000128220207203529	9.18588509101406e-05
boot813	0.0355719749359343	0.00012315345164354	0.0001235122872983	9.03762520242884e-05
boot814	0.0749230452400404	0.000126076059614554	0.000127658401012733	9.20031685223881e-05
boot815	0.0559707115013404	0.000122062023276569	0.000122942899152066	9.13767192066058e-05
boot816	0.0313497486294251	0.000124640170862516	0.000124917559463769	9.01067817086265e-05
boot817	0.0665318836489166	0.000125234541520439	0.000126489058128436	9.10908155768501e-05
boot818	0.0909250392692843	0.000129575354794555	0.000131893944369982	9.22260862043006e-05
boot819	0.0434933582769734	0.000124763925588226	0.000125294515391159	9.18553720496595e-05
boot820	0.0653860876984095	0.000124008810299476	0.000125217533615941	9.16363767594429e-05
boot821	0.0531383657845575	0.000121432908352021	0.000122221104273696	9.06505234154468e-05
boot822	0.0577796291190096	0.000125206654113564	0.000126141920433107	9.0359389310441e-05
boot823	0.0672205956707153	0.000126222796083419	0.000127495246922596	9.22747720312257e-05
boot824	0.0840982101482706	0.000125342298477682	0.000127325659595431	9.15538210322178e-05
boot825	0.0559409833935016	0.000124779012468103	0.000125660050626558	8.9916437708608e-05
boot826	0.0680338087402991	0.000125534510244169	0.000126834985378456	9.14814264110997e-05
boot827	0.0190874106575904	0.000123242066449636	0.000123344580617953	9.09571588318262e-05
boot828	0.0623743160984693	0.000119809129533754	0.000120893088161672	9.04171505748644e-05
boot829	0.0586510186089187	0.00012600671918036	0.000126973388423065	9.03006393197733e-05
boot830	0.0328409183932959	0.000122219250807208	0.000122522763875119	9.18066618452141e-05
boot831	0.0441491457552804	0.000124169960086314	0.000124719900219598	9.05782115463459e-05
boot832	0.0681822908141772	0.000124977809577707	0.000126283763636852	8.95471133292521e-05
boot833	0.0493070338680663	0.000124730977268961	0.000125414494816546	8.97604848515091e-05
boot834	0.0709906367100887	0.000126637654351608	0.0001280517623188	9.24616308339172e-05
boot835	0.0386250482543944	0.000124943190191732	0.000125364719434568	9.10019332377964e-05
boot836	0.0362663016347771	0.000123585555649405	0.000123954501519529	8.99349266436883e-05
boot837	0.053484023026043	0.000125822688490097	0.00012662576569058	9.08988970967997e-05
boot838	0.0537335508245506	0.00012381112029639	0.000124622654610414	9.08818523924644e-05
boot839	0.0756854579417304	0.000126094434884071	0.000127712017949825	9.04327430496544e-05
boot840	0.0642016431344332	0.000125379775550815	0.000126543491884876	9.12082016290725e-05
boot841	0.0713175330606062	0.0001261720372642	0.00012760460433533	8.97717551996426e-05
boot842	0.0521532564081799	0.000122666284620726	0.000123430795130852	9.102209610095e-05
boot843	0.0449175588296434	0.000122610963890123	0.000123177467114949	9.14626769858137e-05
boot844	0.0608830974968065	0.00012615521208129	0.000127194795400045	9.13381122301304e-05
boot845	0.0526906993466991	0.000123619328247771	0.00012440913001935	9.14617802312151e-05
boot846	0.0419962528456585	0.000124888795752816	0.000125387529044496	9.00250492743631e-05
boot847	0.0756025015255133	0.000125782010317112	0.000127396794606644	9.17630537923991e-05
boot848	0.0486111957105671	0.00012410299799041	0.00012476420033029	9.07497034422798e-05
boot849	0.0463236879952293	0.000122951049716885	0.000123555919211929	9.08718345345749e-05
boot850	0.0438114275070236	0.00012180198610869	0.000122341566312729	8.91243084104873e-05
boot851	0.0521124276377047	0.000128093731547989	0.00012886242310709	9.14612756231923e-05
boot852	0.0740859072108366	0.000124491785798718	0.000126049387590032	9.11442508407652e-05
boot853	0.0871846394114521	0.000127884723281136	0.000130031956436789	9.16563896197012e-05
boot854	0.0438157057236629	0.000123020252269379	0.000123561177502686	9.06305088719511e-05
boot855	0.0548025560082408	0.00012363312280865	0.000124478658135289	9.06724271464309e-05
boot856	0.0616384890965538	0.00012956741494517	0.000130631673259155	9.16853645850181e-05
boot857	0.0695776182681418	0.000127856833000779	0.000129222432979382	9.10404382926657e-05
boot858	0.030779517249071	0.000122335167434942	0.000122600838517801	9.0116680196329e-05
boot859	0.0435966966733472	0.000124296213574169	0.000124826333233164	9.03622362426698e-05
boot860	0.0531394845472714	0.000126733829257063	0.000127529094104716	9.18157785703704e-05
boot861	0.0294434226573521	0.000120293824767575	0.000120540037680827	8.98810757607119e-05
boot862	0.0819073441270956	0.000127167163160183	0.00012905967326009	9.1306957235542e-05
boot863	0.0307811550929365	0.000126814921265142	0.0001270841232754	9.1459742129429e-05
boot864	0.0368767939545293	0.00012206743185258	0.0001224517134332	8.87559441441567e-05
boot865	0.0436955879917646	0.000123993827359816	0.000124532229379865	9.10887704851281e-05
boot866	0.0254287716704375	0.000122300415050484	0.000122481850200499	8.91824141347364e-05
boot867	0.0715650692887183	0.000125664056407183	0.000127104743857008	9.25968347928456e-05
boot868	0.049724424367852	0.000124921847173533	0.000125609668790839	9.04618593704257e-05
boot869	0.0885502726870762	0.000129854790013168	0.000132067630612964	9.04677941724852e-05
boot870	0.0857566995668511	0.000127610006753525	0.000129664627693825	9.15538987411007e-05
boot871	0.0609427331500891	0.00012624744231448	0.000127298155927383	9.18839581852229e-05
boot872	0.068527197536689	0.000125834936550054	0.000127156413642812	9.04918838356163e-05
boot873	0.0956195202659225	0.000127897894156132	0.000130486483506258	9.34551822922712e-05
boot874	0.0899505595752251	0.000128734172664996	0.000131020328956123	9.2314478700949e-05
boot875	0.0396522035604861	0.000121039688839959	0.000121480019215243	9.05999070737948e-05
boot876	0.0281962373835466	0.000124127985257109	0.000124350933544798	8.8547922903441e-05
boot877	0.0548452927138271	0.000124043101061194	0.000124883683014453	8.94487980544235e-05
boot878	0.0687877909116762	0.000127826000173288	0.00012916136391555	9.12449798032014e-05
boot879	0.0531046365984207	0.000124857090621112	0.000125652722676963	8.95001118299258e-05
boot880	0.0811841090784526	0.000120930778524622	0.000122792132635255	9.1762742932855e-05
boot881	0.0654847051732382	0.000126467812944364	0.000127669625927228	9.02433633111306e-05
boot882	0.0357940498920519	0.000119339655371553	0.000119699304782629	9.00825194122262e-05
boot883	0.0595301860171178	0.000121833380344511	0.000122824601104588	8.98443142413981e-05
boot884	0.0600132512623053	0.000122330550165348	0.000123339248482081	9.13278233298571e-05
boot885	0.0671841144882135	0.000127499686576557	0.00012877266800504	9.27020626030111e-05
boot886	0.0626392579847188	0.000126601847821038	0.00012770547157333	9.02095379985866e-05
boot887	0.0329025548507369	0.000123307089506469	0.000123613975180804	9.13521945850761e-05
boot888	0.0307678123105358	0.000125520418972913	0.000125789112567807	9.07645885062658e-05
boot889	0.0781521530888915	0.000127544906356205	0.000129251185602328	9.25359284806254e-05
boot890	0.0565920514017259	0.000123069061838946	0.000123967663252224	8.95592157552419e-05
boot891	0.035993391877911	0.00012083719961975	0.000121199704675272	9.01192678546671e-05
boot892	0.0841328080617493	0.000125678068513569	0.000127665018672493	9.25403945760206e-05
boot893	0.0721218459424611	0.000127551915845732	0.000129010223389142	9.34115862126963e-05
boot894	0.0428208082207762	0.00012254305502424	0.000123056175614024	9.10230125896781e-05
boot895	0.0557449262424479	0.000123959548582851	0.000124835217750806	9.30271826451857e-05
boot896	0.0573567397741396	0.00012720430184485	0.000128135211761186	9.11456897840513e-05
boot897	0.0397202219857425	0.000126653413065145	0.00012709975757881	8.96033513496207e-05
boot898	0.0366283679349924	0.000122021042147286	0.00012240041126592	8.90112981351065e-05
boot899	0.0511865254424094	0.000128654382743679	0.000129397651392392	9.09688169524993e-05
boot900	0.078789165255852	0.000126346762285602	0.000128093644411294	9.18933722093036e-05
boot901	0.0433811810073367	0.000122984279002535	0.000123515892510987	9.04620155487391e-05
boot902	0.0612154128763308	0.000122960542017295	0.000124020678720187	9.15726945204152e-05
boot903	0.0466583314389729	0.000125799680817681	0.000126409358593467	8.99261498371201e-05
boot904	0.0711786968748409	0.000121195925930638	0.000122615564524371	9.13221063889214e-05
boot905	0.0545859521581561	0.000125448325927217	0.000126287366076723	9.04087729920881e-05
boot906	0.0420524187647833	0.000129570764809201	0.000130071448967799	9.20518338755334e-05
boot907	0.0544691170951086	0.000128307745800824	0.000129149346465333	9.21759226033507e-05
boot908	0.071495339863101	0.000125373483063637	0.000126808234077341	9.18377302043672e-05
boot909	0.0734440269248233	0.000129263256686298	0.000130795175128569	9.25215541845977e-05
boot910	0.042880766157908	0.000124060422937094	0.000124578591504766	9.0075049720153e-05
boot911	0.0367981971080656	0.000121116162015392	0.000121495348275114	8.92784631950989e-05
boot912	0.0773726063287842	0.000127442287115177	0.000129125575613284	9.13895818229633e-05
boot913	0.0534085288516873	0.000122280705673099	0.000123081841873916	9.26806171044693e-05
boot914	0.0764733197700804	0.000122269384345486	0.000123913524390542	9.06066546602508e-05
boot915	0.0598102145025449	0.00012543519294778	0.000126440462014206	9.03700551486586e-05
boot916	0.0461943443005067	0.000122441570527327	0.000123039586218505	9.01042415897289e-05
boot917	0.0701521631273235	0.000129089668033183	0.000130475572130899	9.15320701265684e-05
boot918	0.0483915464184322	0.00012159522609065	0.000122253205546896	9.11648665390247e-05
boot919	0.0468522519764086	0.000121722655069814	0.000122336449026776	9.01927944794581e-05
boot920	0.0464117503973385	0.000128461546831929	0.000129068586757494	8.98070418374574e-05
boot921	0.0744497294762283	0.00012673503996093	0.000128295340899788	9.27326448381017e-05
boot922	0.0524893505493743	0.000123445680904429	0.000124227119262141	9.03445691546005e-05
boot923	0.0536456087561469	0.000124475108504635	0.000125290491442528	8.94680248282475e-05
boot924	0.0910904975187985	0.000125787654969028	0.000128136069767651	9.21967336514427e-05
boot925	0.0774772374747711	0.000126565458758642	0.000128266793723273	9.18095882570055e-05
boot926	0.0441201049883638	0.00012568889194582	0.000126235517569745	9.04174136234405e-05
boot927	0.0600319892285459	0.000125279869666434	0.000126290843942099	9.13314144788047e-05
boot928	0.0384158116976793	0.000122099310914441	0.000122513730689557	9.08926505918265e-05
boot929	0.0415576630136977	0.000123620748201062	0.000124108370281116	9.12215808123987e-05
boot930	0.0442322502839959	0.000122063297194982	0.000122614504365024	9.05035464017786e-05
boot931	0.0593883187293682	0.000124274503049128	0.000125261380373604	9.01192749014402e-05
boot932	0.0204646474764486	0.00012449128044236	0.000124609653469141	8.96933767115464e-05
boot933	0.0460607991789175	0.000123496876420722	0.000124096360167538	9.00924558409606e-05
boot934	0.0601561264789275	0.000124801995876067	0.000125812882605086	9.04381327140699e-05
boot935	0.0363040807812793	0.000126348054237449	0.00012671991486633	9.06974204951778e-05
boot936	0.0386541376813766	0.000123715805459416	0.000124138959711077	9.00079214870659e-05
boot937	0.0623040863499148	0.000122845457884544	0.000123939594052261	9.10034716624212e-05
boot938	0.0756534583005824	0.000125095208597095	0.000126701800124743	9.15283066996257e-05
boot939	0.0622345260619443	0.000122201002909514	0.000123282925332745	9.08425815155188e-05
boot940	0.0411163446870709	0.000126175950671293	0.000126647851301164	8.93361856187083e-05
boot941	0.0628165048525114	0.000124298999841496	0.000125401496104287	9.14190837922322e-05
boot942	0.0600146406176151	0.000125275230325922	0.000126286267838153	9.17644784040347e-05
boot943	0.0475090793080135	0.000122962426626332	0.000123594877554505	8.98860881980111e-05
boot944	0.0685866288697155	0.000126072310671657	0.000127397118306794	9.08799128607985e-05
boot945	0.138185920554799	0.000129558942942553	0.000134923966401531	9.3190242102341e-05
boot946	0.0261577756897913	0.000122512151034489	0.000122702968619919	8.95121702431885e-05
boot947	0.0631154192596026	0.000127831708143872	0.000128957085732497	9.25155648609282e-05
boot948	0.0724286311746073	0.000121496374136029	0.000122967608552427	8.9723872973527e-05
boot949	0.0431832654224123	0.000125474522054922	0.00012600122826564	8.95323685029025e-05
boot950	0.0449705527679132	0.000122977198559658	0.000123546047671212	9.04288899574123e-05
boot951	0.0807850537655886	0.000128829196326541	0.000130660326550495	9.20181862193978e-05
boot952	0.0416685377432157	0.000126161011330075	0.000126648913677829	9.07264479070161e-05
boot953	0.0674105207761642	0.00012632618335367	0.000127598968770581	9.19094035365338e-05
boot954	0.0705325890607168	0.000127880152583994	0.000129278303812032	9.07716960278411e-05
boot955	0.0610710348342255	0.00012660671933538	0.00012765502546352	9.13429092605753e-05
boot956	0.0513801904881044	0.000119404451544654	0.000120145606902451	9.03382812743018e-05
boot957	0.0392280645687333	0.000122539702706403	0.000122975720297662	9.03678107960149e-05
boot958	0.0504162931228145	0.000125611197852322	0.000126331295197712	9.05481497658275e-05
boot959	0.0643945252126006	0.000125241891115489	0.000126412381377356	9.18399573460161e-05
boot960	0.0346775861889548	0.000123244448612013	0.000123582150937149	9.02567145331654e-05
boot961	0.034379248612416	0.000124102445990069	0.000124434965297502	9.08478272061447e-05
boot962	0.0450627069030558	0.00012828177495841	0.00012885547913469	9.22877253732819e-05
boot963	0.0505033125018127	0.000123023103047948	0.000123741154194731	9.12188833740901e-05
boot964	0.0472995696318187	0.000123371562929345	0.000124007797103692	9.01541382821158e-05
boot965	0.0524127889603389	0.000128770071631064	0.00012954395717234	9.19623277780605e-05
boot966	0.0405463083611179	0.000123456695378937	0.000123921393441142	9.05605351212213e-05
boot967	0.0781586492781136	0.000121377619200248	0.000123089149496298	9.1682808955762e-05
boot968	0.0572548202413402	0.000127558295720056	0.000128481468140571	9.20993373884868e-05
boot969	0.0632190673972148	0.000127459049775673	0.000128592305765288	9.25277754985488e-05
boot970	0.0676480093765176	0.000125145020062199	0.000126436743578455	9.24079941105734e-05
boot971	0.0515637332221568	0.000124372248703433	0.000125126312316339	9.06562857091696e-05
boot972	0.0506004955714466	0.000124184582172637	0.000124910393047633	8.99673157236095e-05
boot973	0.0712951538547395	0.000123605920991483	0.000125047561107848	9.23291516229358e-05
boot974	0.0352389627462115	0.000121156038780149	0.000121503234790889	9.03121987072592e-05
boot975	0.0556434195431543	0.000125479699308046	0.000126348718129357	9.02993770208625e-05
boot976	0.05369434439176	0.000121357149350633	0.000122167667618139	9.01761549366597e-05
boot977	0.0858480655206527	0.000123955438186567	0.000126027573751021	9.18194153836667e-05
boot978	0.0731854273940888	0.000128352109200576	0.000129856430345588	9.21293259298354e-05
boot979	0.0775690886822094	0.000130287579496052	0.000131976412128005	9.13050185194874e-05
boot980	0.0602181308277295	0.00012731887547754	0.000128342985504472	9.16736400138759e-05
boot981	0.0663461111337562	0.000124416998535772	0.000125647556096829	9.12478299002009e-05
boot982	0.0140559746620699	0.000127658831281618	0.000127714965485408	9.14629068364396e-05
boot983	0.0328569350481023	0.000119779845373557	0.000120085472103908	8.96274377321791e-05
boot984	0.0527108366868253	0.000125128116050119	0.000125913904476359	8.95941943033432e-05
boot985	0.0375193217584869	0.000122385722970753	0.000122781932588378	9.01962072145507e-05
boot986	0.0576587920557829	0.000125539802055751	0.000126480939012665	9.25757473305199e-05
boot987	0.0246634632205287	0.000122231457160114	0.000122402725152834	9.09574487751667e-05
boot988	0.0560658323276403	0.000121442040599994	0.000122334057547889	9.05267673806988e-05
boot989	0.0456908390648004	0.000124227649665385	0.000124819402271184	9.09160153587885e-05
boot990	0.0657695335347356	0.000127395637400808	0.00012860986083395	9.07062548644106e-05
boot991	0.0451865558007963	0.000122279132206593	0.000122854042384841	9.11366050195935e-05
boot992	0.0311597279419963	0.000125885284969168	0.00012616135035414	9.01029361631686e-05
boot993	0.0335753815944592	0.000119876350311739	0.000120192350205167	8.97703266673397e-05
boot994	0.048541125810373	0.000121558550451476	0.000122223422666185	8.99577400513048e-05
boot995	0.0361856732860423	0.000123534018411662	0.000123900957763152	9.16276797514458e-05
boot996	0.0414333463361883	0.000123121664569793	0.000123601381929541	9.07026591982722e-05
boot997	0.056718695441072	0.000124106684731148	0.000125013205478173	9.01007294069187e-05
boot998	0.0319328298958423	0.000124244746651823	0.00012453141231866	9.11765807250811e-05
boot999	0.0639119011083295	0.000126574883555075	0.000127728766887473	9.11345202146445e-05
boot1000	0.0713951414261361	0.000127565277762808	0.000129008869092535	9.15365485454539e-05
