V1	V2	V3	V4
boot1	0.0544245949314499	9.29354175636097e-05	9.35507138937827e-05	9.16484080991425e-05
boot2	0.067946505608283	9.64800389276979e-05	9.74758818147506e-05	9.59270437845726e-05
boot3	0.070926517571885	9.54216342651956e-05	9.64931083642105e-05	9.6053373902072e-05
boot4	0.0645370170515864	9.56782291092862e-05	9.65772203827412e-05	9.73337623504863e-05
boot5	0.0570184983677911	9.81840815963625e-05	9.88916135128191e-05	9.67249232826704e-05
boot6	0.0875881221961119	9.45651456265699e-05	9.62040431163885e-05	9.49831863557099e-05
boot7	0.0700084602368866	9.45615421242849e-05	9.55981716726647e-05	9.32896671832803e-05
boot8	0.0697431614115682	9.13341850082038e-05	9.23498685671264e-05	9.26912946980346e-05
boot9	0.0379332897318509	9.89231616115828e-05	9.92368599917616e-05	9.79395230191695e-05
boot10	0.0783390410958904	9.22377809178929e-05	9.35513522705949e-05	9.41239240948078e-05
boot11	0.0620352666241768	9.46876692536468e-05	9.55052546169637e-05	9.48116725131515e-05
boot12	0.0442105263157895	9.4790727511299e-05	9.5202216066482e-05	9.29942487243038e-05
boot13	0.0564655172413793	9.5366659598077e-05	9.60538049940547e-05	9.61234364749477e-05
boot14	0.0633877464490142	9.38444364789617e-05	9.46962504284814e-05	9.2791629081213e-05
boot15	0.0621750433275563	9.48567375929342e-05	9.56942020671074e-05	9.71971116703296e-05
boot16	0.0506463233735961	9.82935633464763e-05	9.88371213187719e-05	9.48055086075021e-05
boot17	0.0673917679675837	9.39068723036165e-05	9.48754477759553e-05	9.40563838235115e-05
boot18	0.0480708412397217	9.28625221343243e-05	9.33497255451391e-05	9.44192787392408e-05
boot19	0.0648508430609598	9.43250674481344e-05	9.52341966841303e-05	9.5085321721018e-05
boot20	0.0774482611478558	9.50878199620242e-05	9.63675795427424e-05	9.55161061142338e-05
boot21	0.0814053127677806	9.46785118477095e-05	9.60981401567969e-05	9.43476126120636e-05
boot22	0.0690542569161484	9.40859584400795e-05	9.51085813005216e-05	9.65608509439444e-05
boot23	0.0662013536379019	9.35975876296295e-05	9.45245375499956e-05	9.34345442074475e-05
boot24	0.0457474226804124	9.36075443691376e-05	9.40570346358687e-05	9.51236588203562e-05
boot25	0.0647096635954575	9.56093978346876e-05	9.65066210107402e-05	9.64160762746279e-05
boot26	0.0764276513525118	9.39666838235297e-05	9.52206953931435e-05	9.60826007697209e-05
boot27	0.067132570944515	9.55147261438025e-05	9.64691484397831e-05	9.43079763578746e-05
boot28	0.0826375508456433	9.64377424089129e-05	9.78997344469703e-05	9.63219377562165e-05
boot29	0.0596438532503755	9.21254907576601e-05	9.28887152224857e-05	9.45179492076453e-05
boot30	0.0767411865864144	9.75737372912514e-05	9.88396895093707e-05	9.68473163886512e-05
boot31	0.0811569177638679	9.76247547272074e-05	9.90463919603028e-05	9.68282412791434e-05
boot32	0.0783261802575107	9.58026001678981e-05	9.71191217373685e-05	9.59464021711177e-05
boot33	0.069608053116299	9.28632178756812e-05	9.39009735104299e-05	9.44925605403482e-05
boot34	0.0730918499353169	9.6425903962259e-05	9.75777837653998e-05	9.66485800763424e-05
boot35	0.0553164012053379	9.71393555179006e-05	9.77979659876186e-05	9.65603279360207e-05
boot36	0.0617858654253068	9.68861053929617e-05	9.76938694992576e-05	9.51301203563888e-05
boot37	0.0686759956942949	9.53415820279e-05	9.63569517554786e-05	9.49313870661685e-05
boot38	0.0591293047433398	9.4614022834647e-05	9.53712839737916e-05	9.50409316087121e-05
boot39	0.0633268271524615	9.75249170299193e-05	9.83946387903179e-05	9.78474517698307e-05
boot40	0.075512405609493	9.65204552871683e-05	9.77506868731301e-05	9.58257209144854e-05
boot41	0.060933448573898	9.86450129712008e-05	9.94472785621922e-05	9.61661248809739e-05
boot42	0.062341504649197	9.3543485163535e-05	9.43648002949648e-05	9.42786436062567e-05
boot43	0.0599186817890006	9.38420768368611e-05	9.46103730977923e-05	9.55152183395885e-05
boot44	0.0585585585585586	9.31715643531707e-05	9.39071080641222e-05	9.59710696336456e-05
boot45	0.0831036675853297	9.50748269953685e-05	9.65389396869379e-05	9.47900918350521e-05
boot46	0.0654622741764081	9.47660139315769e-05	9.5676812941215e-05	9.44147479869971e-05
boot47	0.0676133955065706	9.75506631154109e-05	9.85196269246368e-05	9.50782680820176e-05
boot48	0.0796479647964796	9.65854200565509e-05	9.79811952592399e-05	9.87702996948982e-05
boot49	0.0655426765015806	9.27654411935145e-05	9.36707820666422e-05	9.26690859144337e-05
boot50	0.0839678050902763	9.63254320525007e-05	9.78591697709428e-05	9.68323202423281e-05
boot51	0.0575086805555556	9.65335139358322e-05	9.72512327594522e-05	9.70303419522624e-05
boot52	0.0608209757145927	9.495375647974e-05	9.57487685336568e-05	9.64802701539191e-05
boot53	0.0722761596548004	9.84390139988592e-05	9.95660567722025e-05	9.7356691399004e-05
boot54	0.0763682647433178	9.47046505463557e-05	9.59418401644944e-05	9.61731640751945e-05
boot55	0.0714748434463399	9.90080148526005e-05	0.000100111157423466	9.72937292233123e-05
boot56	0.0507323285926555	9.49319836841732e-05	9.54783154957701e-05	9.38322040989369e-05
boot57	0.0742245989304813	9.78807087041035e-05	9.90591666904973e-05	9.56727332061721e-05
boot58	0.0594080338266385	9.45030077680906e-05	9.52491630499399e-05	9.46332997986644e-05
boot59	0.0618303571428571	9.81481680022037e-05	9.90015146683673e-05	0.000101535352256486
boot60	0.0613742494996664	0.000100235365920971	0.000101072990671171	9.93816871362293e-05
boot61	0.0780291816451681	9.57905910800101e-05	9.70780838243989e-05	9.46749550392976e-05
boot62	0.0660337552742616	9.23254568622886e-05	9.32453844647403e-05	9.26275515129034e-05
boot63	0.0715985290936621	9.80389406628604e-05	9.91478200417001e-05	9.69018334968739e-05
boot64	0.0486066104990279	9.42737239548543e-05	9.47841155262961e-05	9.63265415392632e-05
boot65	0.0686741767764298	9.55172821176715e-05	9.65389767788327e-05	9.51975024354889e-05
boot66	0.049078439777111	9.24950443271506e-05	9.30112666269696e-05	9.49373868142026e-05
boot67	0.0878079595704359	9.2687624181772e-05	9.43111739320191e-05	9.30543138107376e-05
boot68	0.0791242141773249	9.34276900198154e-05	9.47848635011028e-05	9.5473520168459e-05
boot69	0.0643312101910828	9.66236017378258e-05	9.75022651358405e-05	9.50797175356872e-05
boot70	0.0712317150731397	9.50138286518955e-05	9.60895032824363e-05	9.44983821687341e-05
boot71	0.0643250105797715	9.60124423478008e-05	9.68879622348274e-05	9.55103371494325e-05
boot72	0.0737810094097519	9.54744039853341e-05	9.66385693723149e-05	9.49138831704037e-05
boot73	0.0645161290322581	9.54930405613703e-05	9.64064333428729e-05	9.73922753458801e-05
boot74	0.067741935483871	9.84003371637221e-05	9.93872123944965e-05	9.75767426652593e-05
boot75	0.0607567567567568	9.77029587191282e-05	9.85010956902849e-05	9.70830154976013e-05
boot76	0.068631669535284	9.43860191851549e-05	9.53994241040879e-05	9.50881457405587e-05
boot77	0.0713221205024484	9.53279529177177e-05	9.64109516132607e-05	9.48785024276645e-05
boot78	0.083969465648855	9.764293530895e-05	9.91807479940872e-05	9.74058491528983e-05
boot79	0.0596194503171247	9.35590520232322e-05	9.43105274684998e-05	9.35970774896543e-05
boot80	0.0676771989752348	9.87949204372559e-05	9.97727605869428e-05	9.69783324474843e-05
boot81	0.0722175021240442	9.2732757402656e-05	9.38405245252211e-05	9.25087507914356e-05
boot82	0.072314483918436	9.73582149887102e-05	9.84575180335683e-05	9.40658796594609e-05
boot83	0.0680805938494168	9.41534319127415e-05	9.51364578425165e-05	9.36450185835855e-05
boot84	0.055175457956301	9.99615213838412e-05	0.000100633410847687	9.93438560872851e-05
boot85	0.0750160290660398	9.51292866896755e-05	9.63319805594846e-05	9.48927718312106e-05
boot86	0.0635899617184177	9.22703282116117e-05	9.31303203918222e-05	9.33006142539296e-05
boot87	0.082052392292704	9.80495128825634e-05	9.95071000401637e-05	9.62253294798616e-05
boot88	0.0689655172413793	9.71750045783722e-05	9.82065037257092e-05	9.77953280341904e-05
boot89	0.0684789375389085	9.15223625051371e-05	9.24954616722792e-05	9.10909284005645e-05
boot90	0.0511909736732135	9.51051083948387e-05	9.56526461686815e-05	9.37569020978963e-05
boot91	0.0605137135393992	9.57684384581831e-05	9.6565545451289e-05	9.82154962807121e-05
boot92	0.0698164944104619	9.37795588470824e-05	9.48076843252022e-05	9.40799233956321e-05
boot93	0.0671673819742489	9.50458016099974e-05	9.60139254729319e-05	9.63519174957549e-05
boot94	0.058389407423486	9.84380442292322e-05	9.91780752470889e-05	9.64084277819497e-05
boot95	0.0646691097219228	9.38926174513579e-05	9.47941250504581e-05	9.571402340458e-05
boot96	0.0651041666666667	9.63785030223705e-05	9.72983277874228e-05	9.82304782043269e-05
boot97	0.083493077742279	9.40556349922493e-05	9.55404260531393e-05	9.54977754144551e-05
boot98	0.0682543057622794	9.3818191511361e-05	9.48087614146335e-05	9.55458270977481e-05
boot99	0.0839085418464193	9.59571925578929e-05	9.74758818147506e-05	9.58766620129122e-05
boot100	0.0502901353965184	9.73760869052042e-05	9.79196282157995e-05	9.61223365470551e-05
boot101	0.0751770095793419	9.64413645649632e-05	9.76182872574439e-05	9.40802763565169e-05
boot102	0.0714439887761709	0.000100134320125257	0.000101236034680027	9.43702214931978e-05
boot103	0.0884861407249467	9.45748678901781e-05	9.6244334222885e-05	9.53444169871207e-05
boot104	0.0743374272786037	9.58895491176576e-05	9.70802522192309e-05	9.60054932381972e-05
boot105	0.0822454308093995	9.61459290646863e-05	9.76177112424548e-05	9.59980957326454e-05
boot106	0.0729770336982185	9.47738494928084e-05	9.59169375905527e-05	9.49763422096389e-05
boot107	0.0617469879518072	9.35608033833992e-05	9.43810896400947e-05	9.52772012626254e-05
boot108	0.0677025527192009	9.68883123534287e-05	9.790576754648e-05	9.88219420613517e-05
boot109	0.058848167539267	9.29125260786257e-05	9.36377840519723e-05	9.3287421652898e-05
boot110	0.0790777849601379	9.43400194708179e-05	9.56874222017383e-05	9.6164673811625e-05
boot111	0.0576356752208666	9.45203120578965e-05	9.52190649098454e-05	9.34419713707687e-05
boot112	0.0689580631214873	9.72436652373241e-05	9.82715974615928e-05	9.7199178513376e-05
boot113	0.051064754454585	9.65606181987638e-05	9.71272433937893e-05	9.63087893388869e-05
boot114	0.0785050862450243	9.80576699173893e-05	9.94205731828335e-05	9.75436328770156e-05
boot115	0.0810696095076401	9.21063174851083e-05	9.35011140864923e-05	9.44598192968677e-05
boot116	0.062905317769131	9.67619883652215e-05	9.76173880633701e-05	9.64890475657036e-05
boot117	0.0451891891891892	9.74050762639923e-05	9.78466033601169e-05	9.62413029830415e-05
boot118	0.0631004366812227	9.63351182185278e-05	9.72044774127114e-05	9.62803259291852e-05
boot119	0.0687432867883996	9.24823404942175e-05	9.349751546274e-05	9.52242051528529e-05
boot120	0.0681625740897544	9.38355949129949e-05	9.48191123783931e-05	9.32999172934396e-05
boot121	0.0601293103448276	9.53210427696656e-05	9.61002526753865e-05	9.47314375044846e-05
boot122	0.0562111134949582	9.32234776947783e-05	9.39013771327408e-05	9.71868449437364e-05
boot123	0.0682782018659881	9.2264113927177e-05	9.3252645065865e-05	9.35670216887489e-05
boot124	0.0602460755197285	9.42718632891958e-05	9.50418229021633e-05	9.49139036052261e-05
boot125	0.0727699530516432	9.15443521985372e-05	9.26744132457285e-05	9.47757858693818e-05
boot126	0.059657287920457	9.68101249664484e-05	9.75630320961341e-05	9.33860657301441e-05
boot127	0.0553640672124084	9.71206379683397e-05	9.77809524746517e-05	9.59694639191822e-05
boot128	0.0682210708117444	9.45421606034674e-05	9.55469348916153e-05	9.63326543783193e-05
boot129	0.0908498152575527	9.59896775141557e-05	9.77835677407003e-05	9.60546881189638e-05
boot130	0.0925570484111751	9.15020589468321e-05	9.33290598448036e-05	9.37493876119716e-05
boot131	0.0562539953121671	9.58556609688525e-05	9.65299656755606e-05	9.5508040329045e-05
boot132	0.0976082740788623	9.52130917034304e-05	9.72659628882299e-05	9.63370193947706e-05
boot133	0.0576393303666031	9.53040468363245e-05	9.60080715036503e-05	9.47396585494099e-05
boot134	0.073008374490015	9.56847444678487e-05	9.68293059335293e-05	9.55500901777687e-05
boot135	0.0714590443686007	9.30531560199685e-05	9.41424041048818e-05	9.50307588339338e-05
boot136	0.0754112369151891	9.57650018804485e-05	9.69798821737787e-05	9.57020978554377e-05
boot137	0.0680416755262598	9.83003037828062e-05	9.92847115243373e-05	9.64152783180563e-05
boot138	0.0568402852820402	9.62230179925033e-05	9.6921271295063e-05	9.58348291724158e-05
boot139	0.0703310971651158	9.66646574896214e-05	9.77350888309867e-05	9.74491101136188e-05
boot140	0.0649904112507991	9.36775607907678e-05	9.45775722023484e-05	9.43794777798586e-05
boot141	0.0629194630872483	9.45342130331362e-05	9.53645106076303e-05	9.40995614784172e-05
boot142	0.0584595690206955	9.37720768855933e-05	9.4501225852968e-05	9.52558012148841e-05
boot143	0.0629237288135593	9.26597804394558e-05	9.34986354495834e-05	9.33249379044352e-05
boot144	0.0749005744586832	9.83959280224157e-05	9.9635454326932e-05	9.80243753720039e-05
boot145	0.0315186246418338	9.9419750815593e-05	9.96387112959353e-05	9.90554127401798e-05
boot146	0.0713842333954066	9.17194374662276e-05	9.27737947551682e-05	9.24785747142648e-05
boot147	0.0793036750483559	9.6706576947676e-05	9.80581937274257e-05	9.62887461922231e-05
boot148	0.0834805653710247	9.8349782463189e-05	9.98888736280888e-05	9.75364179586848e-05
boot149	0.0871981192562513	9.26515036144796e-05	9.42765328946308e-05	9.42758300272951e-05
boot150	0.049618320610687	9.43492544903846e-05	9.48713023572686e-05	9.47762285511365e-05
boot151	0.0716107097322567	9.67590085745729e-05	9.78487012537819e-05	9.40123486026583e-05
boot152	0.0651479667873111	9.5733977307259e-05	9.66375876067099e-05	9.66899112327044e-05
boot153	0.0722006052745352	0.000100462497905983	0.000101589373695436	9.74799681286313e-05
boot154	0.0733029711559315	9.38428800237434e-05	9.50082076273624e-05	9.59614701695407e-05
boot155	0.0772737139136097	9.82117631344284e-05	9.95078835733262e-05	9.75280313765778e-05
boot156	0.0779389478242044	9.73951862272465e-05	9.87102933040908e-05	9.61903411372617e-05
boot157	0.0498409331919406	9.48794940764575e-05	9.54063485030627e-05	9.51341395876381e-05
boot158	0.0499357051007287	9.51408792606064e-05	9.56752930291248e-05	9.48360343457345e-05
boot159	0.0888178913738019	9.55387447638028e-05	9.7218961553598e-05	9.50164242099485e-05
boot160	0.0575697648868381	9.75741431866928e-05	9.83023958408623e-05	9.68724769953072e-05
boot161	0.066978524346162	9.21368346248541e-05	9.30907199583836e-05	9.4849416300756e-05
boot162	0.0575711492504888	9.55154328857315e-05	9.62354931129794e-05	9.77222367622533e-05
boot163	0.0907519446845289	9.77610721346904e-05	9.95406562885417e-05	9.77910748743364e-05
boot164	0.0692835692835693	9.83987023943141e-05	9.94283491065988e-05	9.67430406660039e-05
boot165	0.0617128463476071	9.13766391290139e-05	9.21760672155637e-05	9.27452375201391e-05
boot166	0.0637934713036057	9.65007621815299e-05	9.73690376201824e-05	9.5835907611353e-05
boot167	0.0777167947310648	9.43939606138514e-05	9.57199540679173e-05	9.77826528768134e-05
boot168	0.0587606837606838	9.63748635750334e-05	9.71126451895683e-05	9.52432699878185e-05
boot169	0.059546925566343	9.50306599006289e-05	9.57956731356675e-05	9.57839231686832e-05
boot170	0.0655422715627669	9.27480345645947e-05	9.36651544112231e-05	9.45835781874364e-05
boot171	0.0636942675159236	9.98414053193604e-05	0.000100702755577193	9.62936184540503e-05
boot172	0.0680695726862787	9.61571235987105e-05	9.7152070286641e-05	9.63729863069697e-05
boot173	0.0668547861949208	9.65588659499224e-05	9.75290336159021e-05	9.73979038953212e-05
boot174	0.0723797250859107	9.55150816301606e-05	9.66402587357258e-05	9.5575596222706e-05
boot175	0.0697167755991285	9.63395195489047e-05	9.73984364987825e-05	9.71691975247113e-05
boot176	0.0659480025364616	9.4781074400892e-05	9.57003597609743e-05	9.44171717251708e-05
boot177	0.0709250160222175	9.21173288938586e-05	9.319196207005e-05	9.43075238105617e-05
boot178	0.0655142979086641	9.67678949301695e-05	9.76838409887408e-05	9.48531051708279e-05
boot179	0.0601404741000878	9.79673453070104e-05	9.8761216383609e-05	9.7420699785461e-05
boot180	0.0915188230203375	9.54125640462401e-05	9.72247005600929e-05	9.66987800160343e-05
boot181	0.0737327188940092	9.31963933141774e-05	9.43351687300766e-05	9.27216707242527e-05
boot182	0.0733390854184642	9.72927812087401e-05	9.84529670262588e-05	9.55859632049154e-05
boot183	0.072762395363812	9.7130113996574e-05	9.82664879349899e-05	9.65840422222674e-05
boot184	0.0862068965517241	9.12775210072299e-05	9.28401006987942e-05	9.45501633730257e-05
boot185	0.0598840952994205	9.37190639617842e-05	9.44887795380517e-05	9.45291534887705e-05
boot186	0.0785079158533941	9.63054052220495e-05	9.76420985318833e-05	9.50198156138905e-05
boot187	0.0759897828863346	9.40533940744501e-05	9.52825228746017e-05	9.36996490910484e-05
boot188	0.0561892691170258	9.1163977440782e-05	9.18309047673358e-05	9.44540869000159e-05
boot189	0.082632464255677	9.1979138809369e-05	9.34148251316915e-05	9.35467752728084e-05
boot190	0.0576041893955924	9.50677512150042e-05	9.57917840834143e-05	9.71276130905755e-05
boot191	0.0559531554977228	9.6586852993828e-05	9.7265828402666e-05	9.72699697405662e-05
boot192	0.0716973244147157	9.37842478047362e-05	9.48587683582958e-05	9.35516050492494e-05
boot193	0.0524534686971235	9.60451407571515e-05	9.66270710402226e-05	9.5787915915262e-05
boot194	0.0677426205139095	9.44045194632592e-05	9.5379049646757e-05	9.60643839449819e-05
boot195	0.0678985818650623	9.46708649425801e-05	9.56614574263116e-05	9.65680058914346e-05
boot196	0.0751345532831001	9.61612734924157e-05	9.73766020386054e-05	9.6804414491038e-05
boot197	0.0777324457805454	9.49785223205817e-05	9.62759956139091e-05	9.5799497645939e-05
boot198	0.083873757025508	9.45546124787874e-05	9.60753230532738e-05	9.50959080258994e-05
boot199	0.0601535836177474	9.57821240555636e-05	9.65539784971287e-05	9.47899449846597e-05
boot200	0.0764413733534874	9.55387658347275e-05	9.68005415980977e-05	9.57210303888828e-05
boot201	0.0548993875765529	9.79382018413216e-05	9.85974194170611e-05	9.74010003629568e-05
boot202	0.0569970225435985	9.44747982730461e-05	9.51657086471073e-05	9.5739819152575e-05
boot203	0.0777012483857081	9.6961742386943e-05	9.82612438937656e-05	9.5826382455951e-05
boot204	0.0634678298800436	9.84924698268098e-05	9.93710228103828e-05	9.72801266761333e-05
boot205	0.0666521927920104	9.60883855740682e-05	9.70528916105388e-05	9.71797779472235e-05
boot206	0.0625803686240892	9.76377863098883e-05	9.8477113900357e-05	9.71190538236416e-05
boot207	0.0729437229437229	9.53138980420141e-05	9.64655834785705e-05	9.61035046673434e-05
boot208	0.054809127745788	9.46441287979837e-05	9.52847857577308e-05	9.43273164674524e-05
boot209	0.0622786919391793	9.45950722144902e-05	9.54029529621793e-05	9.25754833027215e-05
boot210	0.0784563189143342	9.44653414000782e-05	9.57705564080484e-05	9.49559268160761e-05
boot211	0.0593567882581481	9.72144009740374e-05	9.7974864671927e-05	9.68824617123205e-05
boot212	0.0762931034482759	9.49851479534831e-05	9.62395957193817e-05	9.53842176224425e-05
boot213	0.046326222796811	9.6989247588985e-05	9.74516735572289e-05	9.57646015710191e-05
boot214	0.0712619300106044	9.71631563945054e-05	9.82402004387972e-05	9.63295004920251e-05
boot215	0.0760710553814002	9.39154876334929e-05	9.51248513674197e-05	9.32470407091299e-05
boot216	0.0602304848880191	9.71271090719457e-05	9.79159134446019e-05	9.72777990912917e-05
boot217	0.0605263157894737	9.82655594433915e-05	9.90689442905509e-05	9.70641945159914e-05
boot218	0.0743589743589744	9.4607124192923e-05	9.5788589378333e-05	9.40696972364735e-05
boot219	0.0544306553450904	9.6626197002222e-05	9.72712429942307e-05	9.69124735738434e-05
boot220	0.0740901213171577	9.59598920917416e-05	9.71490918484121e-05	9.64986738836219e-05
boot221	0.0749628371204077	9.48170626894924e-05	9.6010400329998e-05	9.47517115827601e-05
boot222	0.0488426417498407	9.53685057475026e-05	9.58751108978749e-05	9.40181205103816e-05
boot223	0.0536680372213807	9.54727264904893e-05	9.60960240925658e-05	9.60438934528499e-05
boot224	0.0831721470019342	9.66638726829711e-05	9.81505707351764e-05	9.60181667298042e-05
boot225	0.0567789291882556	9.67618790299128e-05	9.74578735894476e-05	9.53373084020204e-05
boot226	0.0725298588490771	9.5528276852659e-05	9.66706395941719e-05	9.59108121046576e-05
boot227	0.0613510047028645	9.39235030834058e-05	9.47281088504111e-05	9.52707481317295e-05
boot228	0.0853212980872555	9.49232619420427e-05	9.64877845956628e-05	9.52080761593633e-05
boot229	0.0679025203082691	9.25770375972887e-05	9.35374109078938e-05	9.29352663486438e-05
boot230	0.0915820642978003	9.445050001642e-05	9.62244582442217e-05	9.42641430501191e-05
boot231	0.0455798176807293	9.42558179968918e-05	9.46962504284814e-05	9.33998784174558e-05
boot232	0.0565169769989047	9.81523362761467e-05	9.88520446417753e-05	9.74634971258606e-05
boot233	0.0494623655913978	9.62249349480392e-05	9.67510694878021e-05	9.52237078809534e-05
boot234	0.0652266894781865	9.62775289444248e-05	9.71873922935017e-05	9.61777642987856e-05
boot235	0.0569471205309356	9.82137866172975e-05	9.89080650452069e-05	9.66497075086881e-05
boot236	0.0744839327516493	9.6008737422361e-05	9.71893835679563e-05	9.53310368968616e-05
boot237	0.076459185871204	9.64797360307206e-05	9.77388372807933e-05	9.59690619478306e-05
boot238	0.0619562911096966	9.39975723884278e-05	9.4812039184114e-05	9.38945795545109e-05
boot239	0.0533536585365854	9.68359775094837e-05	9.74558844953805e-05	9.73407021111455e-05
boot240	0.0636442894507411	9.63154643344063e-05	9.71983317231791e-05	9.58095841370677e-05
boot241	0.0694825765575502	9.2958042674084e-05	9.39776474143324e-05	9.32992830665438e-05
boot242	0.0713359273670558	9.45079842504168e-05	9.56080306259718e-05	9.47016691834277e-05
boot243	0.0631193451098664	9.60873525875712e-05	9.6945614484835e-05	9.65254761462113e-05
boot244	0.046826453617399	9.78682079901123e-05	9.83548295521147e-05	9.81431233228201e-05
boot245	0.0747743876235496	9.43677430076648e-05	9.55691201121935e-05	9.68322207629666e-05
boot246	0.0600721715134791	9.62442856841727e-05	9.70102941304356e-05	9.60542780202805e-05
boot247	0.0702290076335878	9.54887629421712e-05	9.65644692700226e-05	9.5775731394665e-05
boot248	0.0823808496872978	9.68539153880526e-05	9.83174919235715e-05	9.54032571290184e-05
boot249	0.0632233176168024	9.46349044277333e-05	9.54915670703555e-05	9.61084921433319e-05
boot250	0.0602280060228006	9.58273676496885e-05	9.66076242015239e-05	9.6186405090556e-05
boot251	0.0837976853836262	9.22412300257732e-05	9.37461704620469e-05	9.48989957276617e-05
boot252	0.081476627348187	9.59347819199086e-05	9.73848563637783e-05	9.6969988052799e-05
boot253	0.0665964172813488	9.37576366066257e-05	9.46923221271129e-05	9.37061173278167e-05
boot254	0.0557321466412376	9.52151492579e-05	9.58733548457874e-05	9.60316138510087e-05
boot255	0.0682696436238729	9.3667033476555e-05	9.46676226222249e-05	9.42399747554885e-05
boot256	0.0651025153244557	9.19451002188763e-05	9.28409652583121e-05	9.40832432824058e-05
boot257	0.0715347060072171	9.62845329533591e-05	9.73707596915334e-05	9.55922187107753e-05
boot258	0.0878508677951575	9.56793427579556e-05	9.73330335598331e-05	9.54028488038952e-05
boot259	0.0619825939291021	9.55189166501657e-05	9.63344212033773e-05	9.55748687710642e-05
boot260	0.0687740281930799	9.33280046644428e-05	9.43382282769807e-05	9.47932010964231e-05
boot261	0.0554375531011045	9.26012340137529e-05	9.32540212469385e-05	9.55080302757805e-05
boot262	0.075974025974026	9.48414158694138e-05	9.60907779089597e-05	9.60240410189812e-05
boot263	0.0797285835453774	9.26241587742258e-05	9.39720483064888e-05	9.51029994728544e-05
boot264	0.063304494619118	9.4264727294606e-05	9.51103611918379e-05	9.4974232926248e-05
boot265	0.0571428571428571	9.80404582021442e-05	9.87526296574221e-05	9.70078905158499e-05
boot266	0.0372867073941437	9.18789130150448e-05	9.21717924227331e-05	9.32171519377868e-05
boot267	0.0583800086169754	9.55616922938214e-05	9.6295907159422e-05	9.47555865348705e-05
boot268	0.0624061762813639	9.64349414165689e-05	9.72701399664425e-05	9.59492142973311e-05
boot269	0.0750681484587964	9.38790710331578e-05	9.50607080457457e-05	9.44669207875553e-05
boot270	0.0575697648868381	9.62222438332821e-05	9.69504964874516e-05	9.76777094475459e-05
boot271	0.0709294939656998	9.40182049784839e-05	9.50834163090429e-05	9.36043837836546e-05
boot272	0.0803865583132001	9.90157950638797e-05	0.000100435078779549	9.80465932575063e-05
boot273	0.0658721560130011	9.49363087568118e-05	9.58765343121317e-05	9.70438196183997e-05
boot274	0.0412170910660337	9.24434946037138e-05	9.28100998251091e-05	9.5752016032688e-05
boot275	0.0692796610169492	9.58931319505646e-05	9.69100114909509e-05	9.51348539620653e-05
boot276	0.0769064124783362	9.65717457574565e-05	9.78530707748499e-05	9.71514811471948e-05
boot277	0.0805369127516778	9.24206075275042e-05	9.37809670735552e-05	9.40271041767497e-05
boot278	0.0581675049201837	9.59494967629493e-05	9.66893740051622e-05	9.72506500927452e-05
boot279	0.0707777071413435	9.47668930676555e-05	9.58284492931664e-05	9.48749176138207e-05
boot280	0.0549545651233232	9.49329472770941e-05	9.55863449897495e-05	9.49205307355274e-05
boot281	0.0794332331472735	9.62627630176973e-05	9.76173440671239e-05	9.57989600073918e-05
boot282	0.0609394837071519	9.44903625442036e-05	9.52761477059671e-05	9.43742530855017e-05
boot283	0.0773694390715667	9.76492869919564e-05	9.89357753010578e-05	9.57804840440548e-05
boot284	0.0549660441426146	9.39859054081775e-05	9.46270908938923e-05	9.51098558396592e-05
boot285	0.0653148345784418	9.23045647679586e-05	9.3215136297523e-05	9.42984943081129e-05
boot286	0.074328678839957	9.7940829230728e-05	9.91276718726385e-05	9.72820163659019e-05
boot287	0.0823763250883392	9.72684309965929e-05	9.87670747543358e-05	9.83666615809027e-05
boot288	0.0579523502897617	9.55646370477635e-05	9.62854945073272e-05	9.56407374456894e-05
boot289	0.0695652173913043	9.42450363709446e-05	9.52714031727896e-05	9.39377865083235e-05
boot290	0.0678229931065155	0.000100000647139232	0.000101023542045598	9.82373203671319e-05
boot291	0.0527314912465725	9.37317940522774e-05	9.43182969354428e-05	9.36779108593952e-05
boot292	0.0887305699481865	9.89275129566908e-05	0.000100627235332194	9.69358349053084e-05
boot293	0.0665804783451842	9.82607514378922e-05	9.92159249127195e-05	9.66832111320783e-05
boot294	0.0870135548753826	9.82420458843151e-05	9.98973494986683e-05	9.73483717024796e-05
boot295	0.0699553476504359	9.27735464758022e-05	9.38141058346994e-05	9.33972802950016e-05
boot296	0.0704733602207599	9.51900712107244e-05	9.62443048131029e-05	9.53156717665601e-05
boot297	0.0639025432784783	9.60073632328983e-05	9.6880099936779e-05	9.63589335693997e-05
boot298	0.0688063771764212	9.3355242414235e-05	9.43483864335645e-05	9.31729050716023e-05
boot299	0.0633484162895928	9.41263181504582e-05	9.49910071929921e-05	9.65678472323316e-05
boot300	0.0694415394268981	9.15630842536773e-05	9.25716865121959e-05	9.25242138336759e-05
boot301	0.0677746600474854	9.53528260644768e-05	9.63442796678769e-05	9.49534732671481e-05
boot302	0.0767426987849073	9.49023849302559e-05	9.61578617618038e-05	9.43974042491222e-05
boot303	0.0753291603712497	9.54456001216898e-05	9.66703966686869e-05	9.56926691207926e-05
boot304	0.0503239740820734	9.77414884632982e-05	9.82884652165192e-05	9.66685116851107e-05
boot305	0.0590762620837809	9.5009075301125e-05	9.57588077913058e-05	9.51275454268461e-05
boot306	0.0786614515428075	9.38467579776788e-05	9.51913090334852e-05	9.59983433719175e-05
boot307	0.0694623655913978	9.43722352139659e-05	9.54098739738698e-05	9.59231883355276e-05
boot308	0.06194314806958	9.52178933135595e-05	9.60318418907275e-05	9.48057067909361e-05
boot309	0.0748370821946605	9.23307912205547e-05	9.35081275399598e-05	9.32014196122875e-05
boot310	0.0608981380065717	9.79436767746484e-05	9.87560717828998e-05	9.79346786621405e-05
boot311	0.0771048109965636	9.45330570045705e-05	9.58099367036289e-05	9.59139151988425e-05
boot312	0.0676851262465521	9.42451678489291e-05	9.5217218838747e-05	9.43937824389939e-05
boot313	0.0771403737505432	9.86672634688883e-05	9.99603180674049e-05	9.7701112362245e-05
boot314	0.0558730158730159	9.19682886284045e-05	9.26289857506789e-05	9.28500523383086e-05
boot315	0.0683742591024556	9.47704980597889e-05	9.57601338150407e-05	9.37313563281866e-05
boot316	0.0682905611135276	9.70861417993806e-05	9.81004090323516e-05	9.65700378288529e-05
boot317	0.0699465240641711	9.71890525496762e-05	9.82355800852183e-05	9.5680758649028e-05
boot318	0.0503225806451613	9.79639040873642e-05	9.8508498092265e-05	9.67123205243443e-05
boot319	0.0615416929216551	9.37467216932382e-05	9.45422226316258e-05	9.44463258918691e-05
boot320	0.0890485521445678	0.000101185753620231	0.000102912216637658	9.87321225154603e-05
boot321	0.0746587030716724	9.60930244312013e-05	9.72820009551655e-05	9.66843873834632e-05
boot322	0.0692796610169492	9.30203942315183e-05	9.40372737719046e-05	9.40442254776535e-05
boot323	0.076434469616769	9.51016689389263e-05	9.63386429269841e-05	9.45966700204049e-05
boot324	0.0668076109936575	9.64957066328462e-05	9.74393127399667e-05	9.45203479099606e-05
boot325	0.0608122475015947	9.63282197584146e-05	9.711455389539e-05	9.60239185606565e-05
boot326	0.0744590581247348	9.20206841336415e-05	9.31967875143845e-05	9.34272618118438e-05
boot327	0.0468414267296949	9.57440332538491e-05	9.621548131102e-05	9.50968585978076e-05
boot328	0.0722814498933902	9.29481402833294e-05	9.40621291956301e-05	9.38151286345983e-05
boot329	0.0639397201291712	9.39936759955384e-05	9.48738240709306e-05	9.48110126556034e-05
boot330	0.0775918278635079	9.86952562570844e-05	0.000100003774351238	9.71350838776419e-05
boot331	0.0619077700568541	9.00899669894612e-05	9.08969941516874e-05	9.36805637514933e-05
boot332	0.0698174006444683	9.61884230965882e-05	9.72355701283283e-05	9.49172931735998e-05
boot333	0.0706319702602231	9.27211432771236e-05	9.37514768630056e-05	9.27584052643015e-05
boot334	0.0666385491353859	9.51209005730363e-05	9.60573611868848e-05	9.48123419774903e-05
boot335	0.0767604144639459	9.63687104122119e-05	9.76146738777811e-05	9.39822897864172e-05
boot336	0.0727195407186902	9.57188675210641e-05	9.68432841917716e-05	9.5210128676515e-05
boot337	0.0557580956465795	9.66493998814955e-05	9.73161305763557e-05	9.61356621827695e-05
boot338	0.0683468603161042	9.61688371772746e-05	9.71665504013389e-05	9.63310824957035e-05
boot339	0.072957623416339	9.89418762602031e-05	0.000100104570627735	9.83055190288214e-05
boot340	0.0723304087310079	9.82533909346373e-05	9.93729475422116e-05	9.61501407215494e-05
boot341	0.0639089516305537	9.82641344726967e-05	9.91580618306561e-05	9.77046750094364e-05
boot342	0.0696826758147513	9.51759770450889e-05	9.62170738093907e-05	9.52823093707058e-05
boot343	0.0499359795134443	9.32807808292413e-05	9.38129195509585e-05	9.43042800186703e-05
boot344	0.0601139000210926	9.12870998905057e-05	9.20493190374675e-05	9.36633655878927e-05
boot345	0.0540305010893246	9.63827035057669e-05	9.70187154987873e-05	9.66370917573977e-05
boot346	0.0709158146617359	9.54402048730116e-05	9.65341906831351e-05	9.69914626698236e-05
boot347	0.0715350223546945	9.34630624573362e-05	9.45525364669778e-05	9.48314478351987e-05
boot348	0.0995708154506438	9.51297289336192e-05	9.72572712704231e-05	9.38977276042215e-05
boot349	0.0661068044788975	9.50864892594308e-05	9.60275119981067e-05	9.64222864579366e-05
boot350	0.0647623201046664	9.89837094470055e-05	9.98982663823172e-05	9.65772393258889e-05
boot351	0.0642948992713245	9.52945912647953e-05	9.61805394157404e-05	9.51331124484831e-05
boot352	0.0781786941580756	9.61117567015504e-05	9.74244517660396e-05	9.66021151238562e-05
boot353	0.0455696202531646	9.41870498862948e-05	9.46251491035981e-05	9.23909332392231e-05
boot354	0.0716884228546972	9.32816321536639e-05	9.43814031725798e-05	9.50973396513407e-05
boot355	0.087940234791889	9.63026541149285e-05	9.79533445941713e-05	9.4885023113638e-05
boot356	0.0596262859542305	9.42012789726198e-05	9.49477190265135e-05	9.46984923025083e-05
boot357	0.0637894736842105	9.26170322204403e-05	9.34736842105263e-05	9.34082099431404e-05
boot358	0.0616216216216216	9.61840917615936e-05	9.70051132213294e-05	9.63261090162478e-05
boot359	0.0530464422667235	9.50270502732997e-05	9.56265230123616e-05	9.41048053459165e-05
boot360	0.04736041711927	9.74945039370888e-05	9.79817968134111e-05	9.73177110793002e-05
boot361	0.070846394984326	9.37701770532179e-05	9.48191241132545e-05	9.35904191029706e-05
boot362	0.0595263047579124	9.30961020151026e-05	9.38387934756206e-05	9.32096567548753e-05
boot363	0.0691374078890334	9.75595639589297e-05	9.85955373376931e-05	9.53807427747535e-05
boot364	0.0703799654576857	9.67147575951328e-05	9.77841314159068e-05	9.66563161487944e-05
boot365	0.0627041149575441	9.79321003535955e-05	9.87881434697743e-05	9.5534634693441e-05
boot366	0.0690995465342259	9.68885827682189e-05	9.7919623003856e-05	9.69987349183934e-05
boot367	0.0799149840595112	9.32352909206916e-05	9.45926564206347e-05	9.38936385350752e-05
boot368	0.0459217144106713	9.70889679467915e-05	9.75501102722705e-05	9.67233375034197e-05
boot369	0.0695785776997366	9.75540937280164e-05	9.86166877742671e-05	9.72386432250982e-05
boot370	0.0521892967713401	9.94539901325675e-05	0.000100056317133339	9.90568583435285e-05
boot371	0.0723598435462842	9.41007722819475e-05	9.52385269447122e-05	9.54825066733226e-05
boot372	0.0645440762399827	9.71429411612885e-05	9.80452452067017e-05	9.80990965134073e-05
boot373	0.0562704471101418	9.59690149185247e-05	9.66596066781704e-05	9.65468320187847e-05
boot374	0.0756980802792321	9.54993298520266e-05	9.67493733419832e-05	9.58338264531644e-05
boot375	0.0754001684919966	9.39963343622121e-05	9.51937196631012e-05	9.39446137150278e-05
boot376	0.0680786686838124	9.80682221759044e-05	9.90698874297969e-05	9.5744984669925e-05
boot377	0.082034632034632	9.61333593101176e-05	9.75900001874028e-05	9.58897356898706e-05
boot378	0.0667652651595183	9.43205623662813e-05	9.52623753034926e-05	9.34125715448452e-05
boot379	0.0547798066595059	9.84368770307767e-05	9.90815230496065e-05	9.62314490669338e-05
boot380	0.0689728353140917	9.57793627963445e-05	9.67889663641002e-05	9.52939501801561e-05
boot381	0.0722610722610723	9.18928806044869e-05	9.29993994780448e-05	9.34634235217949e-05
boot382	0.0894610517128518	9.89017304746626e-05	0.000100648027610506	9.67403942955641e-05
boot383	0.0539901053990105	9.52866020884573e-05	9.59136039127198e-05	9.55878965635882e-05
boot384	0.0649006622516556	9.77013291472603e-05	9.86311516551418e-05	9.81607326367969e-05
boot385	0.0509854327335047	9.52659076386468e-05	9.58227873196714e-05	9.60666605872284e-05
boot386	0.0709312445604874	9.51027729050956e-05	9.61974729605568e-05	9.68394643382589e-05
boot387	0.0721494524371913	9.79247581875336e-05	9.90425472120099e-05	9.67254637133558e-05
boot388	0.0641906397595535	9.78849851394828e-05	9.87695790065375e-05	9.49678765443933e-05
boot389	0.0675059691773388	9.47023710055252e-05	9.56915300840083e-05	9.59717377906218e-05
boot390	0.0852813852813853	9.49382102190333e-05	9.65124341747718e-05	9.6982300009792e-05
boot391	0.0756861063464837	9.75632304066406e-05	9.87914436772005e-05	9.65825443601462e-05
boot392	0.0743243243243243	9.29053090081042e-05	9.40717163531775e-05	9.34775926738591e-05
boot393	0.0697823303457106	9.46408949814894e-05	9.56800698915359e-05	9.5638115715525e-05
boot394	0.0863432357341312	9.35967430364476e-05	9.51900651901214e-05	9.45029733212839e-05
boot395	0.0569476082004556	9.50862597862801e-05	9.57578336276039e-05	9.24827111985513e-05
boot396	0.0705606480494564	9.65961355489403e-05	9.76574881503385e-05	9.48950419407628e-05
boot397	0.0414893617021277	9.25717326603932e-05	9.29379809868719e-05	9.29771148974697e-05
boot398	0.0701415701415701	9.57044425637122e-05	9.67597492694018e-05	9.50043195128877e-05
boot399	0.0669661959777492	9.29238274138331e-05	9.38832778639252e-05	9.54038710417104e-05
boot400	0.0728806228373702	9.63660725158103e-05	9.75147717340549e-05	9.68801748136639e-05
boot401	0.0564826700898588	9.56267592287252e-05	9.63093206366156e-05	9.47778861554767e-05
boot402	0.0605481198215424	9.56742296741082e-05	9.64530855937861e-05	9.48165053033456e-05
boot403	0.0766407599309154	9.53508320424954e-05	9.66189248928383e-05	9.55794862137407e-05
boot404	0.0651984300043611	9.62135689627401e-05	9.71404846354469e-05	9.65394995573331e-05
boot405	0.0666810066681007	9.3707955981758e-05	9.46643673928725e-05	9.46021857227722e-05
boot406	0.0642996319549686	9.52372944037954e-05	9.61323891579726e-05	9.50063794605804e-05
boot407	0.0653846153846154	9.1496471057615e-05	9.2409964204836e-05	9.30685775839731e-05
boot408	0.0785978663183105	9.83437945075352e-05	9.96888031271282e-05	9.68549664335638e-05
boot409	0.0706392199349946	9.70490082765673e-05	9.81302432479702e-05	9.65839417233213e-05
boot410	0.0608658379768538	9.56621613087541e-05	9.64561283538944e-05	9.52394262265965e-05
boot411	0.0705857564264644	9.45349401335476e-05	9.55847397564503e-05	9.45681670282729e-05
boot412	0.0645509499136442	9.50668355925206e-05	9.59664092399199e-05	9.45023443494796e-05
boot413	0.0529656379951849	0.000100843380780474	0.000101457379206439	9.96147968116815e-05
boot414	0.0768726796243721	9.80072111906483e-05	9.92977569151802e-05	9.71878088134134e-05
boot415	0.0785329018338727	9.56753012516729e-05	9.70059197350491e-05	9.56844200294692e-05
boot416	0.0447180816591056	9.33254088537588e-05	9.37574042798272e-05	9.44711660987579e-05
boot417	0.0557355800388853	9.84532184550771e-05	9.91243039772787e-05	9.6652466254751e-05
boot418	0.0574687903572966	9.70871046305091e-05	9.77979659876186e-05	9.64168573696487e-05
boot419	0.0640017010418882	9.5474976657757e-05	9.63459564018045e-05	9.50646016805063e-05
boot420	0.0734571855648089	9.47872493023619e-05	9.59394931868596e-05	9.49299944969497e-05
boot421	0.0706486833654464	9.59145118293176e-05	9.69830702667552e-05	9.54261541302242e-05
boot422	0.0441496302740322	9.67777858791779e-05	9.72017071173975e-05	9.7370857956293e-05
boot423	0.0655701754385965	0.000100386393772308	0.000101329255155432	9.75490666325131e-05
boot424	0.0608006850781417	9.71083143429302e-05	9.78997344469703e-05	9.60027439456577e-05
boot425	0.0621225194132873	9.60385761806806e-05	9.68710195409598e-05	9.74588804758676e-05
boot426	0.0592576514000434	9.69081770352572e-05	9.76703800414324e-05	9.67969898318446e-05
boot427	0.0784527972027972	9.45012709689061e-05	9.58462974962101e-05	9.67426722407936e-05
boot428	0.0658898305084746	9.38356552854722e-05	9.47554582016662e-05	9.32234867458455e-05
boot429	0.0641848523748395	9.53363650760225e-05	9.62177718527405e-05	9.49210266160157e-05
boot430	0.0470789642627862	9.27622482017589e-05	9.32365535465175e-05	9.51550990666714e-05
boot431	0.0351629502572899	9.23202720298853e-05	9.2585373460159e-05	9.47062637546481e-05
boot432	0.0556499575191164	9.39045756969099e-05	9.45623747138766e-05	9.42428854762787e-05
boot433	0.0858169520186007	9.31607848466231e-05	9.47174429006842e-05	9.37237980225496e-05
boot434	0.0760964912280702	9.78471509283558e-05	9.91170360110803e-05	9.74793336377455e-05
boot435	0.0533275525688272	9.78808285967798e-05	9.84973098157222e-05	9.69994629728051e-05
boot436	0.093597106998511	9.43381801579443e-05	9.62017024805333e-05	9.4323683956406e-05
boot437	0.0579679144385027	9.89809577711534e-05	9.96997340501587e-05	9.48963009712346e-05
boot438	0.0649540517961571	9.23360724410666e-05	9.32172397018723e-05	9.20472362334531e-05
boot439	0.0585692673438513	9.59930564456787e-05	9.67344351094339e-05	9.67242291777465e-05
boot440	0.079447322970639	9.70739792952497e-05	9.84366470688251e-05	9.7232640577251e-05
boot441	0.0833333333333333	9.39951762811795e-05	9.54639674073311e-05	9.28470031566563e-05
boot442	0.0793243532178747	9.43375527064702e-05	9.56829350056863e-05	9.56149528354678e-05
boot443	0.0566444109412018	9.6583900995079e-05	9.7274960502052e-05	9.56496333807422e-05
boot444	0.0637569533590073	9.56227243443695e-05	9.64924182043658e-05	9.59873917081237e-05
boot445	0.0709745762711864	9.44063988863272e-05	9.54736426314278e-05	9.4884630594535e-05
boot446	0.0550730777377674	9.57329603970246e-05	9.63754183278677e-05	9.46530228290133e-05
boot447	0.0685017860895146	9.43862933788879e-05	9.5372318740824e-05	9.31510061198747e-05
boot448	0.077120822622108	9.27129755002078e-05	9.39871017388348e-05	9.55913210529875e-05
boot449	0.048	9.25897396121884e-05	9.30747922437673e-05	9.39848817611897e-05
boot450	0.0598471986417657	9.47227128971285e-05	9.54828332675162e-05	9.35888599871029e-05
boot451	0.068304872969596	9.46952029075233e-05	9.56667888449228e-05	9.30395584817401e-05
boot452	0.0620058260507699	9.28892577507443e-05	9.3689241617627e-05	9.21058493795044e-05
boot453	0.0447470817120623	9.86798874014785e-05	9.91127238307362e-05	9.70579200329741e-05
boot454	0.0526315789473684	9.51678306942498e-05	9.57580891861511e-05	9.50111353454515e-05
boot455	0.081812325531458	9.68214444992408e-05	9.82586909258814e-05	9.56854573435021e-05
boot456	0.0547856214811607	9.54302959048933e-05	9.60802448700464e-05	9.66603950696125e-05
boot457	0.08584686774942	9.46768988742794e-05	9.62313567317749e-05	9.38453034742737e-05
boot458	0.0680447889750215	9.74879947843704e-05	9.84850002336932e-05	9.56939121536029e-05
boot459	0.0959339263024142	9.29952693514155e-05	9.49442990455699e-05	9.3984254064527e-05
boot460	0.0745341614906832	9.7160769054076e-05	9.83506043997859e-05	9.60086613451703e-05
boot461	0.0747346072186836	9.5279656071647e-05	9.64654865421631e-05	9.41859326553684e-05
boot462	0.0572649572649573	9.53618321030111e-05	9.60625319599679e-05	9.56578422815e-05
boot463	0.0716345087602573	9.81680243008445e-05	9.9306082150772e-05	9.98125898345961e-05
boot464	0.0803552090101798	9.96959808090845e-05	0.000101094499244231	9.69148148333346e-05
boot465	0.0724794461272177	9.7679666544432e-05	9.88162459712836e-05	9.61707225304826e-05
boot466	0.0557580956465795	9.50857191444463e-05	9.57524498393065e-05	9.44422451208654e-05
boot467	0.0740167918692002	9.71557653498556e-05	9.8366212870538e-05	9.86069864949906e-05
boot468	0.0657336726039016	9.38651522460844e-05	9.47813769521906e-05	9.31458252780688e-05
boot469	0.0787708288249297	9.8593369547972e-05	9.99361186225806e-05	9.55598811369815e-05
boot470	0.0721070811744387	9.6754845529398e-05	9.78773479377522e-05	9.59424007531838e-05
boot471	0.0616133813254288	9.4458963751893e-05	9.52627343973202e-05	9.40316263090378e-05
boot472	0.0647679324894515	9.68112412863741e-05	9.7696238138475e-05	9.54285094117339e-05
boot473	0.0832980972515856	9.5078445337121e-05	9.65453740909761e-05	9.58196395429585e-05
boot474	0.0680362270819527	9.8715311501326e-05	9.9737827117749e-05	9.7827228491245e-05
boot475	0.0802997858672377	9.55980164198921e-05	9.69787563792764e-05	9.54329461962678e-05
boot476	0.0635593220338983	9.67274222291471e-05	9.75833093938523e-05	9.45473635023542e-05
boot477	0.0659551760939168	9.65236745528364e-05	9.74521879474104e-05	9.51434248681297e-05
boot478	0.0669876491521876	9.62572321639446e-05	9.71965968570442e-05	9.39744475309461e-05
boot479	0.058389407423486	9.83438132788786e-05	9.90838442967353e-05	9.67470414965368e-05
boot480	0.0763424627992236	9.529331136285e-05	9.65501954746142e-05	9.51672378105113e-05
boot481	0.0677299541184182	9.44680138169971e-05	9.54702743992306e-05	9.59688182114255e-05
boot482	0.0563110922226944	9.43753460177965e-05	9.50491537329076e-05	9.3705501030864e-05
boot483	0.0613470613470613	9.2593730909377e-05	9.34009943018952e-05	9.62412200180581e-05
boot484	0.0704284221525601	9.30837123471047e-05	9.41203189608767e-05	9.27542991032527e-05
boot485	0.0500644606789858	9.25836230106524e-05	9.31221812880649e-05	9.36776634436344e-05
boot486	0.0722474583603721	9.62875223571613e-05	9.74165933585746e-05	9.5697582860134e-05
boot487	0.091025641025641	9.83099147546879e-05	0.000100080356490613	9.59216973763325e-05
boot488	0.0700280112044818	9.56521787904647e-05	9.67088308812329e-05	9.67485159827153e-05
boot489	0.0765716771807701	9.44069731771881e-05	9.56824184124015e-05	9.51333255684518e-05
boot490	0.0860770389498601	9.67634646415712e-05	9.83578818213379e-05	9.65102711934243e-05
boot491	0.0847821420905774	9.82900319900135e-05	9.98328548312813e-05	9.67739767913113e-05
boot492	0.085547634478289	9.6889953343282e-05	9.84709422749802e-05	9.55009422151077e-05
boot493	0.0819497658578118	9.57559605785322e-05	9.7185454857832e-05	9.47914750741692e-05
boot494	0.0913173652694611	9.29343569839702e-05	9.4717689148161e-05	9.48423264892767e-05
boot495	0.0603926589842083	9.44463333405956e-05	9.52246673694438e-05	9.36691752337528e-05
boot496	0.0602902105048028	9.31946261022498e-05	9.39375056204827e-05	9.20318158498552e-05
boot497	0.0698440588622886	9.9267175557758e-05	0.00010033859935709	9.88244466815379e-05
boot498	0.060967810701343	9.61834556644963e-05	9.69758397919137e-05	9.39302234954322e-05
boot499	0.0535217298223079	9.44448073309128e-05	9.50580754883036e-05	9.39404948474367e-05
boot500	0.0726366001734605	9.44341968377438e-05	9.55781854944566e-05	9.61732838574793e-05
boot501	0.0701075268817204	9.79139760081655e-05	9.89709793039658e-05	9.7362539270498e-05
boot502	0.0710347752332485	9.60045130996524e-05	9.70744747816791e-05	9.44877941491196e-05
boot503	0.0385348295574846	9.66966811234645e-05	9.7011085758024e-05	9.53263955458527e-05
boot504	0.0758947822337214	9.5731524544031e-05	9.69734430369814e-05	9.57873940371846e-05
boot505	0.0761702127659575	9.41933482946939e-05	9.5427795382526e-05	9.44036485171879e-05
boot506	0.0636012032660077	9.48846256263592e-05	9.57537947404297e-05	9.61646104744495e-05
boot507	0.075623151668779	9.37463649911041e-05	9.49544049294901e-05	9.41835305940998e-05
boot508	0.0684843280377845	9.54582170738702e-05	9.64651091277102e-05	9.64226312866205e-05
boot509	0.0772523004493901	9.62182878159182e-05	9.74953941554694e-05	9.52460598561352e-05
boot510	0.0630072618539086	9.18024485310652e-05	9.26503586221217e-05	9.32492496254768e-05
boot511	0.0678332253186433	9.23433600203562e-05	9.33373860426353e-05	9.58558420491402e-05
boot512	0.104094827586207	9.75736752320462e-05	9.99089625445898e-05	9.67388182012126e-05
boot513	0.0692816030697079	9.95426311745853e-05	0.000100565854479618	9.5750723025104e-05
boot514	0.0592482480356764	9.31905058204917e-05	9.39359623707777e-05	9.45392438726247e-05
boot515	0.0842217484008529	9.45500524811973e-05	9.60624838039471e-05	9.55928812695416e-05
boot516	0.0670535138620245	9.24268591727319e-05	9.33931548360126e-05	9.44424567897307e-05
boot517	0.0547684499894269	9.3939701473165e-05	9.45739969086153e-05	9.35210802910381e-05
boot518	0.080915060368566	9.3283618047132e-05	9.46704528267229e-05	9.442453209568e-05
boot519	0.0445014976465554	9.35968990087609e-05	9.40206010397378e-05	9.52101280387792e-05
boot520	0.0626345243219974	9.64902878152119e-05	9.73346880814717e-05	9.63206519189706e-05
boot521	0.0715930500314005	9.30561084616413e-05	9.41290757659743e-05	9.35205619226924e-05
boot522	0.0650107991360691	9.67225554749074e-05	9.76353857134194e-05	9.54163964687078e-05
boot523	0.0715679895901106	9.50262010265149e-05	9.61370180150142e-05	9.6664191969097e-05
boot524	0.0678548421730728	9.53795346777011e-05	9.63682140005125e-05	9.52670785433827e-05
boot525	0.0476913071753739	9.33989420853872e-05	9.38919966659413e-05	9.5826502424992e-05
boot526	0.0725355144210073	9.80553414941954e-05	9.91877997060594e-05	9.55795269276562e-05
boot527	0.0726549413735343	9.17041909428223e-05	9.28094548678625e-05	9.31535572917509e-05
boot528	0.033700583279326	9.70122053570164e-05	9.7257556256426e-05	9.67157195232789e-05
boot529	0.0766936514699617	9.70511760052137e-05	9.83042471973305e-05	9.48987361699773e-05
boot530	0.0753075943996606	9.53237894897478e-05	9.65268513850096e-05	9.4394140772365e-05
boot531	0.055709711846318	9.26893667183288e-05	9.33518153830033e-05	9.59425331691082e-05
boot532	0.0715930500314005	9.47213341967935e-05	9.57943015011265e-05	9.36041140088716e-05
boot533	0.0816064943388165	9.61504791496481e-05	9.75731708647242e-05	9.57266081962432e-05
boot534	0.0521151330135194	9.58825787508242e-05	9.64748131793058e-05	9.68013969622008e-05
boot535	0.0669207962727658	9.28746760537205e-05	9.38230862557072e-05	9.61849179107748e-05
boot536	0.0737810094097519	9.45596991166894e-05	9.57238645036702e-05	9.45217494279561e-05
boot537	0.0666810998051526	9.35292787928815e-05	9.44919047013519e-05	9.56247639147694e-05
boot538	0.0766076823478636	9.4151458295179e-05	9.54179099556691e-05	9.511529810205e-05
boot539	0.0722761596548004	9.46220824161941e-05	9.57491251895374e-05	9.54027020176374e-05
boot540	0.0680685020593974	9.58951429573013e-05	9.68995481106961e-05	9.56024885773394e-05
boot541	0.0596229723805348	9.43588925379459e-05	9.51381338434019e-05	9.62305715083279e-05
boot542	0.0659931212381771	9.54082616016207e-05	9.63444378808031e-05	9.5971622208631e-05
boot543	0.071898197242842	9.63791473989704e-05	9.74755102339165e-05	9.4648908807267e-05
boot544	0.0610521757956268	9.67784253620412e-05	9.75853896766938e-05	9.64748142220784e-05
boot545	0.05859375	9.46694686089033e-05	9.54145266685957e-05	9.65752024382394e-05
boot546	0.0535331905781585	9.5677301576671e-05	9.62909637808418e-05	9.52373106855782e-05
boot547	0.0919148936170213	9.35397358966703e-05	9.53372566772295e-05	9.49639867852017e-05
boot548	0.0517425700235193	9.35104477058157e-05	9.40828859253237e-05	9.44963895527751e-05
boot549	0.0501722652885444	9.71547044572609e-05	9.76967492902032e-05	9.63561495798691e-05
boot550	0.0627812299121491	9.49734007475884e-05	9.58179438864961e-05	9.50475758138951e-05
boot551	0.0400852878464819	9.26738815464951e-05	9.30164892867372e-05	9.37814048815341e-05
boot552	0.0561303103675985	0.000101492421929937	0.000102185931008071	9.92607145158726e-05
boot553	0.0496667383358418	9.08628450975682e-05	9.13932224136123e-05	9.39046252513059e-05
boot554	0.0760640539401601	9.52535839850056e-05	9.64726611661711e-05	9.33452825987534e-05
boot555	0.042652027027027	9.33309256862215e-05	9.37150463385683e-05	9.33927743453216e-05
boot556	0.0731552162849873	9.19829635592439e-05	9.3117756958248e-05	9.49422644851307e-05
boot557	0.0701943844492441	9.61046991427863e-05	9.71689003540624e-05	9.53407109823258e-05
boot558	0.0664652567975831	9.34866729216705e-05	9.44399811567091e-05	9.3675598065231e-05
boot559	0.0605285592497869	9.70621435214435e-05	9.78429846307477e-05	9.54850295838283e-05
boot560	0.0543668122270742	9.54149741497806e-05	9.60603344711199e-05	9.64566521794632e-05
boot561	0.0713812154696133	9.85534686928147e-05	9.96794969628522e-05	9.94475003208403e-05
boot562	0.0682010135135135	9.23316603415015e-05	9.33137925721329e-05	9.46474925383428e-05
boot563	0.060471037555697	9.5251693067796e-05	9.60275781480129e-05	9.45503254330795e-05
boot564	0.0574614065180103	9.29807388888897e-05	9.36886748320775e-05	9.62296113249807e-05
boot565	0.0716271113961941	9.7328924589288e-05	9.8425876286308e-05	9.55655716817735e-05
boot566	0.0755962521294719	9.64140768292253e-05	9.76310260064022e-05	9.45775433627788e-05
boot567	0.0732740364252435	9.1699382911249e-05	9.28364190006281e-05	9.36728503903108e-05
boot568	0.0674729471674093	9.33058334660641e-05	9.42717996446034e-05	9.47020349664005e-05
boot569	0.0756035578144854	9.65144243514245e-05	9.77249067644293e-05	9.41217819018604e-05
boot570	0.0877458396369138	9.67052507884563e-05	9.8369251733688e-05	9.5460106932814e-05
boot571	0.0735517465827728	9.58469784728559e-05	9.70207383828964e-05	9.72481242991104e-05
boot572	0.093446088794926	9.42522797112866e-05	9.60984047664809e-05	9.40975319383915e-05
boot573	0.0602332979851538	9.57614231052142e-05	9.6530892922005e-05	9.52819164109629e-05
boot574	0.0804867634500427	9.592845505364e-05	9.73114864564289e-05	9.63956510777498e-05
boot575	0.0478621569878749	9.46736526785377e-05	9.51609502900101e-05	9.44042312435725e-05
boot576	0.0716745587602239	9.83600319741831e-05	9.94657664497476e-05	9.6424355970282e-05
boot577	0.0524082325482707	9.40942033945401e-05	9.46769792992364e-05	9.37235743873081e-05
boot578	0.0733725234051818	9.67153681601573e-05	9.78874838124203e-05	9.83622067003311e-05
boot579	0.0707243891984569	9.50166791737122e-05	9.60886764363558e-05	9.6585437408459e-05
boot580	0.0600086655112652	9.59465831891606e-05	9.67267044925495e-05	9.44055973138485e-05
boot581	0.0682947914415388	9.52126004707839e-05	9.62206355989541e-05	9.61854650094397e-05
boot582	0.0647808248758368	9.52415564043023e-05	9.61477441114053e-05	9.65620329935882e-05
boot583	0.0701675977653631	0.000100469641986289	0.000101569863612247	9.94347668027993e-05
boot584	0.0740181268882175	9.57258076936239e-05	9.6908087173132e-05	9.56216576836313e-05
boot585	0.0637938318546684	9.51656545089282e-05	9.60253192708001e-05	9.41278810529164e-05
boot586	0.05679382768967	9.57189112097563e-05	9.64101968642021e-05	9.56938290332162e-05
boot587	0.0566078346965131	9.38652989594786e-05	9.45550206445901e-05	9.55575895321865e-05
boot588	0.0631185396965032	9.53260002889017e-05	9.62021714024753e-05	9.86181332834062e-05
boot589	0.0658347676419966	9.60870109912333e-05	9.70195016604406e-05	9.5783570106416e-05
boot590	0.0732185661364132	9.67475286021618e-05	9.79157479150997e-05	9.81587337242197e-05
boot591	0.0847457627118644	9.71248424830489e-05	9.86854344642779e-05	9.64786691642203e-05
boot592	0.0741061755146262	9.69402702795185e-05	9.81302432479702e-05	9.735967664089e-05
boot593	0.056260945709282	9.56810712146208e-05	9.6373998975589e-05	9.75429926260818e-05
boot594	0.0462439840970914	9.28584808447391e-05	9.33059606658674e-05	9.30225167718799e-05
boot595	0.0658006814310051	9.35347668680756e-05	9.44567706322972e-05	9.32317100700076e-05
boot596	0.0684811237928007	9.87917547669701e-05	9.9821092852116e-05	9.717556792844e-05
boot597	0.0686989176054782	9.81585457983121e-05	9.92010775588962e-05	9.9333774786019e-05
boot598	0.055793991416309	9.45630589176334e-05	9.5231078118956e-05	9.62269998814958e-05
boot599	0.0686939400568803	9.63159832424058e-05	9.73483300812897e-05	9.71054988519559e-05
boot600	0.0837988826815642	9.37832442380219e-05	9.52921081698393e-05	9.50081322401076e-05
boot601	0.0552003410059676	9.35142325512188e-05	9.41636523396193e-05	9.33313753940012e-05
boot602	0.0614489003880983	9.38814063784813e-05	9.46955433683275e-05	9.5558734053813e-05
boot603	0.0629754860524091	9.14277150962057e-05	9.22658198813996e-05	9.43993988732104e-05
boot604	0.0756266205704408	9.9425366675672e-05	0.000100661189004735	9.73062693409039e-05
boot605	0.0669805264284186	9.59857997994088e-05	9.69458663349595e-05	9.50175505166914e-05
boot606	0.0597302504816956	9.53484407893197e-05	9.61122392955509e-05	9.55932770623311e-05
boot607	0.0657591623036649	9.37409225859664e-05	9.46465283298155e-05	9.44564352583451e-05
boot608	0.0645161290322581	9.38544432385995e-05	9.47436401848304e-05	9.49140426258004e-05
boot609	0.0765316938732245	8.8241087867638e-05	8.94827881362632e-05	9.25966859216603e-05
boot610	0.0730494921115193	9.69357170796769e-05	9.80889974552444e-05	9.72064821634754e-05
boot611	0.0686378035902851	9.30718899490597e-05	9.40668525851101e-05	9.4445310467511e-05
boot612	0.0533195020746888	9.08772614093595e-05	9.14670890652709e-05	9.16198929081799e-05
boot613	0.0588742721587233	9.56631672352479e-05	9.64106720707492e-05	9.58682549041597e-05
boot614	0.0500107319167203	9.21091687453693e-05	9.26459949541794e-05	9.55072255469373e-05
boot615	0.0587342869527525	9.70023672434249e-05	9.77500301094519e-05	9.64931408363952e-05
boot616	0.0582198952879581	9.21823357521975e-05	9.28921904553055e-05	9.36486315547461e-05
boot617	0.0655426765015806	9.47196917439802e-05	9.56250326171079e-05	9.25780473051137e-05
boot618	0.0436197916666667	9.69325134783615e-05	9.73454228153935e-05	9.64162260580128e-05
boot619	0.0717191179618925	9.50110549921401e-05	9.61122392955509e-05	9.54245841637413e-05
boot620	0.0545028741750053	9.7364965140039e-05	9.79974035674047e-05	9.51766177825561e-05
boot621	0.0510291595197256	9.3682011812786e-05	9.42403255180368e-05	9.37666991822429e-05
boot622	0.0724389198456922	9.56989773763601e-05	9.68235802714331e-05	9.42776212261938e-05
boot623	0.0582133784928027	9.34295965811741e-05	9.41469542093592e-05	9.39268001175569e-05
boot624	0.0537566137566138	9.44361387466564e-05	9.5047731026567e-05	9.42294433831625e-05
boot625	0.0540961709706144	9.87138622641964e-05	9.93653305887027e-05	0.000100186680016373
boot626	0.0633384649219265	9.71094668064775e-05	9.79917542792433e-05	9.72496005734313e-05
boot627	0.0594331641285956	9.37774349699751e-05	9.45245375499956e-05	9.45210840420396e-05
boot628	0.0576393303666031	9.37772580472113e-05	9.44812827145371e-05	9.3679739059447e-05
boot629	0.0658005029337804	9.6053933731852e-05	9.69612485236245e-05	9.33837065573312e-05
boot630	0.0647466435686444	9.51724649104524e-05	9.60802448700464e-05	9.57618045023455e-05
boot631	0.055208108690964	9.20792481853523e-05	9.27365557689695e-05	9.65002875990026e-05
boot632	0.0824025289778714	9.2328594401723e-05	9.37596116371179e-05	9.39023473715946e-05
boot633	0.0544893006838738	9.91596416937401e-05	9.98146348305188e-05	9.82801264131884e-05
boot634	0.0723250372261221	9.4907979059845e-05	9.60207020995727e-05	9.38348558694723e-05
boot635	0.0606905425691615	9.52844759042514e-05	9.6074384108699e-05	9.4427628332555e-05
boot636	0.0592592592592593	9.35878573346729e-05	9.43310657596372e-05	9.36309141288845e-05
boot637	0.0753365175857577	9.61977622307733e-05	9.74299790961552e-05	9.6654262408758e-05
boot638	0.113317504856464	9.51100810242513e-05	9.78816883859813e-05	9.60808801822237e-05
boot639	0.0660839906203368	9.64993204605569e-05	9.74302720308636e-05	9.65873007119775e-05
boot640	0.0756358768406961	9.94288740937773e-05	0.00010070526540691	9.95154173810088e-05
boot641	0.0795406210123352	9.31869407201487e-05	9.4532476745463e-05	9.52432802284231e-05
boot642	0.061587982832618	9.81471499257234e-05	9.89611155114296e-05	9.52167591866673e-05
boot643	0.0663979635129402	9.37915836064938e-05	9.47268168603474e-05	9.4382188909696e-05
boot644	0.0596633283613893	9.35920343099468e-05	9.43505497054633e-05	9.45853218303052e-05
boot645	0.0575692963752665	9.60377653301575e-05	9.67444228749642e-05	9.59534123266608e-05
boot646	0.0714744275625936	9.45246257472419e-05	9.56178407687271e-05	9.66404391721477e-05
boot647	0.0684813134586304	9.67578009932878e-05	9.77709118796605e-05	9.5953393631269e-05
boot648	0.0520430107526882	9.53361355716429e-05	9.59186033067407e-05	9.53190287397263e-05
boot649	0.0701600526200395	9.86192519315905e-05	9.96984961726882e-05	9.73703850653343e-05
boot650	0.0807716769132923	9.6818758392204e-05	9.82018543835937e-05	9.57018846305827e-05
boot651	0.0826086956521739	9.5302868414564e-05	9.67863894139887e-05	9.70940042738555e-05
boot652	0.0502480051757602	9.59591843254408e-05	9.65036876733259e-05	9.72149651682506e-05
boot653	0.0630592245419685	9.43709186053349e-05	9.52180566112647e-05	9.59030495254368e-05
boot654	0.0750693111537641	9.45832533406812e-05	9.57850877354563e-05	9.50173547135486e-05
boot655	0.0570462708641454	9.4039120108967e-05	9.47266918434917e-05	9.48137276729319e-05
boot656	0.0939466261661966	9.66121832001053e-05	9.85271253932082e-05	9.66998160959916e-05
boot657	0.0740276035131744	9.56725454122771e-05	9.68185274452975e-05	9.36429987583748e-05
boot658	0.0774770842426888	9.92390104815784e-05	0.000100549071280956	9.63799021914705e-05
boot659	0.0701004488138491	9.49620042637776e-05	9.60122442560629e-05	9.52796807754238e-05
boot660	0.0652362375379281	9.77671230950057e-05	9.86894825852755e-05	9.68602480782483e-05
boot661	0.0567510548523207	9.47913424773775e-05	9.54708113016076e-05	9.36757745030012e-05
boot662	0.0599742046431642	9.69574933378887e-05	9.77306887855629e-05	9.53613380613937e-05
boot663	0.0912448403215294	9.64562432252246e-05	9.82649811972649e-05	9.659665625124e-05
boot664	0.0774410774410774	9.40372122025922e-05	9.52992325046197e-05	9.35086181899237e-05
boot665	0.0685579196217494	9.40919879915738e-05	9.51021294794015e-05	9.58445305145048e-05
boot666	0.0562991289568727	9.81267172757148e-05	9.88000956316321e-05	9.5724187683853e-05
boot667	0.0447242726877985	9.61943953782231e-05	9.66286681892202e-05	9.67009992342793e-05
boot668	0.0444254592054677	9.71099613544115e-05	9.75314951915787e-05	9.61398216501138e-05
boot669	0.0707811825636599	9.44764798865714e-05	9.55576140698062e-05	9.67057362853269e-05
boot670	0.0606194690265487	9.89403176387504e-05	9.97533087947372e-05	9.81277163234798e-05
boot671	0.0701563857515204	9.71060694871465e-05	9.81751221504211e-05	9.67073406846722e-05
boot672	0.0704607046070461	9.22239366841967e-05	9.32588983047349e-05	9.2957950989915e-05
boot673	0.0782700421940928	9.02616129157539e-05	9.15540600687212e-05	9.09654863152964e-05
boot674	0.0675352877307275	9.78022295793645e-05	9.87926780242879e-05	9.56220571781169e-05
boot675	0.0711994868505452	9.41418852609727e-05	9.52257781255827e-05	9.51615689413749e-05
boot676	0.0819462227912932	9.420149860438e-05	9.56345296393267e-05	9.45498825056167e-05
boot677	0.0760800842992624	9.02301947063335e-05	9.14500428047493e-05	9.38083508967035e-05
boot678	0.0773657289002558	9.57042587412399e-05	9.69799313772731e-05	9.58751887480078e-05
boot679	0.0684289064165423	9.59322053010471e-05	9.69303965680187e-05	9.51023893643928e-05
boot680	0.069813829787234	9.66202343208212e-05	9.77004583521956e-05	9.68069614821831e-05
boot681	0.0767737761483718	9.47209755481598e-05	9.5992101859154e-05	9.66926174669141e-05
boot682	0.0761823239888722	9.8772088907738e-05	0.000100014063332807	9.62586233696171e-05
boot683	0.0610918544194107	9.6434416997211e-05	9.72429557052705e-05	9.6869574392525e-05
boot684	0.0718038528896672	9.89354260781327e-05	0.000100064102367494	9.95859592368802e-05
boot685	0.065052950075643	9.32975396629742e-05	9.42121466034419e-05	9.57576032798255e-05
boot686	0.044556536359815	9.23448154349242e-05	9.27620674173503e-05	9.36099400822447e-05
boot687	0.0612157534246575	9.65976030384557e-05	9.73996938919122e-05	9.46875724670592e-05
boot688	0.0517021276595745	9.52664727468865e-05	9.58352195563603e-05	9.46624062105699e-05
boot689	0.0851519041506204	9.75044690522107e-05	9.90557841528689e-05	9.5298719213248e-05
boot690	0.0858869227449288	9.77843581661208e-05	9.93761931895548e-05	9.66252421151184e-05
boot691	0.0587725005421817	9.67518740887769e-05	9.75009972334268e-05	9.5297468859317e-05
boot692	0.0682739492212503	9.42350353939957e-05	9.52295590001971e-05	9.37336944901664e-05
boot693	0.0849446013469476	9.7594148583417e-05	9.91617317461352e-05	9.65504739619766e-05
boot694	0.0534252477380439	9.44280235922172e-05	9.5042900174697e-05	9.5083529376557e-05
boot695	0.04913108774941	9.6283387217168e-05	9.68012726030166e-05	9.38627438566888e-05
boot696	0.0750979538528515	9.70910745727077e-05	9.83186981410327e-05	9.65120054895736e-05
boot697	0.0621022602589423	9.65713673348865e-05	9.74176896366792e-05	9.72509275064916e-05
boot698	0.0732285160456601	9.29192644521379e-05	9.4074210728737e-05	9.52797108821491e-05
boot699	0.0659942994957246	9.78302653701786e-05	9.87851541151756e-05	9.67794145273769e-05
boot700	0.058231173380035	9.72131624109827e-05	9.79554718578338e-05	9.81785129969606e-05
boot701	0.084468085106383	9.54036292536336e-05	9.69216840199185e-05	9.52314516051356e-05
boot702	0.0633021535784207	9.60883860097862e-05	9.69600768185019e-05	9.67192941198248e-05
boot703	0.0825984082598408	9.68057536330792e-05	9.82732728946536e-05	9.64547178027688e-05
boot704	0.0641110376734964	9.97132189811632e-05	0.000100618754374768	9.88920873010445e-05
boot705	0.0651013874066169	9.62741999702031e-05	9.717882977645e-05	9.50078446611026e-05
boot706	0.0682403433476395	9.64421692615194e-05	9.74414706478292e-05	9.55305799821761e-05
boot707	0.0494964645382473	9.1436410914709e-05	9.19613519907291e-05	9.53583831142789e-05
boot708	0.0700280112044818	9.46307701109702e-05	9.56874222017383e-05	9.59527931840986e-05
boot709	0.0688344594594595	9.5478778054603e-05	9.64792389517896e-05	9.37365662829675e-05
boot710	0.063852131905062	9.13476816001847e-05	9.22040342044321e-05	9.3929582478083e-05
boot711	0.0913409630749298	9.29939289656225e-05	9.4795520746114e-05	9.5770085350094e-05
boot712	0.0809534034786343	9.67592460984847e-05	9.8166472539278e-05	9.62531637908999e-05
boot713	0.0592386655260907	9.57966242290535e-05	9.65470988854504e-05	9.45760135705057e-05
boot714	0.0835301696371054	9.81437298257255e-05	9.96419667249318e-05	9.56549621072192e-05
boot715	0.0679212632489725	9.54828937884393e-05	9.64807951514798e-05	9.46198056648375e-05
boot716	0.0846219931271478	9.86542018127177e-05	0.000100192191873029	9.59439446241871e-05
boot717	0.0575927523727351	9.462012858425e-05	9.53355999228754e-05	9.48872523361452e-05
boot718	0.0647893288164302	9.33428861480396e-05	9.42316553897257e-05	9.29808329424896e-05
boot719	0.0514149924389717	9.58464458033213e-05	9.64175197820423e-05	9.41214886416934e-05
boot720	0.0922091782283885	9.8963204168044e-05	0.000100778045694096	9.60807584640934e-05
boot721	0.0598401382588032	9.61573082964341e-05	9.69308754052768e-05	9.70877987595383e-05
boot722	0.0696818870374378	9.67311585117472e-05	9.77819192520845e-05	9.67118426098619e-05
boot723	0.0755119453924915	9.63387009518101e-05	9.75550093769293e-05	9.5730876740898e-05
boot724	0.0543360139100196	9.77087418898094e-05	9.83504290029652e-05	9.81307974713711e-05
boot725	0.0756087142246903	9.60367960677773e-05	9.72577865988989e-05	9.63859372364406e-05
boot726	0.0693218514531755	9.60176104649525e-05	9.70521678576105e-05	9.53701589768272e-05
boot727	0.0665952890792291	9.38281557114921e-05	9.47778200642857e-05	9.41334747499064e-05
boot728	0.0687421646468867	9.38794629896806e-05	9.48668188610429e-05	9.30906802095101e-05
boot729	0.0525069937594147	9.26707352526134e-05	9.32640178852046e-05	9.53136212395799e-05
boot730	0.0667095667095667	9.67253944859239e-05	9.76799561098145e-05	9.56847435841598e-05
boot731	0.0739084132055378	9.46037932914234e-05	9.57672551748229e-05	9.40664957348594e-05
boot732	0.0837032339885859	9.45768643147396e-05	9.60577840738071e-05	9.50314640708996e-05
boot733	0.0758138518680358	9.78900923002695e-05	9.9145879963601e-05	9.59885296838545e-05
boot734	0.066017316017316	9.59907384894735e-05	9.69340904405839e-05	9.60233108782611e-05
boot735	0.0658333333333333	9.3888744212963e-05	9.47916666666667e-05	9.31593605324074e-05
boot736	0.0743127147766323	9.6146115674528e-05	9.73321937624733e-05	9.6206986934613e-05
boot737	0.0598122680637415	0.000100431503286976	0.00010121244793027	9.71004533759262e-05
boot738	0.0679284963196635	9.58450552659163e-05	9.6815461283214e-05	9.54212089585979e-05
boot739	0.075	9.67923231272295e-05	9.80046076099881e-05	9.69174715996453e-05
boot740	0.0566198382290336	9.48266856230896e-05	9.55090623964148e-05	9.40188393232088e-05
boot741	0.071535660741058	9.67958524170504e-05	9.78918795658316e-05	9.56790357684051e-05
boot742	0.0533246977547496	9.50728729320184e-05	9.56867596743835e-05	9.60902451352516e-05
boot743	0.0685075885328836	9.28098328218805e-05	9.37991434640792e-05	9.25656732969495e-05
boot744	0.0642948992713245	9.75911657494119e-05	9.8477113900357e-05	9.66221550373815e-05
boot745	0.0667503661853944	9.1410358046928e-05	9.23426893685192e-05	9.27511941654039e-05
boot746	0.0577127095268407	9.48256416507712e-05	9.55323585701282e-05	9.53168779220576e-05
boot747	0.0724762726488352	9.13643521157334e-05	9.249740002278e-05	9.50730125376716e-05
boot748	0.0731813246471227	9.55548196134787e-05	9.67177960037301e-05	9.67810091451421e-05
boot749	0.0786395147313692	9.8953805473188e-05	0.000100293531053167	9.67979462651888e-05
boot750	0.0694293773052723	9.7057578925491e-05	9.8103454046558e-05	9.51310034143911e-05
boot751	0.0627632687447346	9.4452776547695e-05	9.52824370160025e-05	9.31721112885327e-05
boot752	0.0774165953806672	9.63172880899663e-05	9.75990094843918e-05	9.55181732783964e-05
boot753	0.0639915522703274	9.57889833693502e-05	9.66538025376641e-05	9.48755487959272e-05
boot754	0.0721538129185569	9.65062195360284e-05	9.76309058005965e-05	9.60345723558764e-05
boot755	0.0773809523809524	9.60715032895244e-05	9.73444224628627e-05	9.47902066140793e-05
boot756	0.0458146007278955	9.37837140695361e-05	9.423307772611e-05	9.48332170387873e-05
boot757	0.0891346779440469	9.64364183845866e-05	9.81594699595571e-05	9.61910594145098e-05
boot758	0.044702342574683	9.57350003292994e-05	9.61644650685352e-05	9.56697428127559e-05
boot759	0.0805103387593489	9.70929039599932e-05	9.85187540803507e-05	9.72031988250768e-05
boot760	0.0494445654541494	9.57322760768767e-05	9.62647886129145e-05	9.59060564880241e-05
boot761	0.061731059788474	9.67330538495338e-05	9.75555713851712e-05	9.57250686452171e-05
boot762	0.0682862770847013	9.66046067278493e-05	9.76251835801339e-05	9.7269202046167e-05
boot763	0.0714128278598193	0.000100797952260447	0.000101921997220318	9.84640513333461e-05
boot764	0.059469941822883	9.50646552184807e-05	9.58267052034876e-05	9.44372164574584e-05
boot765	0.0556387759469292	9.14750383743886e-05	9.21374979054976e-05	9.48184598682593e-05
boot766	0.0655526992287918	9.49022311122634e-05	9.58227873196714e-05	9.46586527813358e-05
boot767	0.0886075949367089	9.56691655307349e-05	9.73536336449739e-05	9.5052613206994e-05
boot768	0.0593220338983051	9.27979491574114e-05	9.35435219764435e-05	9.43703279972636e-05
boot769	0.0589218554116172	9.3923129184156e-05	9.46485334978099e-05	9.27803829591509e-05
boot770	0.0493932297210986	9.33078865248405e-05	9.38273012879406e-05	9.42218997879251e-05
boot771	0.0584126984126984	9.60276854617998e-05	9.67498110355253e-05	9.35514742487672e-05
boot772	0.0706208662257307	9.66691319201735e-05	9.77332041937969e-05	9.62435845927388e-05
boot773	0.0687580575848732	9.41839413579033e-05	9.51997708557213e-05	9.51631652810441e-05
boot774	0.0586828950228211	9.69406270148712e-05	9.76890908636561e-05	9.69467666771699e-05
boot775	0.0711243611584327	9.75060720500232e-05	9.85833026186337e-05	9.64446393695607e-05
boot776	0.0627967198964178	9.67090625737588e-05	9.7560039705772e-05	9.61522157623239e-05
boot777	0.0679270169267971	9.66496784056724e-05	9.76639847649983e-05	9.75197546308295e-05
boot778	0.0785351397121084	9.57988260697894e-05	9.71044501531087e-05	9.47024285280222e-05
boot779	0.0637265245832454	9.01569009079549e-05	9.10138475075453e-05	9.3602032197142e-05
boot780	0.0540540540540541	0.000100557301326088	0.000101199323026742	9.98343744517737e-05
boot781	0.0735478478896782	9.27324751142826e-05	9.38627061901713e-05	9.32575093364707e-05
boot782	0.0693666523050409	9.45632276586431e-05	9.55997921679081e-05	9.48412737615295e-05
boot783	0.0660888407367281	9.66673468599049e-05	9.76137682835072e-05	9.75829720712068e-05
boot784	0.0729476818375159	9.46219861160166e-05	9.57537096986341e-05	9.45274457512879e-05
boot785	0.0561916878710772	9.53258394318119e-05	9.59953699207433e-05	9.5174895940167e-05
boot786	0.0455040278684955	9.96172081823832e-05	0.000100068028246014	9.73020607115449e-05
boot787	0.0491405905685324	0.000101199277221586	0.000101731405392901	9.91718634315933e-05
boot788	0.0711206896551724	9.27341972174956e-05	9.38243162901308e-05	9.6978554304707e-05
boot789	0.0619524405506884	9.1139169283728e-05	9.19397752266122e-05	9.21480839818994e-05
boot790	0.0530027783714469	9.64167248836688e-05	9.70171297811026e-05	9.48487059540804e-05
boot791	0.0695924764890282	9.22346677379853e-05	9.32468125204046e-05	9.22160840481964e-05
boot792	0.0539614561027837	9.69513232241011e-05	9.75748432979197e-05	9.61749668963606e-05
boot793	0.0744475434456125	9.59804043671492e-05	9.71695132976548e-05	9.60375049811913e-05
boot794	0.0538135593220339	9.53538564677986e-05	9.59673944268888e-05	9.40241501687125e-05
boot795	0.0521081081081081	9.70725234043393e-05	9.76596055514974e-05	9.65941931178805e-05
boot796	0.0528988573846805	9.47735877708153e-05	9.53656929575704e-05	9.46151877912545e-05
boot797	0.0773757628596338	9.60359234860448e-05	9.73408512711603e-05	9.82812794102403e-05
boot798	0.0461807835412563	9.6727293183362e-05	9.71940615721745e-05	9.7088370052945e-05
boot799	0.0802058760454643	9.55686254799751e-05	9.694820569705e-05	9.57208886229818e-05
boot800	0.0626210458360232	0.000100431421363624	0.000101275276621123	9.79586397595243e-05
boot801	0.0714285714285714	9.47699579977978e-05	9.58610702339669e-05	9.54678410365867e-05
boot802	0.0591226954863319	9.48631940196632e-05	9.56039215300615e-05	9.54700042081639e-05
boot803	0.0851155757182977	9.65325330570449e-05	9.80975927308097e-05	9.5323683852459e-05
boot804	0.0625803686240892	9.52493488458871e-05	9.60886764363558e-05	9.51866040290635e-05
boot805	0.0622050622050622	9.55156540968497e-05	9.6345656191216e-05	9.56134778870918e-05
boot806	0.0569794535056132	9.25021192948653e-05	9.31898248915182e-05	9.31565140180329e-05
boot807	0.0606585788561525	9.58826618213022e-05	9.66797725641203e-05	9.58953301884649e-05
boot808	0.0613310134841235	9.69039366264488e-05	9.77220082260551e-05	9.62303165308121e-05
boot809	0.0767907076790708	9.56630957792218e-05	9.69315003362991e-05	9.63377390335051e-05
boot810	0.0582789816957711	9.52970592004222e-05	9.60116478197145e-05	9.49677834999218e-05
boot811	0.0616482803374432	9.52375984677909e-05	9.60596859582871e-05	9.52700670017338e-05
boot812	0.064176861987551	9.65532104862054e-05	9.74372348722474e-05	9.62803723651591e-05
boot813	0.0582359192348565	9.34201121482968e-05	9.41409245370595e-05	9.39102484428028e-05
boot814	0.0836909871244635	9.73199227753992e-05	9.8822965978375e-05	9.65254344951044e-05
boot815	0.068118128907092	9.30504090187762e-05	9.4050641716729e-05	9.59074669018447e-05
boot816	0.0518957847913578	9.53114091547098e-05	9.58818756827994e-05	9.38218571367084e-05
boot817	0.0784186649384316	9.36423204321628e-05	9.49707902983814e-05	9.51457399268106e-05
boot818	0.0789934354485777	9.90420528613047e-05	0.000100407471426725	9.72671899843922e-05
boot819	0.0462702702702703	9.65889571792391e-05	9.70518626734843e-05	9.75272818589225e-05
boot820	0.0678472370386174	9.3974303160284e-05	9.49564340699862e-05	9.465535758764e-05
boot821	0.0614452617914323	9.4956727081008e-05	9.57735856263602e-05	9.61931756076875e-05
boot822	0.0775343642611684	9.55336283422177e-05	9.68247747428585e-05	9.48567922413117e-05
boot823	0.0836199484092863	9.65972826556717e-05	9.81003556934988e-05	9.73119826062254e-05
boot824	0.0743157894736842	9.3551979005686e-05	9.47146814404432e-05	9.48863216212276e-05
boot825	0.0795935647756139	9.43742700202924e-05	9.57153232704385e-05	9.33917770127302e-05
boot826	0.065948275862069	9.753176220581e-05	9.84690844233056e-05	9.66793871917155e-05
boot827	0.0430570505920344	9.59114846169113e-05	9.63106040153365e-05	9.61428740881483e-05
boot828	0.0963934426229508	9.56727518553927e-05	9.77037236107379e-05	9.70522766875413e-05
boot829	0.0660515831411197	9.49812893226532e-05	9.58961166733448e-05	9.33967502669791e-05
boot830	0.0539536915683705	9.80849889800333e-05	9.87208563530903e-05	9.81389776209295e-05
boot831	0.0588860544217687	9.43928420904073e-05	9.5129995025221e-05	9.46938557326232e-05
boot832	0.0815728927002719	9.32798236836126e-05	9.46716113480113e-05	9.24196970769187e-05
boot833	0.0634886703719538	9.47803790668669e-05	9.56420317529718e-05	9.39958667095513e-05
boot834	0.067237687366167	9.57814179608794e-05	9.67494921797982e-05	9.69601206854601e-05
boot835	0.0622568093385214	9.69197222876668e-05	9.77575757915607e-05	9.61496696219063e-05
boot836	0.0677856681730148	9.57483191534285e-05	9.67371069325682e-05	9.51004078022156e-05
boot837	0.0616854908774978	9.68296993562991e-05	9.76561762860988e-05	9.62570800373263e-05
boot838	0.0651152860802733	9.41273196025314e-05	9.50325289281753e-05	9.53319948459037e-05
boot839	0.0883542686821375	9.28451958992534e-05	9.4507209268288e-05	9.36049596533199e-05
boot840	0.0812193562140269	9.57059482263739e-05	9.71121694635986e-05	9.54173048029727e-05
boot841	0.0811868947043066	9.24782830543129e-05	9.38364763103871e-05	9.16081560496034e-05
boot842	0.0686723348593852	9.71156347777141e-05	9.81437336604348e-05	9.65517734403732e-05
boot843	0.0502263418840267	9.56908246090298e-05	9.62346240095582e-05	9.67755185522673e-05
boot844	0.0606385258195843	9.56728303051844e-05	9.64607092024573e-05	9.57329770366697e-05
boot845	0.0570703868103995	9.13483164515661e-05	9.20367605544384e-05	9.37768337164005e-05
boot846	0.0735828877005348	9.40118384457556e-05	9.51700077211244e-05	9.38922006244492e-05
boot847	0.0750711315386299	9.78767002497418e-05	9.91101593853273e-05	9.73960612250855e-05
boot848	0.0707772470690404	9.58238983273857e-05	9.69114838034326e-05	9.63743429017544e-05
boot849	0.0615942028985507	9.3900161062195e-05	9.47087386049716e-05	9.54279593306624e-05
boot850	0.0736819817912344	9.17372811736158e-05	9.28867697276459e-05	9.29731066602613e-05
boot851	0.0640134765213729	9.62417331129237e-05	9.71045937522904e-05	9.4308046136895e-05
boot852	0.0732226479352916	9.32804304246501e-05	9.44216726917118e-05	9.43324070546789e-05
boot853	0.0878101402373247	9.65060540455825e-05	9.81696183883006e-05	9.62514111713486e-05
boot854	0.0624866252942435	9.54233951767705e-05	9.62589565593221e-05	9.50647850572231e-05
boot855	0.0640425531914894	9.55058031457384e-05	9.63784517881394e-05	9.46878726293788e-05
boot856	0.0731497418244406	9.79975234003859e-05	9.914874644879e-05	9.68152890321485e-05
boot857	0.0694298337891858	9.1854602636366e-05	9.28688045761922e-05	9.40017305410773e-05
boot858	0.0617495711835334	9.38824937837768e-05	9.47000344230028e-05	9.54390184590432e-05
boot859	0.0620406398616515	9.52900071177845e-05	9.6122052296004e-05	9.56437189992026e-05
boot860	0.0693754052301707	9.80297000836006e-05	9.90698874297969e-05	9.66639223173106e-05
boot861	0.0550981633945535	9.13857094865689e-05	9.20265808417415e-05	9.38134774314485e-05
boot862	0.0876255610173114	9.58328959409021e-05	9.74738959288479e-05	9.54494427610894e-05
boot863	0.0526544821583986	9.81506611170225e-05	9.87539018679731e-05	9.70238027796054e-05
boot864	0.0670157068062827	9.01973070396969e-05	9.11378525807955e-05	9.18746928581198e-05
boot865	0.0649267982176957	9.62586385875989e-05	9.71530771886601e-05	9.51381927104782e-05
boot866	0.0569727891156463	9.56601602502957e-05	9.63501897357582e-05	9.38949667559073e-05
boot867	0.0638804677349502	9.707224231026e-05	9.79558963072362e-05	9.75784407481486e-05
boot868	0.0512820512820513	9.6887759765251e-05	9.74450491875216e-05	9.48991260744835e-05
boot869	0.0696228760878574	9.46578182944023e-05	9.56622411859782e-05	9.22497514228968e-05
boot870	0.0859982713915298	9.68220892848952e-05	9.84201235723479e-05	9.68374437468122e-05
boot871	0.0720701454234388	9.54362978030391e-05	9.65470988854504e-05	9.53554688783761e-05
boot872	0.0761216244950032	9.37123099990053e-05	9.49443962664427e-05	9.41361244491336e-05
boot873	0.0693877551020408	9.4724509067761e-05	9.57588077913058e-05	9.66441216571654e-05
boot874	0.0883294218049925	9.83901433661315e-05	0.000100054766100589	9.64227736604577e-05
boot875	0.0546554331389069	9.57255245883509e-05	9.6370851089021e-05	9.64706509145163e-05
boot876	0.0479983232026829	9.38391618010821e-05	9.43220456892123e-05	9.26538168009634e-05
boot877	0.0778135048231511	9.56130955244326e-05	9.69110465496979e-05	9.44231913447542e-05
boot878	0.0751605995717345	9.72363865004801e-05	9.84460472559368e-05	9.52826824143058e-05
boot879	0.0749039692701665	9.36630332279064e-05	9.48603453517702e-05	9.33654569319939e-05
boot880	0.0805892547660312	9.33016497711898e-05	9.47086315700945e-05	9.63292675163153e-05
boot881	0.0762942779291553	9.42003049160583e-05	9.5420346174648e-05	9.37614819612571e-05
boot882	0.0594227504244482	9.22112684642701e-05	9.29606452189403e-05	9.42553656134187e-05
boot883	0.0688566013897663	9.18939298298061e-05	9.28922940233098e-05	9.3425242302349e-05
boot884	0.0582337883959044	9.4784072896521e-05	9.55074462137008e-05	9.58780477697377e-05
boot885	0.0754675946063506	9.65306485104724e-05	9.77693083268422e-05	9.75908373723936e-05
boot886	0.0809665112335736	9.46592924767293e-05	9.60487744481868e-05	9.43404211994879e-05
boot887	0.044350580781415	9.37852487223434e-05	9.42006603412767e-05	9.49184652434524e-05
boot888	0.0518898142216528	9.57749175198117e-05	9.6349880752773e-05	9.45728004506838e-05
boot889	0.0755953681450732	9.85178766237551e-05	9.9766436747196e-05	9.84114138139378e-05
boot890	0.0716247623072047	9.38659916211901e-05	9.49498932851587e-05	9.33564151373368e-05
boot891	0.0619584055459272	9.55665423415102e-05	9.63981809935452e-05	9.60959906172947e-05
boot892	0.0770386266094421	9.52929291867234e-05	9.65665236051502e-05	9.71814471382966e-05
boot893	0.0664612676056338	0.000102185937479809	0.00010315801056338	9.91637114871849e-05
boot894	0.0531390614956075	9.56261019809196e-05	9.62311501610426e-05	9.64766952081268e-05
boot895	0.0779735682819383	9.95748683667543e-05	0.00010091404839993	9.93458582793676e-05
boot896	0.0685338425631233	9.63815957159775e-05	9.73781769967895e-05	9.49307168847803e-05
boot897	0.0592686002522068	9.39673671319823e-05	9.47056535918091e-05	9.26248711331679e-05
boot898	0.0619974608548455	9.22689828308411e-05	9.30822890416849e-05	9.28520311766596e-05
boot899	0.0549820939540763	9.60614541992056e-05	9.66982839138832e-05	9.39258062395649e-05
boot900	0.0848433169899808	9.68046260764756e-05	9.83391365087634e-05	9.59288728625436e-05
boot901	0.0657644322266864	9.29439821706105e-05	9.38585435041056e-05	9.43501340497687e-05
boot902	0.071813672633168	9.47403930817578e-05	9.5852578455289e-05	9.61686248918637e-05
boot903	0.066149536737772	9.69731014448478e-05	9.79159502297264e-05	9.48088178639784e-05
boot904	0.0774662957414937	9.16775981156315e-05	9.29617896362625e-05	9.53455855809568e-05
boot905	0.0667793744716822	9.44495507675904e-05	9.53919609228797e-05	9.40011471534049e-05
boot906	0.0429383287728899	9.61917634564313e-05	9.65798291431938e-05	9.50129449285148e-05
boot907	0.0633183086499249	9.97094388922852e-05	0.00010056996866483	9.67219643052029e-05
boot908	0.0672342283344248	9.86055058367511e-05	9.95922863343992e-05	9.73375994143115e-05
boot909	0.0722917108331567	9.56557309323973e-05	9.67636578891887e-05	9.55120103742989e-05
boot910	0.0582690659811482	9.64721984525321e-05	9.71995515052989e-05	9.39434314552547e-05
boot911	0.056160580824258	9.36700393339711e-05	9.4343541541641e-05	9.41861420825338e-05
boot912	0.0777848235045445	9.52256638587112e-05	9.6504564464848e-05	9.49399737215358e-05
boot913	0.0474452554744526	9.50600553395464e-05	9.55433211761793e-05	9.71107070074176e-05
boot914	0.0985221674876847	9.2326620841386e-05	9.44055708277795e-05	9.52750553074386e-05
boot915	0.0727580372250423	9.41653727225798e-05	9.52850283868862e-05	9.38273074095249e-05
boot916	0.0680286894153445	9.44630371364983e-05	9.54688842531185e-05	9.52888730506391e-05
boot917	0.0719965613582635	9.67594262050653e-05	9.78734397119242e-05	9.59110784900003e-05
boot918	0.0742424242424242	9.63032387176425e-05	9.74962987950001e-05	9.67760048338561e-05
boot919	0.0672873465933136	9.41390404842735e-05	9.50970572027604e-05	9.42592046792944e-05
boot920	0.059739705568594	9.58337515152536e-05	9.65951836512515e-05	9.36316004262173e-05
boot921	0.0642064846416382	9.79041802377424e-05	9.87835472748663e-05	9.70404688670116e-05
boot922	0.0697332493173703	9.32120387598687e-05	9.42334052921851e-05	9.36209782631002e-05
boot923	0.0811038550663577	9.40700350212629e-05	9.5455717622195e-05	9.27305060044144e-05
boot924	0.0831936295054485	9.46765169467156e-05	9.61268899539012e-05	9.47618043162859e-05
boot925	0.0870798777826277	9.52741807305841e-05	9.69291141907843e-05	9.63969503938984e-05
boot926	0.0568037303942348	9.47359251821533e-05	9.5419830181454e-05	9.44610262997489e-05
boot927	0.0781080494684313	9.7627111039758e-05	9.89507967398584e-05	9.68312450125726e-05
boot928	0.0668591737005775	9.83261789723411e-05	9.93191041406939e-05	9.78884199749274e-05
boot929	0.0674157303370786	9.56639068631336e-05	9.66459467717079e-05	9.58929526603504e-05
boot930	0.0635538261997406	9.50152783641025e-05	9.5888406082353e-05	9.48473116870343e-05
boot931	0.0717827117913343	9.37298452459648e-05	9.48405927588162e-05	9.52248854148104e-05
boot932	0.0471237529187009	9.55025805437564e-05	9.59739556422796e-05	9.333290076229e-05
boot933	0.067258883248731	9.43282269114491e-05	9.52850283868862e-05	9.36135305362206e-05
boot934	0.0780845556514236	9.50905558318673e-05	9.6405740868813e-05	9.52311631268797e-05
boot935	0.0650441524876158	9.68740163063236e-05	9.77852249586674e-05	9.54630036536931e-05
boot936	0.0601822420004238	9.16481125128325e-05	9.24156272939721e-05	9.358766316897e-05
boot937	0.0646524403126981	9.2593616075589e-05	9.34767637701563e-05	9.4828139327395e-05
boot938	0.0749087787078772	9.7430639372583e-05	9.86350448517643e-05	9.60621967960533e-05
boot939	0.0771746239372139	9.5847226523495e-05	9.71456617927015e-05	9.63378335489102e-05
boot940	0.0557651991614256	9.66543366789755e-05	9.73062774415569e-05	9.348465295271e-05
boot941	0.0720510095642933	9.61545062065794e-05	9.7257874533728e-05	9.59564354572031e-05
boot942	0.0741371964209629	9.56809968016856e-05	9.68519222156525e-05	9.61029027780684e-05
boot943	0.0657752857450938	9.40824235367679e-05	9.50154380320987e-05	9.47156397383074e-05
boot944	0.0659780775716695	9.40368121745719e-05	9.49544147715478e-05	9.36426801809746e-05
boot945	0.081246053462429	9.65195342390558e-05	9.79089093607607e-05	9.57569799426147e-05
boot946	0.0526429341963323	9.51977705421833e-05	9.57956731356675e-05	9.51830077631517e-05
boot947	0.0559288965965749	9.81011750963125e-05	9.87792677636679e-05	9.76199375263668e-05
boot948	0.0825335892514395	9.26495360977061e-05	9.41022538103795e-05	9.36760771106503e-05
boot949	0.0677682493202259	9.40610182693131e-05	9.50215988206472e-05	9.28084642742208e-05
boot950	0.0594412938458307	9.14177902805403e-05	9.21599174416548e-05	9.34602453567498e-05
boot951	0.0887613159637889	0.000100055277874987	0.000101794860831848	9.83226918298485e-05
boot952	0.0595799399914273	9.79919293174261e-05	9.87527028385109e-05	9.56442848438417e-05
boot953	0.0705100728675525	9.59877275664898e-05	9.70532377198947e-05	9.6658843134699e-05
boot954	0.0838107362614046	9.44471415532825e-05	9.59375382247612e-05	9.43095312059067e-05
boot955	0.0678867844222175	9.64350615170897e-05	9.74158266797176e-05	9.58948556684316e-05
boot956	0.0549169859514687	9.10612496547321e-05	9.17031984299543e-05	9.37319857030807e-05
boot957	0.0589754627636677	9.46866250743216e-05	9.54352486662692e-05	9.51739144569645e-05
boot958	0.0586745462220346	9.47802671800699e-05	9.55068822865203e-05	9.39887226713482e-05
boot959	0.0750326228795128	9.63556854582353e-05	9.7580107923694e-05	9.71817398499709e-05
boot960	0.0494329124759255	9.62397687521932e-05	9.67626903947895e-05	9.54453464985114e-05
boot961	0.0506024096385542	9.69954901573112e-05	9.75564110469559e-05	9.67512586783283e-05
boot962	0.0543268198410994	9.8362681661816e-05	9.89964380187083e-05	9.62924907644439e-05
boot963	0.0665807560137457	9.51807355341175e-05	9.61328397161111e-05	9.58553920000596e-05
boot964	0.0603911454975285	9.49649536928006e-05	9.57487685336568e-05	9.45494656166761e-05
boot965	0.0665374677002584	9.82271922130739e-05	9.91805157720668e-05	9.65914227372942e-05
boot966	0.0555091819699499	9.22880369966566e-05	9.29310397685625e-05	9.33824757697101e-05
boot967	0.0786109927567107	9.23130682413367e-05	9.36295761625544e-05	9.58222090297787e-05
boot968	0.0600638977635783	9.70403100677276e-05	9.78087172699754e-05	9.62739706581119e-05
boot969	0.0750816104461371	9.90382858974583e-05	0.000100265108144942	9.72751457167401e-05
boot970	0.0708559046587216	9.8967407808707e-05	0.000100055286297332	9.77710049736633e-05
boot971	0.0662237462494642	9.36330348831712e-05	9.45729372765088e-05	9.49394343388181e-05
boot972	0.0682392586352148	9.24386235698847e-05	9.34193726050751e-05	9.30965670050913e-05
boot973	0.0751543538428784	9.30327387519973e-05	9.42352460761491e-05	9.53662450881246e-05
boot974	0.0671817986692423	9.37964498394049e-05	9.47651972256325e-05	9.50787652763901e-05
boot975	0.0669856459330144	9.78813348813378e-05	9.88572106449444e-05	9.55119681102031e-05
boot976	0.0667790183273646	9.08773512600543e-05	9.18167734822508e-05	9.32206856738175e-05
boot977	0.0840592334494774	9.56800123476607e-05	9.72187655550025e-05	9.7048217550586e-05
boot978	0.0683336926061651	9.90384027935199e-05	0.00010004497609492	9.68064703131697e-05
boot979	0.0861511953478355	9.95265962062982e-05	0.000101125137765605	9.62560201394957e-05
boot980	0.0704921555985386	9.62050450392729e-05	9.72729891615442e-05	9.64161442706105e-05
boot981	0.0738599871547848	9.48526649985945e-05	9.60205728775294e-05	9.56549178713668e-05
boot982	0.0335001087665869	0.000101022130664324	0.000101266258853877	9.73859629538686e-05
boot983	0.0614657210401891	9.34125911331516e-05	9.42245479057694e-05	9.46454956159218e-05
boot984	0.0739886816181094	9.26474447704799e-05	9.37948614562032e-05	9.23215504021669e-05
boot985	0.0687609841827768	9.63035721156381e-05	9.73422524640089e-05	9.63389832391931e-05
boot986	0.063811744753021	9.65296212895751e-05	9.73928688554909e-05	9.63103626391534e-05
boot987	0.038403451995685	9.49189046590895e-05	9.52370977821067e-05	9.65229257930471e-05
boot988	0.0789196032918337	9.28164946822067e-05	9.41307600934201e-05	9.37231269712256e-05
boot989	0.0644263698630137	9.49077856106857e-05	9.57962182163633e-05	9.54118135566447e-05
boot990	0.084749362786746	9.52474558502028e-05	9.67730409166342e-05	9.45868203361055e-05
boot991	0.0689140174951995	9.326036341134e-05	9.42736217444589e-05	9.5620744760066e-05
boot992	0.0569432684165961	9.50737375792311e-05	9.57601338150407e-05	9.35540871796839e-05
boot993	0.0528003420265071	9.31268389508573e-05	9.37227936575944e-05	9.45616861859078e-05
boot994	0.0734536082474227	9.24830607837881e-05	9.36418736198203e-05	9.42223302255917e-05
boot995	0.0566241625243138	9.57145182981816e-05	9.64074717845831e-05	9.69705040634503e-05
boot996	0.0700498807200173	9.7189346255928e-05	9.82535374918614e-05	9.68532858656333e-05
boot997	0.079855195911414	9.40964609743086e-05	9.5454393749873e-05	9.39087403474146e-05
boot998	0.0568132346538964	9.76160983082424e-05	9.83186981410327e-05	9.70218882765823e-05
boot999	0.0781216648879402	9.46460510861324e-05	9.59487180071278e-05	9.47347004310799e-05
boot1000	0.0728434504792332	9.65878113342475e-05	9.7717985621302e-05	9.47248654488119e-05
