V1	V2	V3	V4
boot1	NA	NA	NA	NA
boot2	NA	NA	NA	NA
boot3	NA	NA	NA	NA
boot4	NA	NA	NA	NA
boot5	NA	NA	NA	NA
boot6	NA	NA	NA	NA
boot7	NA	NA	NA	NA
boot8	NA	NA	NA	NA
boot9	NA	NA	NA	NA
boot10	NA	NA	NA	NA
boot11	NA	NA	NA	NA
boot12	NA	NA	NA	NA
boot13	NA	NA	NA	NA
boot14	NA	NA	NA	NA
boot15	NA	NA	NA	NA
boot16	NA	NA	NA	NA
boot17	NA	NA	NA	NA
boot18	NA	NA	NA	NA
boot19	NA	NA	NA	NA
boot20	NA	NA	NA	NA
boot21	NA	NA	NA	NA
boot22	NA	NA	NA	NA
boot23	NA	NA	NA	NA
boot24	NA	NA	NA	NA
boot25	NA	NA	NA	NA
boot26	NA	NA	NA	NA
boot27	NA	NA	NA	NA
boot28	NA	NA	NA	NA
boot29	NA	NA	NA	NA
boot30	NA	NA	NA	NA
boot31	NA	NA	NA	NA
boot32	NA	NA	NA	NA
boot33	NA	NA	NA	NA
boot34	NA	NA	NA	NA
boot35	NA	NA	NA	NA
boot36	NA	NA	NA	NA
boot37	NA	NA	NA	NA
boot38	NA	NA	NA	NA
boot39	NA	NA	NA	NA
boot40	NA	NA	NA	NA
boot41	NA	NA	NA	NA
boot42	NA	NA	NA	NA
boot43	NA	NA	NA	NA
boot44	NA	NA	NA	NA
boot45	NA	NA	NA	NA
boot46	NA	NA	NA	NA
boot47	NA	NA	NA	NA
boot48	NA	NA	NA	NA
boot49	NA	NA	NA	NA
boot50	NA	NA	NA	NA
boot51	NA	NA	NA	NA
boot52	NA	NA	NA	NA
boot53	NA	NA	NA	NA
boot54	NA	NA	NA	NA
boot55	NA	NA	NA	NA
boot56	NA	NA	NA	NA
boot57	NA	NA	NA	NA
boot58	NA	NA	NA	NA
boot59	NA	NA	NA	NA
boot60	NA	NA	NA	NA
boot61	NA	NA	NA	NA
boot62	NA	NA	NA	NA
boot63	NA	NA	NA	NA
boot64	NA	NA	NA	NA
boot65	NA	NA	NA	NA
boot66	NA	NA	NA	NA
boot67	NA	NA	NA	NA
boot68	NA	NA	NA	NA
boot69	NA	NA	NA	NA
boot70	NA	NA	NA	NA
boot71	NA	NA	NA	NA
boot72	NA	NA	NA	NA
boot73	NA	NA	NA	NA
boot74	NA	NA	NA	NA
boot75	NA	NA	NA	NA
boot76	NA	NA	NA	NA
boot77	NA	NA	NA	NA
boot78	NA	NA	NA	NA
boot79	NA	NA	NA	NA
boot80	NA	NA	NA	NA
boot81	NA	NA	NA	NA
boot82	NA	NA	NA	NA
boot83	NA	NA	NA	NA
boot84	NA	NA	NA	NA
boot85	NA	NA	NA	NA
boot86	NA	NA	NA	NA
boot87	NA	NA	NA	NA
boot88	NA	NA	NA	NA
boot89	NA	NA	NA	NA
boot90	NA	NA	NA	NA
boot91	NA	NA	NA	NA
boot92	NA	NA	NA	NA
boot93	NA	NA	NA	NA
boot94	NA	NA	NA	NA
boot95	NA	NA	NA	NA
boot96	NA	NA	NA	NA
boot97	NA	NA	NA	NA
boot98	NA	NA	NA	NA
boot99	NA	NA	NA	NA
boot100	NA	NA	NA	NA
boot101	NA	NA	NA	NA
boot102	NA	NA	NA	NA
boot103	NA	NA	NA	NA
boot104	NA	NA	NA	NA
boot105	NA	NA	NA	NA
boot106	NA	NA	NA	NA
boot107	NA	NA	NA	NA
boot108	NA	NA	NA	NA
boot109	NA	NA	NA	NA
boot110	NA	NA	NA	NA
boot111	NA	NA	NA	NA
boot112	NA	NA	NA	NA
boot113	NA	NA	NA	NA
boot114	NA	NA	NA	NA
boot115	NA	NA	NA	NA
boot116	NA	NA	NA	NA
boot117	NA	NA	NA	NA
boot118	NA	NA	NA	NA
boot119	NA	NA	NA	NA
boot120	NA	NA	NA	NA
boot121	NA	NA	NA	NA
boot122	NA	NA	NA	NA
boot123	NA	NA	NA	NA
boot124	NA	NA	NA	NA
boot125	NA	NA	NA	NA
boot126	NA	NA	NA	NA
boot127	NA	NA	NA	NA
boot128	NA	NA	NA	NA
boot129	NA	NA	NA	NA
boot130	NA	NA	NA	NA
boot131	NA	NA	NA	NA
boot132	NA	NA	NA	NA
boot133	NA	NA	NA	NA
boot134	NA	NA	NA	NA
boot135	NA	NA	NA	NA
boot136	NA	NA	NA	NA
boot137	NA	NA	NA	NA
boot138	NA	NA	NA	NA
boot139	NA	NA	NA	NA
boot140	NA	NA	NA	NA
boot141	NA	NA	NA	NA
boot142	NA	NA	NA	NA
boot143	NA	NA	NA	NA
boot144	NA	NA	NA	NA
boot145	NA	NA	NA	NA
boot146	NA	NA	NA	NA
boot147	NA	NA	NA	NA
boot148	NA	NA	NA	NA
boot149	NA	NA	NA	NA
boot150	NA	NA	NA	NA
boot151	NA	NA	NA	NA
boot152	NA	NA	NA	NA
boot153	NA	NA	NA	NA
boot154	NA	NA	NA	NA
boot155	NA	NA	NA	NA
boot156	NA	NA	NA	NA
boot157	NA	NA	NA	NA
boot158	NA	NA	NA	NA
boot159	NA	NA	NA	NA
boot160	NA	NA	NA	NA
boot161	NA	NA	NA	NA
boot162	NA	NA	NA	NA
boot163	NA	NA	NA	NA
boot164	NA	NA	NA	NA
boot165	NA	NA	NA	NA
boot166	NA	NA	NA	NA
boot167	NA	NA	NA	NA
boot168	NA	NA	NA	NA
boot169	NA	NA	NA	NA
boot170	NA	NA	NA	NA
boot171	NA	NA	NA	NA
boot172	NA	NA	NA	NA
boot173	NA	NA	NA	NA
boot174	NA	NA	NA	NA
boot175	NA	NA	NA	NA
boot176	NA	NA	NA	NA
boot177	NA	NA	NA	NA
boot178	NA	NA	NA	NA
boot179	NA	NA	NA	NA
boot180	NA	NA	NA	NA
boot181	NA	NA	NA	NA
boot182	NA	NA	NA	NA
boot183	NA	NA	NA	NA
boot184	NA	NA	NA	NA
boot185	NA	NA	NA	NA
boot186	NA	NA	NA	NA
boot187	NA	NA	NA	NA
boot188	NA	NA	NA	NA
boot189	NA	NA	NA	NA
boot190	NA	NA	NA	NA
boot191	NA	NA	NA	NA
boot192	NA	NA	NA	NA
boot193	NA	NA	NA	NA
boot194	NA	NA	NA	NA
boot195	NA	NA	NA	NA
boot196	NA	NA	NA	NA
boot197	NA	NA	NA	NA
boot198	NA	NA	NA	NA
boot199	NA	NA	NA	NA
boot200	NA	NA	NA	NA
boot201	NA	NA	NA	NA
boot202	NA	NA	NA	NA
boot203	NA	NA	NA	NA
boot204	NA	NA	NA	NA
boot205	NA	NA	NA	NA
boot206	NA	NA	NA	NA
boot207	NA	NA	NA	NA
boot208	NA	NA	NA	NA
boot209	NA	NA	NA	NA
boot210	NA	NA	NA	NA
boot211	NA	NA	NA	NA
boot212	NA	NA	NA	NA
boot213	NA	NA	NA	NA
boot214	NA	NA	NA	NA
boot215	NA	NA	NA	NA
boot216	NA	NA	NA	NA
boot217	NA	NA	NA	NA
boot218	NA	NA	NA	NA
boot219	NA	NA	NA	NA
boot220	NA	NA	NA	NA
boot221	NA	NA	NA	NA
boot222	NA	NA	NA	NA
boot223	NA	NA	NA	NA
boot224	NA	NA	NA	NA
boot225	NA	NA	NA	NA
boot226	NA	NA	NA	NA
boot227	NA	NA	NA	NA
boot228	NA	NA	NA	NA
boot229	NA	NA	NA	NA
boot230	NA	NA	NA	NA
boot231	NA	NA	NA	NA
boot232	NA	NA	NA	NA
boot233	NA	NA	NA	NA
boot234	NA	NA	NA	NA
boot235	NA	NA	NA	NA
boot236	NA	NA	NA	NA
boot237	NA	NA	NA	NA
boot238	NA	NA	NA	NA
boot239	NA	NA	NA	NA
boot240	NA	NA	NA	NA
boot241	NA	NA	NA	NA
boot242	NA	NA	NA	NA
boot243	NA	NA	NA	NA
boot244	NA	NA	NA	NA
boot245	NA	NA	NA	NA
boot246	NA	NA	NA	NA
boot247	NA	NA	NA	NA
boot248	NA	NA	NA	NA
boot249	NA	NA	NA	NA
boot250	NA	NA	NA	NA
boot251	NA	NA	NA	NA
boot252	NA	NA	NA	NA
boot253	NA	NA	NA	NA
boot254	NA	NA	NA	NA
boot255	NA	NA	NA	NA
boot256	NA	NA	NA	NA
boot257	NA	NA	NA	NA
boot258	NA	NA	NA	NA
boot259	NA	NA	NA	NA
boot260	NA	NA	NA	NA
boot261	NA	NA	NA	NA
boot262	NA	NA	NA	NA
boot263	NA	NA	NA	NA
boot264	NA	NA	NA	NA
boot265	NA	NA	NA	NA
boot266	NA	NA	NA	NA
boot267	NA	NA	NA	NA
boot268	NA	NA	NA	NA
boot269	NA	NA	NA	NA
boot270	NA	NA	NA	NA
boot271	NA	NA	NA	NA
boot272	NA	NA	NA	NA
boot273	NA	NA	NA	NA
boot274	NA	NA	NA	NA
boot275	NA	NA	NA	NA
boot276	NA	NA	NA	NA
boot277	NA	NA	NA	NA
boot278	NA	NA	NA	NA
boot279	NA	NA	NA	NA
boot280	NA	NA	NA	NA
boot281	NA	NA	NA	NA
boot282	NA	NA	NA	NA
boot283	NA	NA	NA	NA
boot284	NA	NA	NA	NA
boot285	NA	NA	NA	NA
boot286	NA	NA	NA	NA
boot287	NA	NA	NA	NA
boot288	NA	NA	NA	NA
boot289	NA	NA	NA	NA
boot290	NA	NA	NA	NA
boot291	NA	NA	NA	NA
boot292	NA	NA	NA	NA
boot293	NA	NA	NA	NA
boot294	NA	NA	NA	NA
boot295	NA	NA	NA	NA
boot296	NA	NA	NA	NA
boot297	NA	NA	NA	NA
boot298	NA	NA	NA	NA
boot299	NA	NA	NA	NA
boot300	NA	NA	NA	NA
boot301	NA	NA	NA	NA
boot302	NA	NA	NA	NA
boot303	NA	NA	NA	NA
boot304	NA	NA	NA	NA
boot305	NA	NA	NA	NA
boot306	NA	NA	NA	NA
boot307	NA	NA	NA	NA
boot308	NA	NA	NA	NA
boot309	NA	NA	NA	NA
boot310	NA	NA	NA	NA
boot311	NA	NA	NA	NA
boot312	NA	NA	NA	NA
boot313	NA	NA	NA	NA
boot314	NA	NA	NA	NA
boot315	NA	NA	NA	NA
boot316	NA	NA	NA	NA
boot317	NA	NA	NA	NA
boot318	NA	NA	NA	NA
boot319	NA	NA	NA	NA
boot320	NA	NA	NA	NA
boot321	NA	NA	NA	NA
boot322	NA	NA	NA	NA
boot323	NA	NA	NA	NA
boot324	NA	NA	NA	NA
boot325	NA	NA	NA	NA
boot326	NA	NA	NA	NA
boot327	NA	NA	NA	NA
boot328	NA	NA	NA	NA
boot329	NA	NA	NA	NA
boot330	NA	NA	NA	NA
boot331	NA	NA	NA	NA
boot332	NA	NA	NA	NA
boot333	NA	NA	NA	NA
boot334	NA	NA	NA	NA
boot335	NA	NA	NA	NA
boot336	NA	NA	NA	NA
boot337	NA	NA	NA	NA
boot338	NA	NA	NA	NA
boot339	NA	NA	NA	NA
boot340	NA	NA	NA	NA
boot341	NA	NA	NA	NA
boot342	NA	NA	NA	NA
boot343	NA	NA	NA	NA
boot344	NA	NA	NA	NA
boot345	NA	NA	NA	NA
boot346	NA	NA	NA	NA
boot347	NA	NA	NA	NA
boot348	NA	NA	NA	NA
boot349	NA	NA	NA	NA
boot350	NA	NA	NA	NA
boot351	NA	NA	NA	NA
boot352	NA	NA	NA	NA
boot353	NA	NA	NA	NA
boot354	NA	NA	NA	NA
boot355	NA	NA	NA	NA
boot356	NA	NA	NA	NA
boot357	NA	NA	NA	NA
boot358	NA	NA	NA	NA
boot359	NA	NA	NA	NA
boot360	NA	NA	NA	NA
boot361	NA	NA	NA	NA
boot362	NA	NA	NA	NA
boot363	NA	NA	NA	NA
boot364	NA	NA	NA	NA
boot365	NA	NA	NA	NA
boot366	NA	NA	NA	NA
boot367	NA	NA	NA	NA
boot368	NA	NA	NA	NA
boot369	NA	NA	NA	NA
boot370	NA	NA	NA	NA
boot371	NA	NA	NA	NA
boot372	NA	NA	NA	NA
boot373	NA	NA	NA	NA
boot374	NA	NA	NA	NA
boot375	NA	NA	NA	NA
boot376	NA	NA	NA	NA
boot377	NA	NA	NA	NA
boot378	NA	NA	NA	NA
boot379	NA	NA	NA	NA
boot380	NA	NA	NA	NA
boot381	NA	NA	NA	NA
boot382	NA	NA	NA	NA
boot383	NA	NA	NA	NA
boot384	NA	NA	NA	NA
boot385	NA	NA	NA	NA
boot386	NA	NA	NA	NA
boot387	NA	NA	NA	NA
boot388	NA	NA	NA	NA
boot389	NA	NA	NA	NA
boot390	NA	NA	NA	NA
boot391	NA	NA	NA	NA
boot392	NA	NA	NA	NA
boot393	NA	NA	NA	NA
boot394	NA	NA	NA	NA
boot395	NA	NA	NA	NA
boot396	NA	NA	NA	NA
boot397	NA	NA	NA	NA
boot398	NA	NA	NA	NA
boot399	NA	NA	NA	NA
boot400	NA	NA	NA	NA
boot401	NA	NA	NA	NA
boot402	NA	NA	NA	NA
boot403	NA	NA	NA	NA
boot404	NA	NA	NA	NA
boot405	NA	NA	NA	NA
boot406	NA	NA	NA	NA
boot407	NA	NA	NA	NA
boot408	NA	NA	NA	NA
boot409	NA	NA	NA	NA
boot410	NA	NA	NA	NA
boot411	NA	NA	NA	NA
boot412	NA	NA	NA	NA
boot413	NA	NA	NA	NA
boot414	NA	NA	NA	NA
boot415	NA	NA	NA	NA
boot416	NA	NA	NA	NA
boot417	NA	NA	NA	NA
boot418	NA	NA	NA	NA
boot419	NA	NA	NA	NA
boot420	NA	NA	NA	NA
boot421	NA	NA	NA	NA
boot422	NA	NA	NA	NA
boot423	NA	NA	NA	NA
boot424	NA	NA	NA	NA
boot425	NA	NA	NA	NA
boot426	NA	NA	NA	NA
boot427	NA	NA	NA	NA
boot428	NA	NA	NA	NA
boot429	NA	NA	NA	NA
boot430	NA	NA	NA	NA
boot431	NA	NA	NA	NA
boot432	NA	NA	NA	NA
boot433	NA	NA	NA	NA
boot434	NA	NA	NA	NA
boot435	NA	NA	NA	NA
boot436	NA	NA	NA	NA
boot437	NA	NA	NA	NA
boot438	NA	NA	NA	NA
boot439	NA	NA	NA	NA
boot440	NA	NA	NA	NA
boot441	NA	NA	NA	NA
boot442	NA	NA	NA	NA
boot443	NA	NA	NA	NA
boot444	NA	NA	NA	NA
boot445	NA	NA	NA	NA
boot446	NA	NA	NA	NA
boot447	NA	NA	NA	NA
boot448	NA	NA	NA	NA
boot449	NA	NA	NA	NA
boot450	NA	NA	NA	NA
boot451	NA	NA	NA	NA
boot452	NA	NA	NA	NA
boot453	NA	NA	NA	NA
boot454	NA	NA	NA	NA
boot455	NA	NA	NA	NA
boot456	NA	NA	NA	NA
boot457	NA	NA	NA	NA
boot458	NA	NA	NA	NA
boot459	NA	NA	NA	NA
boot460	NA	NA	NA	NA
boot461	NA	NA	NA	NA
boot462	NA	NA	NA	NA
boot463	NA	NA	NA	NA
boot464	NA	NA	NA	NA
boot465	NA	NA	NA	NA
boot466	NA	NA	NA	NA
boot467	NA	NA	NA	NA
boot468	NA	NA	NA	NA
boot469	NA	NA	NA	NA
boot470	NA	NA	NA	NA
boot471	NA	NA	NA	NA
boot472	NA	NA	NA	NA
boot473	NA	NA	NA	NA
boot474	NA	NA	NA	NA
boot475	NA	NA	NA	NA
boot476	NA	NA	NA	NA
boot477	NA	NA	NA	NA
boot478	NA	NA	NA	NA
boot479	NA	NA	NA	NA
boot480	NA	NA	NA	NA
boot481	NA	NA	NA	NA
boot482	NA	NA	NA	NA
boot483	NA	NA	NA	NA
boot484	NA	NA	NA	NA
boot485	NA	NA	NA	NA
boot486	NA	NA	NA	NA
boot487	NA	NA	NA	NA
boot488	NA	NA	NA	NA
boot489	NA	NA	NA	NA
boot490	NA	NA	NA	NA
boot491	NA	NA	NA	NA
boot492	NA	NA	NA	NA
boot493	NA	NA	NA	NA
boot494	NA	NA	NA	NA
boot495	NA	NA	NA	NA
boot496	NA	NA	NA	NA
boot497	NA	NA	NA	NA
boot498	NA	NA	NA	NA
boot499	NA	NA	NA	NA
boot500	NA	NA	NA	NA
boot501	0.0708732110548988	0.000237473975285033	0.000240889584749352	0.000103305018744758
boot502	0.0671738834194722	0.00023742166854146	0.000240482258636204	0.000102044463199481
boot503	0.0416399464524128	0.000242725268122077	0.000243894361276685	0.000101455649371419
boot504	0.0638252218946046	0.00024444853381226	0.000247248249245143	0.000102917750660903
boot505	0.0679005809474995	0.000242428434344674	0.00024556582950134	0.000101962049268073
boot506	0.0585318954062508	0.000244332628401944	0.000246673552980857	0.000102634109321858
boot507	0.0627372022897717	0.000238733023150052	0.000241401513465245	0.000101627241650324
boot508	0.0584178359225036	0.0002396126423483	0.000241956832873882	0.000102655232090729
boot509	0.0578891665842488	0.000245443290003166	0.000247750330777014	0.000101605463505021
boot510	0.0729412818012247	0.000232295181611662	0.000235931520967085	9.97735462186929e-05
boot511	0.0748428102453185	0.000228055059128913	0.000231952812096964	0.000102065996058494
boot512	0.0918806633288429	0.000239101147348891	0.00024487817139554	0.000103265427748844
boot513	0.0549675944305733	0.000251088717745155	0.00025315601078155	0.000101832604772331
boot514	0.0587147838029063	0.000243787885865323	0.000246138622745352	0.000100300553325359
boot515	0.0756054683908923	0.000231615276752777	0.000235499594341493	0.000102146677014262
boot516	0.0503826549450319	0.000240620771710679	0.000242349745357427	0.000101319676991372
boot517	0.0550171549954389	0.000230891062420818	0.000232930859173788	0.000100929638297603
boot518	0.0695489847645549	0.000226723087661898	0.000229999303336451	0.00010139608171049
boot519	0.0590776813475378	0.000242374429636815	0.000244767815633291	0.000103286653265117
boot520	0.0667142583232982	0.000241546746089032	0.000244613821196362	0.000102076144571537
boot521	0.0819828969176378	0.000239110534698064	0.000243599359680558	9.99372817257474e-05
boot522	0.0672800445803378	0.000242718947939621	0.00024585774939241	0.000102294827291346
boot523	0.0759918156673999	0.000238495887417153	0.000242501084389985	0.000103861624024501
boot524	0.0708719544615143	0.000243039180771357	0.000246455384800405	0.000102274061312741
boot525	0.0476522523754577	0.000239279027107619	0.000240854641578496	0.000102841285175978
boot526	0.0650631507347532	0.000246595648263631	0.000249511414533512	0.00010113612905301
boot527	0.0772688457632707	0.000236998535409416	0.000241043548261818	0.00010078569340736
boot528	0.0457593698338759	0.000252156593013269	0.000253613168283911	0.000102398330886868
boot529	0.0715193846928856	0.000245532372309444	0.000249014372016733	0.00010116882157711
boot530	0.0708213545035385	0.000245586880502298	0.000248994376406369	0.000102252647903719
boot531	0.0653656648036988	0.000240307102681308	0.000243231433239389	0.000102792618796507
boot532	0.0733761636831381	0.000240038681321643	0.000243654656469101	0.000100366100446226
boot533	0.07463829390803	0.000255290180360146	0.000259135828543799	0.000101712028806062
boot534	0.0548160955756854	0.000245105288528547	0.000247210388024137	0.000103466282242564
boot535	0.0609688549426539	0.000233177399196162	0.000235703865186675	0.000102629222948871
boot536	0.0683163758185015	0.0002429016654213	0.000246095392498997	0.000102581429519067
boot537	0.0623206878141722	0.000245360888653446	0.00024804484050925	0.000102333257784454
boot538	0.0696515793826945	0.000241866651934931	0.000245235604133829	0.000102153525206239
boot539	0.0754724392943148	0.000243630000251046	0.000247590813627445	0.000102814079117098
boot540	0.0657247490125734	0.000239380524248781	0.000242356186168402	0.000103647532283305
boot541	0.0552388816116144	0.000244819848046843	0.000246990892198905	0.000103867268693325
boot542	0.0636307295343011	0.000240034418567302	0.000242806565465648	0.000103152634479203
boot543	0.0717695444595995	0.000242664085015932	0.000246145623797152	0.000101790699172613
boot544	0.0605055644689467	0.000243254260546883	0.000245788074035552	0.000103023786965421
boot545	0.0483407370877	0.000244462785761862	0.000246104418977809	0.000104507701614959
boot546	0.0512803504455811	0.000239310250858148	0.000241112753949745	0.000101436683335064
boot547	0.0872991304829549	0.000233343886117973	0.00023853773556016	0.000102023119459009
boot548	0.0538051371681745	0.000244934341420618	0.000246902932104453	0.000101888190419342
boot549	0.0545776753195315	0.000242888800057289	0.000244920736490478	0.000103237558403347
boot550	0.0536138656825718	0.000239020318612755	0.000241000451144231	0.000101819641947375
boot551	0.0444029995247251	0.00023126943997439	0.000232610820082462	0.000100511709275108
boot552	0.0578797952318128	0.000246075021108473	0.00024844371253354	0.000103882310640235
boot553	0.0575512533345539	0.000241479884564602	0.000243766995262536	0.000102528277231035
boot554	0.0650800494489274	0.000236636566533842	0.000239477221461459	0.000101139049462752
boot555	0.0479825190648786	0.000234858518703603	0.000236406195846947	9.98896666597334e-05
boot556	0.0777233651714644	0.000229693157716148	0.000233773052766909	0.000101112612324725
boot557	0.0644088741217617	0.000234809541814594	0.000237678362644214	0.000102261279176335
boot558	0.0818998344986753	0.000220401631192394	0.00022499135115629	0.000100306258926342
boot559	0.0594255030549164	0.000244005682178808	0.000246406490190097	0.00010249151487364
boot560	0.049090197457323	0.000242446156018439	0.000244127970175296	0.000102798737522589
boot561	0.0711118517216068	0.000246119605783434	0.000249734945572597	0.000103322084721902
boot562	0.0729988640708093	0.000239235734551832	0.000242839925850749	0.000101784420959409
boot563	0.0550374979109874	0.00024261771385019	0.00024467521246349	0.000100662822955968
boot564	0.0598176906634231	0.000241770256685002	0.00024423027973807	0.000102699338372773
boot565	0.0693658427951776	0.000240418785721695	0.000243690755506592	0.000101963782906011
boot566	0.0744365119026194	0.00024385411656122	0.000247638033009784	0.000102260214367206
boot567	0.0648059772312956	0.000241612314206189	0.000244472319795433	0.000101611256539571
boot568	0.063971240554586	0.000238405339549704	0.000241184194663427	0.000101261343344262
boot569	0.0718895936465993	0.000234954938820186	0.000238449269244143	0.000100631979417727
boot570	0.0762688920163287	0.000248116072233572	0.000252140742774324	0.000102929407428135
boot571	0.0736493954730417	0.000256269118280603	0.000260052240338937	0.000104284021115844
boot572	0.0878218180483816	0.000241738746740072	0.000246948733079756	0.000101717503205201
boot573	0.077917196402957	0.000241497997350558	0.000245623606575191	0.000102331859720733
boot574	0.0921438476975649	0.000238004190899987	0.000243814086623121	0.000103196046693679
boot575	0.0518928546437119	0.000241933657393373	0.000243765315720452	0.000101027052394368
boot576	0.0697687294020682	0.000245449609718505	0.00024879871078739	0.00010302141432387
boot577	0.0545126982112242	0.000241058355844103	0.000243062122514071	0.000100250730449197
boot578	0.0567459911783634	0.000252070707758875	0.000254300531967043	0.000103924445079687
boot579	0.059217429732637	0.000246252137078207	0.000248656181155011	0.000103519412674643
boot580	0.0660040243869954	0.000237741355819646	0.000240755646420499	0.000101748202304077
boot581	0.0773727407208258	0.000243994965812064	0.000248117793763093	0.000102309845267361
boot582	0.0671266057852895	0.000247037424512162	0.000250134878346394	0.000104057075879049
boot583	0.0620835076603077	0.000248561520394168	0.000251328614217843	0.000105224100318618
boot584	0.0689224901694692	0.000251858169445689	0.000255154668281692	0.000102784611422294
boot585	0.0592789367476083	0.000236417346215821	0.000238779585454785	0.000100049576932626
boot586	0.064716714005873	0.000238316955010533	0.0002411955288162	0.000102382504136169
boot587	0.053170934992156	0.000246325533348598	0.000248275151795861	0.000103358953804009
boot588	0.0576815850474281	0.000253805955682266	0.000256178650601782	0.000104773841094814
boot589	0.0666198513226547	0.000243529458945585	0.00024659097944501	0.000101762799985283
boot590	0.0680326174703124	0.000247733933978275	0.000250945292150918	0.000103010906725541
boot591	0.0783662979455658	0.000239855849755852	0.000244088871367491	0.000102875698879457
boot592	0.0656714469212969	0.000237167791440201	0.000240152360781551	0.000103844523003277
boot593	0.0462269890575988	0.000243449773960319	0.000244945269737688	0.000103206433780308
boot594	0.0502913241629812	0.000232898462265542	0.000234596503609159	9.9503552466485e-05
boot595	0.0697237903855777	0.00023595497788004	0.000239265337573968	0.000100489143656804
boot596	0.0761135999136438	0.000252096160859677	0.000256180566679025	0.000104158469289754
boot597	0.0568831749730838	0.000249859803590925	0.000252158493849935	0.000105784479713374
boot598	0.0627178763163556	0.00023660292612277	0.000239278208664139	0.000102253039368172
boot599	0.0541631087436069	0.000248932056944569	0.000250992620859687	0.000103917816491411
boot600	0.0725197644832137	0.000237068380739793	0.000240700102745256	0.000102365065956421
boot601	0.0632700167808068	0.000232476488793873	0.000235205949797985	0.000102032260364419
boot602	0.0605068879298253	0.000242003428022574	0.000244534553349373	0.000102910430012929
boot603	0.0580845811620704	0.000230487899015872	0.000232787083671222	0.000102456888953187
boot604	0.0706131070088307	0.000244254679390138	0.000247705619372927	0.000102827219981422
boot605	0.062758431130376	0.000240232208890682	0.000242914261195946	0.000101288390926855
boot606	0.0498057881755872	0.000240592404645157	0.00024228849431474	0.00010194670161667
boot607	0.0638882422673481	0.000236520871561765	0.000239251308717777	0.000100854601620937
boot608	0.0805686683123587	0.000236557837274555	0.000240984770081029	0.000101831223662726
boot609	0.0684698202463268	0.000228522537681652	0.000231708052626115	0.000101368696819603
boot610	0.0806755871407576	0.00024877125667727	0.000253321984355838	0.000104265668603539
boot611	0.073340749161503	0.000239640950006222	0.000243272079320073	0.000101001563372561
boot612	0.0608599905958899	0.000221758831131201	0.00022421837759733	9.9471085542454e-05
boot613	0.0610752616599403	0.000235413443469646	0.000237976908534276	0.000102675067136342
boot614	0.0578547976088995	0.000236338101473533	0.000238647473590451	0.000102657757922317
boot615	0.0662549286691335	0.000238764727914057	0.000241814705150806	0.00010249696140266
boot616	0.0725677433928962	0.000228029342900234	0.000231527207623856	0.000100559381089039
boot617	0.0602810715264578	0.00022613404831482	0.000228583261036677	9.96256234008761e-05
boot618	0.0540427721012416	0.000249805682904896	0.000251840448349084	0.000102917416253524
boot619	0.074147145660526	0.000238016513398274	0.00024178606345964	0.000102758431841057
boot620	0.0663188677760856	0.000240439070476664	0.000243414853911236	0.000102059006885962
boot621	0.0576005460460562	0.000237752204088982	0.000240025846400968	0.000102235244406445
boot622	0.0681769424102063	0.000235635702172252	0.000238808534308623	0.000102090800647434
boot623	0.0478061388236768	0.000227304785306622	0.000228853094602731	9.96056302691979e-05
boot624	0.0515940095777503	0.0002307447748542	0.000232552970209121	0.000100560448322635
boot625	0.0488570771627292	0.000253202237907436	0.000254898388726491	0.000105111735325621
boot626	0.0550223943055503	0.000243898561749616	0.000246032601415476	0.000105030449874807
boot627	0.0518599828511018	0.000238103370663923	0.000239925019330706	0.000100338649832917
boot628	0.0579054149183835	0.000229749304111875	0.000232011932619519	0.000100427976979377
boot629	0.0678428769123758	0.000240794211072714	0.000243882653594837	0.000101392380185336
boot630	0.062564670795296	0.0002427022556641	0.000245443794661072	0.000102380998806286
boot631	0.05097976428125	0.000234970385884883	0.00023676274570661	0.000102316548378657
boot632	0.0586196520578345	0.000228648473311772	0.000230969484446199	0.000102085619979312
boot633	0.0557975645677469	0.000248362313724572	0.000250556958825819	0.000104682970702776
boot634	0.0689129690401822	0.000234534703786637	0.000237772696830346	0.000100870743199159
boot635	0.0548343102632746	0.000240686944081441	0.000242753565900822	0.000101283501077929
boot636	0.0546233715584772	0.000238378181644977	0.000240399581940838	0.000100656000706212
boot637	0.0732380504415453	0.000239081921124051	0.000242819023203045	0.000103158647589079
boot638	0.0932552504921769	0.00023835882990253	0.000244325087546252	0.000103863823180004
boot639	0.0741503592242591	0.000236481597227302	0.000240257622032534	0.000102364553592108
boot640	0.0687978797727668	0.000249002812105539	0.000252403260923435	0.000106581747584774
boot641	0.0755688157947643	0.000241466367317521	0.000245342993893089	9.85182130428963e-05
boot642	0.0688905219731877	0.000239082592583718	0.00024232174844449	0.000102255515032782
boot643	0.0648610206951944	0.000239907573439219	0.000242737997248626	0.00010107517837924
boot644	0.0761089983936493	0.000235516515327256	0.000239458439946551	0.000101865712289706
boot645	0.055687867709351	0.000243456563980571	0.000245551072315286	0.00010191224356119
boot646	0.0693383933957441	0.000241940707042945	0.000245245602409648	0.000103029437814704
boot647	0.0443485370954669	0.000235285406897078	0.000236623969482094	0.000101955406331422
boot648	0.0516444441145418	0.000236777746634444	0.000238604255080495	0.00010211885433672
boot649	0.0755891927576621	0.000252267322974661	0.000256298178672334	0.000103958760171551
boot650	0.0722497708810436	0.000245246768164092	0.000248778091226279	0.000101722532381097
boot651	0.0753215712516055	0.000248834863574321	0.000252783812895054	0.000103910163822085
boot652	0.0602995379171235	0.000246383740345743	0.000248879335335897	0.000103623495772054
boot653	0.0713451631772322	0.000233131115411369	0.000236562512776033	0.000102597164364059
boot654	0.0696346582996181	0.00023599604511307	0.000239292532920454	0.000102989983674918
boot655	0.0643261105123194	0.000237443854695099	0.000240240291129068	0.000101024033734579
boot656	0.0845138785530531	0.000248758726021488	0.000253741650381377	0.0001029562989921
boot657	0.0637968013157185	0.000241078726618912	0.000243809991753305	0.000100494955990405
boot658	0.0743933850214604	0.000250024181595417	0.000253921036940677	0.000103831716776537
boot659	0.0720205911584086	0.000233430235565705	0.000236972802571299	0.000101620129904455
boot660	0.0678646179453414	0.000242361010920334	0.000245540909330217	0.000102966456361489
boot661	0.0685128810053759	0.000235465705915476	0.000238616080019726	0.000101853379618042
boot662	0.0578848587947838	0.000240924233267369	0.000243248319363589	0.000103267820287898
boot663	0.0916610029556771	0.00024050465533439	0.00024633560421041	0.000102821257661448
boot664	0.0634954552417558	0.000235147886662149	0.000237854705226345	0.000101514791622871
boot665	0.0697569188548614	0.00023988761025218	0.000243263869612578	0.000102531154932135
boot666	0.0533678738529476	0.000238949698758533	0.000240879812181977	0.000102200279216222
boot667	0.0663523757241336	0.00024588358852211	0.000248970576589218	0.000101774257865489
boot668	0.0605735523732357	0.000251497424950686	0.000254003703809753	0.000102145328461871
boot669	0.0571505516944265	0.000235184678082914	0.000237437536111705	0.00010301647529212
boot670	0.0446345314944302	0.00024796409133851	0.000249379810090083	0.000105006698208243
boot671	0.0741850791840526	0.000244820464707913	0.000248637820494129	0.000103931499582787
boot672	0.063670565596825	0.000232665376966398	0.000235355819650373	9.98634049456682e-05
boot673	0.0788619357546954	0.000227175635590775	0.000231352951159343	9.9453632554435e-05
boot674	0.0538191090051418	0.000242984759305516	0.000244992113547322	0.000102252298145777
boot675	0.0631921139156904	0.000239100178128218	0.000241823216734618	0.000102576962397031
boot676	0.0706528674312583	0.000236773903416768	0.000240200158394545	0.000101711192542192
boot677	0.0534679309472604	0.000234790475898579	0.000236722007476571	0.00010103787657767
boot678	0.0733337679314404	0.00024126190081982	0.000244899125927474	0.00010139221407428
boot679	0.0614447042580192	0.000244667758103036	0.000247231076491968	0.000102274632809446
boot680	0.0702216998686263	0.000244721032453924	0.000248278911455097	0.00010559794684584
boot681	0.0809732805465033	0.000249667186034061	0.000254181325232939	0.000102562050841142
boot682	0.0740633109657057	0.000242702955620701	0.000246482271490322	0.000102909588139921
boot683	0.0662759669291354	0.000251786449778232	0.000254866173771884	0.000103894526565714
boot684	0.0628084165816444	0.000254372796605056	0.00025713905216947	0.000104613110980535
boot685	0.0566763639388151	0.000244936237534313	0.000247153898206471	0.000102037860558461
boot686	0.0426633768625245	0.000232709420473539	0.000233920565031079	0.000100114497328422
boot687	0.0536575705058782	0.000246058669539938	0.000248026358857924	0.000102066204285426
boot688	0.0498958597980126	0.000237912634406125	0.000239580231343208	0.000101766539571246
boot689	0.0750313300205546	0.000231907989545174	0.000235732944032831	0.000102106190509338
boot690	0.07953381586379	0.000242455767952146	0.000246828397405596	0.000103836217291929
boot691	0.0536891011595817	0.000243016170166737	0.000245002444481222	0.000102253156883096
boot692	0.0710289193512929	0.000239005386509167	0.000242444098868354	0.000102155978815258
boot693	0.076914554877623	0.000245432212235611	0.000249550200460466	0.000103995737385961
boot694	0.0627908212396789	0.000243804075742017	0.000246543586311779	0.000101869145609509
boot695	0.0492873258218946	0.000241290817778346	0.00024296225048296	0.000101719650256519
boot696	0.0834634677416002	0.000245422864238608	0.000250310884898682	0.00010270995336258
boot697	0.064300518286753	0.000252492748905034	0.000255408513126303	0.000103937991104135
boot698	0.0618415931749016	0.000235889802353885	0.00023852256972132	0.000102502376538796
boot699	0.0630489273468229	0.000240374979747524	0.000243157275542236	0.000104276027573982
boot700	0.0535045834433555	0.000236551651472621	0.000238549846540573	0.000104459632818081
boot701	0.0760159354926267	0.000241235021707757	0.000245174808550189	0.000102699766879027
boot702	0.0743626577415596	0.000240954374658328	0.000244851348813629	0.00010452196717167
boot703	0.0800878753588593	0.00024439606627604	0.000248848551095439	0.000103909445809774
boot704	0.0762798998882836	0.000250691009713335	0.000254834456823887	0.000105610949848522
boot705	0.046992891442862	0.000237903317645867	0.000239387614222984	0.000101257560038763
boot706	0.070106568027868	0.000245557414357887	0.000248929193823346	0.000102895143409138
boot707	0.0512748478792671	0.000240630203409196	0.000242429267789972	0.00010225343613479
boot708	0.071369313899806	0.000242378401604976	0.000245904932363707	0.000103223717871101
boot709	0.0535814507870746	0.000246854320519875	0.000248795946249715	0.000100115516265775
boot710	0.0707961843023768	0.000239718882037914	0.000243094426840161	0.000100430191356353
boot711	0.0742443163600461	0.000239617361719518	0.000243432839461705	0.00010356788989135
boot712	0.0637918976144988	0.000236670105138712	0.00023945746074499	0.000102781251932564
boot713	0.0668475367079377	0.000233399846794881	0.000236437510579737	0.000100879218217047
boot714	0.0819204416696761	0.000254845560371298	0.000259444699879695	0.000102931099483574
boot715	0.0612363221127685	0.000241336498540918	0.000243901737516804	0.000101404068302739
boot716	0.0757207478709743	0.000233663405157591	0.000237559157872337	0.00010216047051994
boot717	0.0605053085947444	0.000241037141837043	0.000243576127593728	0.000101328041235345
boot718	0.0689934914836672	0.000230196041895866	0.000233391097614259	0.000100872814630237
boot719	0.0585566070017597	0.000244968055003917	0.000247333140513407	0.000101112757118745
boot720	0.0713624000789185	0.000236230886182085	0.000239720580565515	0.000102672666967303
boot721	0.0697013680207117	0.000250383140525693	0.000253745025560548	0.000103166062758664
boot722	0.0900654643220825	0.000247500344588579	0.000253084550153735	0.000102749173992652
boot723	0.0667203561083221	0.000244559914260161	0.000247592259107364	0.00010287694283505
boot724	0.0609509595344203	0.000246662082816934	0.000249260997199248	0.000104713560200309
boot725	0.0651572614716597	0.000240523823356841	0.000243396038597616	0.000102781558332598
boot726	0.0671084620584576	0.000239163113026995	0.000242270110150929	0.00010212449301538
boot727	0.0540796388887742	0.000239087868621154	0.000241083076561575	0.000102335474135201
boot728	0.0791240169982543	0.000242700903948281	0.000246915559927211	9.96542022101531e-05
boot729	0.0366574655584926	0.000243900200263772	0.000244833872326212	0.000102216176393855
boot730	0.0615962913652179	0.000242288563279003	0.000244900450669255	0.000102874861871091
boot731	0.0671485271944984	0.000241338198561223	0.000244424513807497	0.000101891718342443
boot732	0.0778165552632491	0.000241114625888431	0.00024520193368963	0.000101719367230683
boot733	0.0675395479611436	0.000249986974350052	0.000253179080977701	0.000103976115899974
boot734	0.0694400716040298	0.000245457561093512	0.000248818779750584	0.00010365979026278
boot735	0.0643214182603769	0.000230054798830946	0.000232809023994809	0.000100305945289612
boot736	0.0722554979529432	0.000244941979054577	0.000248518089440688	0.000103749194383775
boot737	0.0694103393560056	0.000243761897234214	0.000247129577415874	0.000104170236335428
boot738	0.0736529728823797	0.000240696994044284	0.000244331165728608	0.000102535381718464
boot739	0.0881581008886893	0.000239487366493746	0.000244810651988924	0.000102546583973686
boot740	0.063864646477895	0.000234975777777726	0.000237726225445613	0.000100562116139185
boot741	0.0648013512905398	0.000234307501830956	0.00023718867696274	0.000101867166896117
boot742	0.0683766081788379	0.000243892432720617	0.000247123561423697	0.000102913846467932
boot743	0.0621840865655051	0.000227813870423465	0.000230388844044166	9.98075962579163e-05
boot744	0.0598183661050121	0.000239463138470181	0.000241900539659719	0.000102966153483345
boot745	0.0697550948575143	0.000234611195767275	0.000237849930863303	0.000100249383404247
boot746	0.0617184047128389	0.000239193940397115	0.000241776454709241	0.000102302023470318
boot747	0.0800247314079247	0.000240523030082648	0.00024495579994176	0.000101664705462421
boot748	0.0445990577071471	0.000248625027057738	0.000250007580703024	0.000103568898410329
boot749	0.0802589096969975	0.000246897795584145	0.000251370669103453	0.000103905119885081
boot750	0.0581837399908024	0.000240734323981949	0.000243081440873097	0.000103263655973455
boot751	0.0656310606383604	0.000238518143140554	0.000241454744705197	0.000100598430863557
boot752	0.0636563664614895	0.000242211008128193	0.000244979667184191	0.000102448344476524
boot753	0.0697495811046664	0.000238225443103307	0.000241511562782059	0.000101155243632751
boot754	0.0518583951800874	0.000246875208111817	0.000248737839362285	0.000103708674411612
boot755	0.0781588581102844	0.00023271605200374	0.000236830282749131	0.00010092585691249
boot756	0.0506107217762601	0.000241689803467	0.000243459911535108	0.000101883729432242
boot757	0.0802953345208142	0.000238360627773811	0.000242840799644938	0.000104398174700374
boot758	0.0504490484636365	0.000239562274660869	0.000241301924461886	0.000103166394498043
boot759	0.0837004744005038	0.000252185770962633	0.000257119024245659	0.000104477945756477
boot760	0.0484421685557698	0.000242577811747591	0.000244213235069079	0.000102138937842269
boot761	0.0560756381908654	0.000238182898052159	0.000240359120873904	0.000102579501884622
boot762	0.0750730502165358	0.000244594607097159	0.000248561557335658	0.000103286476327222
boot763	0.0649945310308668	0.000249178985576339	0.000252151860880987	0.000104982903729293
boot764	0.0414679171639036	0.000240906777752307	0.000242088438455135	0.000101323822561791
boot765	0.0548984977374875	0.000235627332602994	0.000237703945808353	0.00010224724166124
boot766	0.0545956666938869	0.000235422719641048	0.000237463010504164	0.000101179483786727
boot767	0.0778660063514281	0.000235986610445172	0.000240110376051974	0.000101432380927767
boot768	0.0550536853323143	0.000232235272672715	0.000234264779522704	0.000100569498619101
boot769	0.0661629624850289	0.000236279996803996	0.000239182110577114	9.96582470237789e-05
boot770	0.0700212330411297	0.000244288448026119	0.000247639262315956	0.000101410360423615
boot771	0.0616455377786047	0.000236092575620652	0.000238646842733685	9.97480831891273e-05
boot772	0.0729215215474673	0.000244982086937756	0.000248620042561278	0.00010051911713958
boot773	0.0657733661587517	0.00023979883469269	0.000242764400868815	0.00010246861835874
boot774	0.0546201310953181	0.000250181240522039	0.000252258550979917	0.000103861515291287
boot775	0.0673513535614151	0.000247410518232678	0.000250478839368466	0.000102849813481083
boot776	0.0629843907408092	0.0002419455232794	0.000244700296787343	0.000102465781890294
boot777	0.0530986463834214	0.000245259434523174	0.000247243572588926	0.000105268882346081
boot778	0.0656750651797176	0.000240237130239861	0.000243135101100861	0.000101184930717494
boot779	0.0841959257295837	0.000230728795437685	0.000235484016768843	0.000100564618963665
boot780	0.0558395393443951	0.000249164505259095	0.00025136082328835	0.000105666012347022
boot781	0.0755207235934436	0.000240784095014099	0.000244554632219633	9.98596576866032e-05
boot782	0.0802042010340299	0.000240286931904611	0.000244712436587729	0.000101421367757543
boot783	0.0514602906944904	0.000246222626321307	0.000248054223694431	0.000104860741735726
boot784	0.0839991637073118	0.000228632920210275	0.000233383536179378	0.000102204022686119
boot785	0.0616613066843224	0.00023736317768466	0.000239939566297584	0.000102241026587992
boot786	0.0675101152764346	0.000243415519400314	0.000246611348003683	0.000103436971067736
boot787	0.0611885593765239	0.000246729061873946	0.000249390812095471	0.000104464264539281
boot788	0.0719444240460001	0.000235308637271401	0.00023887278997105	0.000103796559367239
boot789	0.0532673269725328	0.000233870787547905	0.000235747588404512	9.9762588282783e-05
boot790	0.0496833367726603	0.000243335978627997	0.00024501087415561	0.000102105976917683
boot791	0.0715217786982413	0.000232595085982273	0.000235983467873749	0.000100247019597556
boot792	0.049287784078969	0.000241971311191362	0.000243639933328497	0.000102212458248661
boot793	0.0945369688308073	0.000232152366271582	0.000238279866442658	0.00010341470418535
boot794	0.0574882638384763	0.000231670374530012	0.000233894716854376	0.000101218639180262
boot795	0.0751571999720431	0.000243521724045645	0.000247418517087648	0.00010163842830837
boot796	0.0505146694718399	0.000245980169758069	0.000247717092877918	0.000101849244733171
boot797	0.0761695849767104	0.000246115095772414	0.000250151165147888	0.000104987556235734
boot798	0.0483485516051211	0.000244670033694674	0.000246303823993256	0.000104011296869215
boot799	0.0733565268434753	0.000246786974035119	0.000250482553901248	0.000103004064046112
boot800	0.0561088722710006	0.000246872806297174	0.00024902195107521	0.000103353303209267
boot801	0.0543102073339117	0.000246350004792878	0.000248366998871958	0.000102803205312382
boot802	0.0676631710825855	0.000240265217282817	0.00024338880914833	0.000102175254439999
boot803	0.0695208725494635	0.000247048244449459	0.000250389165753303	0.000103169265782739
boot804	0.0527155777137262	0.000247792177114472	0.00024970464394735	0.000102185901311004
boot805	0.0602001996550923	0.00023963778858674	0.000242131696816929	0.000103188490068408
boot806	0.0654758226955393	0.000234552404043801	0.0002374520791214	9.98418024343905e-05
boot807	0.0469780486934207	0.000240118145746434	0.000241640357605619	0.000101298542845986
boot808	0.0647287080760385	0.000241581156806668	0.00024450862238926	0.000103943055246179
boot809	0.0638610716608508	0.000232008751710011	0.00023478911968174	0.000102116335525763
boot810	0.0485481268250407	0.000236069812279449	0.000237660061254043	0.000100965348912248
boot811	0.0591086458995842	0.000234898410468706	0.000237308432083006	0.000102442125877803
boot812	0.0676912102827822	0.000239781153350864	0.000242925960531317	0.000102622410270072
boot813	0.0612913799117131	0.00023815886196318	0.000240714822440529	0.000100279529669377
boot814	0.0798679519412816	0.000247381354313138	0.000251773331392682	0.000103483825053569
boot815	0.0606957552816057	0.000239620002172489	0.000242169751851378	0.00010207910765913
boot816	0.0569729505555568	0.00023771722307578	0.000239908084947952	0.000101515128581102
boot817	0.0656442953847403	0.000235214338431585	0.000238163537555707	0.00010284838951818
boot818	0.0686438193462129	0.000251194546088763	0.000254522356792412	0.000104142980869252
boot819	0.0596223366361543	0.000252309984864162	0.000254755218032188	0.00010294682633391
boot820	0.0517114530227396	0.000244425127623019	0.000246267466059955	0.000101346026284459
boot821	0.063510678731097	0.000251130687881435	0.000253934420315305	0.000103266126072048
boot822	0.0752497301004928	0.000242550976906304	0.000246451949233433	0.000101559063918615
boot823	0.0663914548158749	0.000248794308211227	0.000251836478361458	0.000101598377372174
boot824	0.0625003779498881	0.000236016833332618	0.000238650917326468	0.000102697666116777
boot825	0.0715398104997184	0.000240774579539043	0.000244245655027066	0.000100795459903192
boot826	0.0752154864776438	0.00024428623169333	0.00024817250846317	0.000103688504379263
boot827	0.0469047292893176	0.000240243216279014	0.000241766832333013	0.000101732409602443
boot828	0.0810907372035306	0.000249852740281856	0.000254420207898709	0.000103018248859665
boot829	0.0760140062602573	0.000224671365126589	0.000228543190616943	9.9589471995562e-05
boot830	0.0550436987843614	0.000251491683964791	0.000253631665300904	0.000103886436451717
boot831	0.0583436927847484	0.000235109336890312	0.000237405202504056	0.000102073218348865
boot832	0.0715028579359753	0.000236109388601044	0.00023950616466348	0.000100335409884663
boot833	0.0596363980645322	0.000240682390218713	0.000243125615960847	0.000102155556211489
boot834	0.0563240220959553	0.000235156037649718	0.000237316210219659	0.000102974500615419
boot835	0.0532855485228657	0.000240304247862634	0.000242258199795168	0.000102692978536784
boot836	0.0541927390843456	0.000240134962664086	0.00024215710077607	0.000102099242301942
boot837	0.0577998054744739	0.000244623231897989	0.000246949286910145	0.000102996347477201
boot838	0.0633916252717766	0.000230225420153676	0.000232955688086267	0.000101944383001851
boot839	0.0734536388547545	0.000234442147008211	0.000238139613300267	0.000101956559137648
boot840	0.0653143074524144	0.000241209306008298	0.00024411467234861	0.000101097621781351
boot841	0.0809298952776782	0.000231655875118009	0.000235955449282814	0.000100206961657735
boot842	0.0645842033440537	0.000241069825488338	0.000243987234230489	0.000104027063459077
boot843	0.0570728819416997	0.000246446668155879	0.000248694681662927	0.000102254137129677
boot844	0.0575219881751185	0.000235699981289991	0.000237955792917096	0.000102340697045804
boot845	0.0635149273116269	0.000231411200331267	0.000234136347638375	0.000101288872338763
boot846	0.0763054823015684	0.000239660742816435	0.000243637049690193	0.000101345949849077
boot847	0.0620932939835975	0.000240678133474378	0.000243375297012124	0.000103441615541549
boot848	0.0704476046973767	0.000239847193928214	0.000243295029169958	0.000103751820956578
boot849	0.0598268467959747	0.000240282426934011	0.000242713381315893	0.000101414874154437
boot850	0.0621924620015068	0.000235869202819942	0.000238473113708967	9.96431595852843e-05
boot851	0.0604334242979753	0.000243435406482404	0.000245915403605585	0.000100773656808968
boot852	0.0846853922796163	0.000238157813572206	0.000243033207580425	0.000102577857036723
boot853	0.0757495532559845	0.000245300485167124	0.000249271182033084	0.000102647929444924
boot854	0.0715574934558282	0.000232163930422007	0.00023567132835496	0.000101510068564253
boot855	0.058562439775685	0.000238510411212956	0.000240830655668372	0.000102185229696686
boot856	0.0629378891253637	0.000245423585800744	0.000248159822386287	0.000102803950188418
boot857	0.0639842459254744	0.000235228505868809	0.000237981453352997	0.000101416159112931
boot858	0.0602703109251267	0.000241131517512353	0.000243616427788517	0.00010144391156402
boot859	0.0568950823220274	0.000239364412917498	0.000241599834425554	0.000103004120983022
boot860	0.0615012523075077	0.000247223134886629	0.000249843093049606	0.000103186560554454
boot861	0.0558381502165373	0.000229453798876061	0.000231540853412921	0.000100273396766381
boot862	0.0804350390504832	0.000251674393938476	0.00025609662252828	0.000102393057992946
boot863	0.0638329288615302	0.000254674046565945	0.000257514363285494	0.000102085465485917
boot864	0.0731255806156289	0.000237022760748412	0.00024058394918532	9.84252435667712e-05
boot865	0.068669209076454	0.000245676025973303	0.000248866418631954	0.000101391537058205
boot866	0.0562162491789639	0.000243988452108531	0.000246131106466364	0.000100402014037983
boot867	0.0602663652764482	0.000251041122384185	0.0002535516988343	0.000103364490279476
boot868	0.0651025175924778	0.000247893303199534	0.00025076582012288	0.000102499540331876
boot869	0.0688230779234759	0.000233406425305875	0.000236506935977339	9.97871150732869e-05
boot870	0.0729968693346624	0.000247119638044348	0.000250811815921422	0.000104106810494256
boot871	0.068453437895573	0.0002396408169063	0.000242876356502823	0.000102204809063123
boot872	0.0474748047074879	0.000233713213411655	0.000235236995357125	0.000100135336130409
boot873	0.0626060137384829	0.000236219083555732	0.000238901648476339	0.000102152117273005
boot874	0.0701012529407148	0.000244682294827309	0.000248014607018874	0.000101764307669505
boot875	0.0610118175770377	0.000242701711517481	0.00024527127385655	0.000102696863850854
boot876	0.0437850896983621	0.000230388009468349	0.000231670939522046	9.88273026363742e-05
boot877	0.0776572097004028	0.000250585943546371	0.000254709892867403	0.000102234892445239
boot878	0.0910084547750424	0.000234851472927543	0.000240497345780988	0.000102849618653799
boot879	0.0674555681511544	0.000236905223100354	0.000239983081508925	0.000101130466149227
boot880	0.0733091830002653	0.000237637140277692	0.000241331538174895	0.000103495989175879
boot881	0.0569737162755566	0.000237185946092778	0.00023935389626581	0.00010094783430472
boot882	0.0721946552381093	0.000240483155665034	0.000244011518567108	0.000101392514981717
boot883	0.0654775093582483	0.000236942010827513	0.000239835759519639	0.00010030376144655
boot884	0.060657989250291	0.000243666466991085	0.000246157016917963	0.000101939767951038
boot885	0.0714955642078013	0.000251511867013461	0.000255074657603396	0.000104108236194303
boot886	0.0777999827605305	0.000233775114530271	0.000237852624201928	0.000101463143762478
boot887	0.0533796121788995	0.000242785564152652	0.000244708322968307	0.000101128869981588
boot888	0.0546205427217509	0.000233019341574046	0.000235063640790399	0.000102681353254941
boot889	0.0749906771805638	0.000245644098429008	0.000249595272470687	0.000105358193637801
boot890	0.0664669317066268	0.000231451008797252	0.000234436483140823	0.000100859222298474
boot891	0.0664470169698076	0.000250013237352711	0.000253085211719752	0.000103668379970922
boot892	0.07127648407183	0.00024201156529161	0.000245509446706088	0.000103752457047452
boot893	0.0560795412965896	0.000244966281669783	0.000247195045771491	0.000104226373821513
boot894	0.0571597458102915	0.000245534160720421	0.000247774855222844	0.00010242910731711
boot895	0.0777752586235671	0.000257546069089517	0.000261874999099669	0.000105960801522099
boot896	0.062090696695895	0.000239108068955543	0.000241705424715867	0.000100730881407123
boot897	0.065538457377587	0.000235278285597771	0.000238151819205201	9.97124044410913e-05
boot898	0.0607102541847469	0.000237420019631625	0.000239906861366691	9.9904554340385e-05
boot899	0.0524838804838327	0.000234479380253462	0.000236324920254206	9.92611434036225e-05
boot900	0.0679844619159045	0.000239821229922853	0.00024297833284986	0.000101691313981121
boot901	0.065526158357396	0.000236158552704044	0.000239050369805323	0.00010215227005122
boot902	0.0651098475643316	0.00024573018128605	0.000248660699429002	0.00010387541872563
boot903	0.0591989492388579	0.000241182537623211	0.000243603333108279	0.000101244745507259
boot904	0.0612469829023802	0.000239382938267227	0.000241961314206601	0.000103798034046719
boot905	0.068184898518105	0.000238170748486346	0.000241307878656268	0.000100831568405322
boot906	0.0576429519964209	0.000237282285598787	0.000239516973811821	0.00010241966081428
boot907	0.0689820445363469	0.000247059153516172	0.000250336222544558	0.000102577439964989
boot908	0.0593734096246569	0.000247845293508193	0.000250300846076028	0.000103707662430598
boot909	0.0514880679201446	0.000236901179575889	0.000238694509730472	0.000101646972994723
boot910	0.069090793940516	0.000245922938657812	0.000249198907793563	0.000101724305375876
boot911	0.0530906721481433	0.000242175340718755	0.000244091593366578	9.99490333654236e-05
boot912	0.0693028869802161	0.000236457076185543	0.000239690051392788	0.000101653172134265
boot913	0.0624284741717198	0.000244275442294114	0.000246977327674796	0.000103207321984776
boot914	0.0879851375097498	0.000236328066201372	0.000241576132474399	0.000101891388089035
boot915	0.070028669575035	0.000235625956472125	0.000238951954409666	0.000100970768985127
boot916	0.0668076064356573	0.000254176197577567	0.000257305539664797	0.000103343105582625
boot917	0.0649806471504452	0.000239656372074755	0.000242554603258166	0.00010236429105732
boot918	0.0620471571140406	0.000236124811601377	0.000238797646554253	0.000102184848022971
boot919	0.0646741746624419	0.000239393167284292	0.000242217289296769	0.000101031745963233
boot920	0.0590980248315294	0.000236270068182364	0.000238624493931214	0.000101066111926573
boot921	0.047044323104495	0.000238858165795733	0.000240361240664605	0.000102283648413348
boot922	0.0717574163370605	0.000238404043456082	0.000241848315613673	0.000100561069591668
boot923	0.0716815535858814	0.000229946867558549	0.000233378313355064	9.96592531016462e-05
boot924	0.0693111406346774	0.000240433762939506	0.000243644380240701	0.00010140537031793
boot925	0.0747051849720977	0.000245373829503527	0.000249275974913978	0.000103427979270063
boot926	0.0540629764484317	0.000237224260731581	0.000239203343131384	0.000102296515785059
boot927	0.0651211564222301	0.000245386027816838	0.000248340123007866	0.00010361891199499
boot928	0.064306326024688	0.000242945034042222	0.000245891147649496	0.000103629559347224
boot929	0.0544042286684503	0.000240380773188168	0.000242442603491955	0.000102995919552306
boot930	0.0523954623614397	0.000247989161232479	0.000249896324795471	0.000103339296660507
boot931	0.0602334172210104	0.000242186710169059	0.000244678282000532	0.000102508860784536
boot932	0.0470528327062058	0.000237260899585736	0.000238766657680226	0.000100425423037477
boot933	0.0530865440966288	0.00024355393294657	0.000245462753070708	0.000100674503290573
boot934	0.0824072288576245	0.000244620089722732	0.000249293558838521	0.000103080617092511
boot935	0.0550052652357661	0.000244836085350223	0.000246931837255625	0.000103324184999522
boot936	0.0516403115411019	0.000229805285971563	0.000231603797238701	0.000100917575265503
boot937	0.0558004210202659	0.000249527604188962	0.000251618074111894	0.000100828094740285
boot938	0.0570697270243438	0.000242996634380295	0.000245225692608243	0.000102988212556868
boot939	0.0663143171597847	0.000247412871609935	0.000250525066142934	0.000104041763751834
boot940	0.0653012004540335	0.0002317089985814	0.000234548211974399	0.000100322628819496
boot941	0.0741111467111808	0.000242635504083139	0.000246409100809981	0.000103775815314153
boot942	0.06265761011793	0.000236091182785542	0.000238766587172949	0.000102253384822126
boot943	0.0494653080543525	0.000240772374603271	0.000242469880168879	0.000103422972009839
boot944	0.0582687082450099	0.000235004107330912	0.00023728392096194	9.98243553132863e-05
boot945	0.0758697542796157	0.00023586383016406	0.000239693082760766	0.000102606826487653
boot946	0.0539561992528574	0.000248655158944928	0.000250667622066809	0.000102048891229392
boot947	0.0757925092103565	0.000246471769471137	0.000250471918478181	0.000103973849958983
boot948	0.0681679159009338	0.00023491481449404	0.000238052753694975	0.000100819888422853
boot949	0.0567840638243664	0.000238580695457102	0.000240718621547429	9.99133665567522e-05
boot950	0.0439943070513938	0.000235046048267147	0.000236342296664929	0.000101884410737556
boot951	0.0876590489957212	0.000253132524107944	0.00025853680713159	0.00010506143424052
boot952	0.06274508345093	0.000239789837629495	0.000242484068204234	0.000101779950230602
boot953	0.0706390973574162	0.000246061789899746	0.000249481233606781	0.00010441347403728
boot954	0.0840975364569796	0.000235496099527302	0.000240253400813499	0.000101244467483167
boot955	0.0743499866970527	0.000237250869599064	0.000241019260780942	0.000101559486897096
boot956	0.0470107575329685	0.000236507539421538	0.000238009726742776	0.000100775778319626
boot957	0.0507952325828157	0.000236086659639834	0.000237861069527438	0.000102539957292774
boot958	0.0699964415996453	0.000233508044470301	0.000236794985681098	0.000101646270424052
boot959	0.0629538040284753	0.000242189173355471	0.000244967299930456	0.00010371909723832
boot960	0.0477968396232654	0.000235813487447333	0.000237364392095524	0.000100918295747982
boot961	0.052648844175361	0.000238766026298201	0.000240706129733116	0.000103690257944348
boot962	0.0677932862493396	0.000242467669079999	0.000245641936714747	0.000102980550983635
boot963	0.0582455920634992	0.000248788380042035	0.000251134486275358	0.000102719600187246
boot964	0.0727872852442616	0.000245458836703661	0.000249072682327809	0.000102033423119073
boot965	0.0601267153364443	0.000241356392064079	0.000243868494512655	0.000103442637596263
boot966	0.0674871705310294	0.000235385368582526	0.000238384780367147	0.0001004747484627
boot967	0.0720403602398102	0.000249343054334239	0.000252876651691988	0.000102589782497143
boot968	0.0656637388387967	0.000246447056882224	0.000249388567856191	0.000103184670722356
boot969	0.0722821879389372	0.000245422584206915	0.000249090185869998	0.000105200309775568
boot970	0.0622795944212999	0.000246945066578671	0.000249642622331506	0.000104906979379287
boot971	0.0844217949014646	0.00023644160287073	0.000241306086568004	0.000101226343195986
boot972	0.0746743335849416	0.000233008081432746	0.000236724805062709	0.000100238398831908
boot973	0.0693066893525331	0.000242201616871043	0.000245475456404073	0.00010239914493929
boot974	0.0641869639185851	0.000237545341768364	0.000240380870715608	0.000102192543391068
boot975	0.0644660388246084	0.000253318363394108	0.000256223073473563	0.000103499852773746
boot976	0.0766785614899447	0.000246559885656086	0.000250520557317775	0.000101079559266497
boot977	0.0933115982293919	0.000243820038728475	0.00024986233240761	0.000104504606818436
boot978	0.0768675454177667	0.000245560361998288	0.000249638686779019	0.000104210759539164
boot979	0.0765315797577577	0.000240486394722843	0.000244492416842976	0.00010324380187678
boot980	0.0735321687485493	0.000247865350894744	0.000251541853573416	0.000101515324910991
boot981	0.0625985735394824	0.000245404247941095	0.000248096487196268	0.000102957100201981
boot982	0.0457181475363677	0.000253336481969694	0.000254792566913317	0.000103042852623119
boot983	0.0570587442760695	0.000235199209154045	0.000237436918836413	0.000100413954016293
boot984	0.0735649165254089	0.000235044747730735	0.000238639530939719	0.000100423190916201
boot985	0.062705850075194	0.000239590245034525	0.000242366012998082	0.000102667490807941
boot986	0.0548686837929252	0.000246608634184428	0.000248659080482586	0.00010176466498962
boot987	0.0363120069246359	0.000246880302622008	0.0002477942052618	0.000102512533264953
boot988	0.0636011685048094	0.000232398621620052	0.00023512591318252	0.000101391216528132
boot989	0.0510447666927645	0.000237687519313954	0.000239459342752797	0.000101730414929144
boot990	0.064399693863739	0.000232035619932521	0.000234851566674301	0.000101501113493302
boot991	0.0531339257274863	0.000241475228391704	0.000243390044296809	0.000103248078265023
boot992	0.0630297113788723	0.000246490314497648	0.000249184312385729	0.00010134983362384
boot993	0.0583106127014435	0.000241503240808539	0.000243828676196861	0.00010177362951332
boot994	0.0773307230947951	0.000241083935769458	0.000245204371652027	0.000102075865426994
boot995	0.0653959956413836	0.000247016946755714	0.00024997972055171	0.000103762292967364
boot996	0.0554679949906274	0.000251175295184809	0.000253313000326038	0.000103472394282258
boot997	0.0707610802380105	0.0002357897281736	0.000239187494223223	0.000101472928996346
boot998	0.0511360791247443	0.000244988029573208	0.000246812052780438	0.000102308413069396
boot999	0.0690711778233939	0.000241512073922545	0.000244771169702908	0.000100822311717872
boot1000	0.068900322630414	0.000243586257780366	0.000246816451874177	0.000101440808141137
