V1	V2	V3	V4
boot1	0.0598975016015375	0.000142794268116919	0.000143943438744116	0.000140307098631126
boot2	0.0686900958466454	0.000143946720839548	0.000145454174279619	0.000143041824829703
boot3	0.0623401534526854	0.000141536112041057	0.000142778533630732	0.000142658914815748
boot4	0.0636882129277567	0.000140577453331044	0.000141862684150414	0.000143218346420344
boot5	0.0585412667946257	0.000145958355199819	0.000147054669952832	0.000141866546737081
boot6	0.0865939704939064	0.000141805225793438	0.000144210137828685	0.000141860911548109
boot7	0.0674552429667519	0.000146434046715053	0.000147888717368411	0.000141347126729428
boot8	0.0681963033779477	0.000142114322945761	0.000143596392988596	0.000142479565379673
boot9	0.0455132343447385	0.000148014299606172	0.000148682942117637	0.000144142960025178
boot10	0.078782172002511	0.000138831815868484	0.000140779910854496	0.000140159715284037
boot11	0.0694177863083813	0.000140396413172975	0.000141937945180639	0.000141576107951547
boot12	0.060702875399361	0.000143970690082998	0.000145147954965346	0.000142191422161089
boot13	0.0673015873015873	0.000139050850440117	0.000140488788107836	0.000140374505592948
boot14	0.072431397574984	0.000143816371479416	0.000145490368720854	0.000140071846686832
boot15	0.0612179487179487	0.000138406822381952	0.00013960798816568	0.000143159989579646
boot16	0.0419847328244275	0.000147748813450068	0.000148309474324858	0.000142014009515926
boot17	0.0597826086956522	0.000142862407298601	0.000144004977727775	0.00014150317684152
boot18	0.0579756566303651	0.000141225278371006	0.000142301888480462	0.000142820689609792
boot19	0.0610613810741688	0.000139542486907181	0.000140734460135661	0.00014099817044862
boot20	0.0664357682619647	0.000140476397772407	0.000141866105362003	0.000142020649111607
boot21	0.0773162939297125	0.000144054696574326	0.000145964539803407	0.000142090196947936
boot22	0.0701142131979695	0.000144488146161656	0.000146047791749336	0.000143771566914966
boot23	0.0701587301587302	0.000139430075145873	0.000140992693373646	0.000140211240286826
boot24	0.0508749189889825	0.000141862486629636	0.000142701196085934	0.000142738454670649
boot25	0.0695322376738306	0.000138319577759249	0.000139847622031035	0.000141604241520336
boot26	0.0702875399361022	0.000140711525198181	0.000142289908032133	0.000143102970858911
boot27	0.0679365079365079	0.000145070454754506	0.000146535651297556	0.000141614336504737
boot28	0.0839138695376821	0.000140656561537023	0.000142886307420743	0.000141558937870456
boot29	0.0614938828074694	0.000135298303927029	0.000136515785453989	0.000142356566393134
boot30	0.0718336483931947	0.000144687511853591	0.000146313243750717	0.000143308842167671
boot31	0.0672773215413771	0.000145923256228796	0.000147352895519315	0.000142173907524988
boot32	0.0707456978967495	0.000140985909585346	0.000142580859799144	0.000142098530077805
boot33	0.0608365019011407	0.000135971255551518	0.000137143967834017	0.000140967434881369
boot34	0.0800382653061224	0.00014407554748186	0.000146118316586839	0.000142559901713648
boot35	0.0601646611779607	0.000145249568170123	0.000146395795673182	0.000142132210379257
boot36	0.0683568677792041	0.000146912451857553	0.000148412022259538	0.000144130599859215
boot37	0.0563788659793814	0.000140026929258806	0.000141050955202466	0.000141105759399091
boot38	0.0578644501278772	0.000138028774680844	0.000139099201339604	0.000140572234673656
boot39	0.0678776290630975	0.000141823481748387	0.000143291733031761	0.000143030859448581
boot40	0.0682110682110682	0.000144884879384961	0.00014638190313866	0.000143472326355706
boot41	0.0509878903760357	0.000142767914669604	0.000143596392988596	0.000141488562915447
boot42	0.0514705882352941	0.000140296337029916	0.000141143274834675	0.000141239695245224
boot43	0.0639974779319042	0.000140137826407832	0.000141429023501667	0.000142151779291992
boot44	0.0692848020434227	0.000138434753962779	0.000139967443552241	0.00014269916516822
boot45	0.0847673677501593	0.00014374383623943	0.000146033672643283	0.000142268885932148
boot46	0.0688661114670083	0.000143860723697398	0.000145379795224812	0.000142198404300044
boot47	0.0492642354446577	0.000149041321005457	0.000149817701329816	0.000144096135822556
boot48	0.0744884910485934	0.00013834740966684	0.00014012123808714	0.000144122309376126
boot49	0.0765273311897106	0.000143690252910624	0.000145573350151467	0.000141713007456625
boot50	0.0654799745708837	0.000142110358529363	0.000143473240624024	0.000143574470814484
boot51	0.0494540783558125	0.000140701725764681	0.000141487116216197	0.00014321447183903
boot52	0.0548076923076923	0.000143370714642442	0.000144333497698882	0.000144823268840928
boot53	0.0568766066838046	0.000147547766897127	0.000148587274733844	0.000146014966487762
boot54	0.0705209656925032	0.000144738470283493	0.000146318269077077	0.000144297906315085
boot55	0.0732177263969171	0.000147190568953674	0.000148912096075939	0.000144380701816287
boot56	0.0529185375240539	0.000144649190973775	0.000145547321702988	0.000142240716105884
boot57	0.0580357142857143	0.000147586363347954	0.000148660388900458	0.000143773254877525
boot58	0.0562659846547315	0.000142890670143442	0.000143902774053022	0.000141466026720614
boot59	0.0555203045685279	0.000140238486351075	0.000141216438197325	0.000142962253883411
boot60	0.0637348629700446	0.000144536068631966	0.000145830566005392	0.000143839370145588
boot61	0.0720691864189622	0.000142279771982075	0.000143943438744116	0.000143637784135647
boot62	0.0736334405144694	0.000142279126779312	0.000144022497699569	0.000142162638312186
boot63	0.082326764144946	0.00014344064270419	0.000145595027985365	0.000143331833095916
boot64	0.0610539845758355	0.000144601515872156	0.000145799327257948	0.000145347941493618
boot65	0.0778481012658228	0.000139886373086105	0.000141804198045185	0.000140588650187916
boot66	0.0577905491698595	0.000137066142782722	0.000138132473425555	0.000141337193939664
boot67	0.0894568690095847	0.000142387089454554	0.000144943808755831	0.000141032810894051
boot68	0.0822704081632653	0.000138367460284073	0.000140525757496876	0.000140074799056343
boot69	0.0579385403329065	0.000147602994720128	0.000148677538399996	0.000144178729277125
boot70	0.0754958413307742	0.000144515032880681	0.000146338328484725	0.000142734294808331
boot71	0.0643722115997451	0.000141666556304293	0.000142987073074925	0.00014376428929793
boot72	0.0749525616698292	0.000139748164066035	0.00014152485176397	0.00013996844310124
boot73	0.073586118251928	0.00013693456077233	0.000138674572597326	0.000142232006052388
boot74	0.0784625158831004	0.000144463534518283	0.000146419178228164	0.000144957309792538
boot75	0.0618986529826812	0.000144729948513725	0.000145958762895081	0.000144320882543394
boot76	0.0774693350548741	0.000142265440373121	0.000144202657246538	0.000144077276265564
boot77	0.0708333333333333	0.000145601766244795	0.000147209894806049	0.000141611818883916
boot78	0.0862403100775194	0.000146472842887349	0.000148875100988856	0.000145123596658837
boot79	0.064914502849905	0.000143156290037322	0.000144490644907572	0.00014072006444578
boot80	0.0608584240871236	0.000150246673647029	0.000151433011822035	0.00014577381723917
boot81	0.079415501905972	0.000139269373802562	0.000141272811522695	0.000138506464718736
boot82	0.0681672025723473	0.000150075842170228	0.000151569979632138	0.000144896493647273
boot83	0.0785899094437258	0.000139731989159226	0.000141729522751197	0.000142938380867491
boot84	0.0530546623794212	0.000146632683771611	0.000147537763257204	0.000145537878349405
boot85	0.07847533632287	0.00014299683289561	0.000144969407658899	0.000142834623332402
boot86	0.0655478150728309	0.000139119283121841	0.000140479801190499	0.00013977615721002
boot87	0.073576455534229	0.000145629909264826	0.000147361673439164	0.000142780060523185
boot88	0.0639049454078356	0.000140278795192227	0.000141590240936471	0.000143450426762586
boot89	0.070748730964467	0.000139427129599743	0.000141015131799325	0.000141386290470638
boot90	0.0673871582962492	0.000143242261077771	0.00014468569054479	0.000141108012639685
boot91	0.0553054662379421	0.000141901702816046	0.000142885205901511	0.000144250753925394
boot92	0.0665167095115681	0.000143861294980033	0.000145283040688338	0.000143334125248801
boot93	0.0708386277001271	0.000138366929288404	0.000139960992558556	0.000142860271462121
boot94	0.062579415501906	0.000144973337294299	0.000146217359925989	0.000142020815029884
boot95	0.0603337612323492	0.000142609148533998	0.00014377736507586	0.000143811144990578
boot96	0.0647914032869785	0.000143415510692167	0.000144742288802121	0.000143564274010527
boot97	0.0744748567791216	0.000140857960171011	0.000142623238430804	0.000143147315488865
boot98	0.0671355498721228	0.000143279488471308	0.00014472040345105	0.000145178032820807
boot99	0.0926751592356688	0.000141996787766483	0.000144732037810865	0.000141032290815276
boot100	0.0565134099616858	0.000145675946562895	0.000146695667350091	0.000143020486742837
boot101	0.0773657289002558	0.000142602487147493	0.000144515996101543	0.000140878355590781
boot102	0.0652173913043478	0.000152150166241831	0.000153509919479857	0.000141292202056391
boot103	0.0942258883248731	0.000144237535024043	0.000147054323739339	0.000142167119157806
boot104	0.0730301089045484	0.000143158483795412	0.000144866810767421	0.000141867642700835
boot105	0.0823305889803673	0.000140238553640132	0.000142384951956109	0.000139951329983825
boot106	0.0638977635782748	0.000141189605618547	0.000142494054241648	0.000142061238188503
boot107	0.0630145661811273	0.000139623496217369	0.000140880885562206	0.000141279271060291
boot108	0.055019305019305	0.0001432339363814	0.000144207914478185	0.000144098229109261
boot109	0.0649842271293375	0.000138782677627537	0.000140114838440028	0.000139625559091751
boot110	0.0677912157861235	0.000138830804577148	0.000140293455416664	0.000141992031201487
boot111	0.0510529674537333	0.000145982279416381	0.000146813934006628	0.000142946350323893
boot112	0.0674729471674093	0.000141174289162995	0.000142623238430804	0.000142611116569717
boot113	0.0427841634738186	0.000142950995093546	0.000143535441020798	0.000142418301729466
boot114	0.0733118971061093	0.000141777368664489	0.00014350554688227	0.000141859814839853
boot115	0.0760661998726926	0.000140477830213358	0.000142319353689829	0.000143015425771559
boot116	0.0624199743918054	0.000146405682596264	0.000147652882725289	0.000143645147378401
boot117	0.0509615384615385	0.000141446531412785	0.000142278928336621	0.000142879725246127
boot118	0.0606641123882503	0.000138486604172297	0.000139661615197793	0.000141180666847652
boot119	0.0711111111111111	0.000138077209484617	0.00013968253968254	0.000141349426307854
boot120	0.0704180064308682	0.000139739917555819	0.000141334353449613	0.00014105027983329
boot121	0.0524984187223276	0.0001413533478971	0.000142224974705558	0.000139652353440298
boot122	0.0675416133162612	0.000139020027467972	0.000140480293002339	0.000146007759336163
boot123	0.0580872913992298	0.000141561607597453	0.000142644448875406	0.000143559183845868
boot124	0.0572155117609663	0.000144049276377861	0.000145089840518379	0.000142926494823771
boot125	0.0863808322824716	0.000135796873728292	0.000138149221832268	0.000140089730420571
boot126	0.0583333333333333	0.000146016532434802	0.000147107166337936	0.000141973245292402
boot127	0.055768005098789	0.000144128593221246	0.000145119692772775	0.000142039662809749
boot128	0.0666454081632653	0.000140634671028783	0.000142051000885048	0.000143128625545037
boot129	0.0821086261980831	0.00014370852852097	0.00014586246669865	0.000141603148443286
boot130	0.0955882352941176	0.000139039833028534	0.000141960904232704	0.00014122205138833
boot131	0.0631377551020408	0.000141491615278485	0.000142762781132861	0.000142395866715758
boot132	0.0865139949109415	0.00014147754612609	0.000143858166773498	0.00014270486058237
boot133	0.0589365791159513	0.000143549022379118	0.000144661616984464	0.000142300639703436
boot134	0.0752411575562701	0.000143753018386062	0.000145573350151467	0.000142431884914714
boot135	0.0539499036608863	0.000139933688348946	0.000140868367894552	0.000143671810434723
boot136	0.0570703868103995	0.000140507361727469	0.000141540027881777	0.00014207631308895
boot137	0.0602294455066922	0.000146197847272667	0.000147353865789571	0.000144247686979601
boot138	0.0667305236270753	0.000140380650338077	0.000141802413678928	0.000140611095713715
boot139	0.0669416243654822	0.000141002582082571	0.000142424276585328	0.000143356691800305
boot140	0.0663688576898532	0.00014174318003466	0.000143148676292176	0.000142004501500439
boot141	0.0584498094027954	0.000143820286762605	0.00014490554096185	0.000143270222902165
boot142	0.0647021140294683	0.000141473949312011	0.000142814872937854	0.000144086785201716
boot143	0.0569782330345711	0.000139338608792186	0.000140377827434869	0.000141104860651436
boot144	0.0777070063694267	0.000143924651146685	0.000145847701732322	0.0001428897388119
boot145	0.0438709677419355	0.000146517538854016	0.000147138397502601	0.000146023429894935
boot146	0.0662842574888464	0.000141790051353718	0.000143190179712815	0.000143223254120706
boot147	0.0822093770070649	0.000146123026088305	0.000148293347754294	0.000143251297365345
boot148	0.0821611253196931	0.000145117422904992	0.000147275495319889	0.000143045511324598
boot149	0.102432778489117	0.000139068472296127	0.000142427138784283	0.000141309594989513
boot150	0.0502864417568428	0.000141413244573573	0.000142218058776171	0.000142933184102322
boot151	0.0727504786215699	0.000146143282547212	0.000147832061149531	0.000141127430772804
boot152	0.0496476617552851	0.000146026628861894	0.000146816151705509	0.000145942106374744
boot153	0.0645886889460154	0.000150964017874445	0.000152304538035038	0.000145370205522423
boot154	0.0857325655790147	0.000139893677777412	0.00014224494866697	0.000141676772882286
boot155	0.0737652341244387	0.000143493612596784	0.000145238740808918	0.000144285221227755
boot156	0.0660194174757282	0.000147938546814021	0.000149349085158304	0.000144697928515845
boot157	0.047422024188415	0.000143832103923307	0.000144547841790311	0.000142104222894527
boot158	0.0489199491740788	0.000143136232987443	0.000143896449450974	0.000142165928030828
boot159	0.0784810126582278	0.000140455927421563	0.000142405063291139	0.000140114676526603
boot160	0.0571519795657727	0.000140147861450145	0.000141190756970032	0.000141484705019097
boot161	0.0636246786632391	0.000135618395003903	0.000136919198260651	0.000142960016568058
boot162	0.0556261919898284	0.000139559595389475	0.000140543153315505	0.000143978267510124
boot163	0.0810553083280356	0.00014330459857767	0.000145392952998571	0.000144148097855033
boot164	0.0777634961439589	0.000148605988462974	0.000150549163698363	0.000145224245071285
boot165	0.0622992935131663	0.000141065742118327	0.000142312113978391	0.000142375366456144
boot166	0.0583386176284084	0.000144280927838749	0.000145360000225177	0.000142370240473982
boot167	0.0926984126984127	0.000136148356109052	0.000138876291257244	0.000140918147388291
boot168	0.0455994897959184	0.00014728556226564	0.000147948608652645	0.000143947406285643
boot169	0.0631005765534914	0.000141436913214414	0.000142712276046375	0.000141641318296091
boot170	0.0499363867684478	0.000136286896005857	0.000137080039365745	0.000141268360155761
boot171	0.0601527689369828	0.000146840259812429	0.000147991868854691	0.000143485341322636
boot172	0.0651328580686973	0.000144686653324948	0.000146061341983469	0.000145818361569358
boot173	0.06426735218509	0.000141167878380539	0.000142495093212442	0.000144071558989777
boot174	0.0792488860598345	0.000143156761513595	0.00014515561127226	0.000141199338859975
boot175	0.0714285714285714	0.000143498040629866	0.000145139623904103	0.000143994206210035
boot176	0.0673690932311622	0.000142596050627256	0.000144045154944877	0.000143128027918135
boot177	0.0728434504792332	0.000138757330715914	0.000140452592146495	0.000142329237158119
boot178	0.055591054313099	0.000145181348850098	0.000146168686012922	0.000142551449981064
boot179	0.064094387755102	0.000145621801875889	0.000146931779727197	0.000141684313438687
boot180	0.0748898678414097	0.000136457359601919	0.000138222146356262	0.000139729586549789
boot181	0.0796035805626598	0.000140957132144435	0.00014298294098024	0.000142529395836616
boot182	0.0703774792066539	0.000145981892788502	0.000147566342430051	0.000142525370064274
boot183	0.0837579617834395	0.000147163338883013	0.000149397541482413	0.000143756913950851
boot184	0.0673443456162643	0.000136804856911767	0.000138245536990066	0.000142654959164562
boot185	0.0672831632653061	0.000136743484623007	0.000138187050968347	0.000139207089908578
boot186	0.0750160978750805	0.00014113070823551	0.000142942496690244	0.000140356587419212
boot187	0.0799484203739523	0.000143433261765694	0.000145493787207438	0.000144068264354514
boot188	0.0691082802547771	0.000138545529553401	0.000140066534139316	0.000142227801905634
boot189	0.0794362588084561	0.000144281988768462	0.000146303167248117	0.000143168736912049
boot190	0.0602448453608247	0.000141542320467513	0.00014271159926666	0.000144473860142046
boot191	0.0791826309067688	0.000143164645297738	0.000145166525577852	0.000142947675117795
boot192	0.0849840255591054	0.000143452954424489	0.000145760393593892	0.000142994636400763
boot193	0.0429662635264163	0.000146188774256985	0.000146776329890792	0.000145638261225276
boot194	0.0593709884467266	0.000140071325019379	0.000141202555529373	0.000145756134307177
boot195	0.0670886075949367	0.00014037986852967	0.000141804198045185	0.000143454866146491
boot196	0.0767027371101209	0.000142675368881277	0.000144547841790311	0.00014312490938925
boot197	0.0782442748091603	0.000140292255493414	0.000142239509482094	0.000141189171312048
boot198	0.0726167626359565	0.000144549111642599	0.000146235993989281	0.000142441138888082
boot199	0.0619440914866582	0.000143787558604009	0.000145006450112938	0.000141774632602834
boot200	0.0689655172413793	0.000144055700750203	0.000145574296717116	0.000142932572483007
boot201	0.0454254638515675	0.000142608193568264	0.000143268293621409	0.00014377007965665
boot202	0.0704180064308682	0.000140773819190418	0.000142368255084211	0.000143584169948695
boot203	0.0654952076677316	0.000143675395525943	0.000145045881860589	0.000142260720994191
boot204	0.0698341836734694	0.000146393502399666	0.000147948608652645	0.00014375117386674
boot205	0.0580357142857143	0.000143722413431253	0.000144796438983757	0.000144022792996474
boot206	0.0636882129277567	0.00014539656786694	0.000146681798686309	0.000142416051396347
boot207	0.0628608082103913	0.000143765707445436	0.000145033020212871	0.000143362645507896
boot208	0.0529822335025381	0.000143748064137535	0.000144638646963333	0.000141343755552787
boot209	0.060952380952381	0.000144953100817046	0.000146132527084908	0.000141821913480266
boot210	0.0565797838525111	0.00014225359667957	0.000143271165637229	0.000141716357267762
boot211	0.0596446700507614	0.000143610655915676	0.000144739300162333	0.000141518589393055
boot212	0.0690642902609803	0.00013897794333779	0.000140496045243981	0.00013988553544769
boot213	0.0462962962962963	0.000146419100350544	0.000147103438489355	0.000142797202099211
boot214	0.0756997455470738	0.000146082147318835	0.000147904810002007	0.000144026455132953
boot215	0.0770210057288351	0.000143774041498259	0.000145662085840551	0.000142135204566081
boot216	0.0615826419910657	0.000143262151662635	0.00014447224157795	0.000144183209121332
boot217	0.0640614990390775	0.000144988665115147	0.000146303167248117	0.000142401396291928
boot218	0.0773924213230572	0.000142760544240829	0.000144683982544697	0.000141033718481684
boot219	0.0628589661774091	0.000140564342139493	0.000141825111006402	0.000142634382393028
boot220	0.0676282051282051	0.000143073065491242	0.000144538954635108	0.000143485823207994
boot221	0.0673198482932996	0.000142510807455549	0.000143943159533372	0.000142489591634255
boot222	0.0471938775510204	0.00014286602039621	0.000143576244273219	0.000141277743990466
boot223	0.0502239283429303	0.000146247746415341	0.000147054669952832	0.000143599882266435
boot224	0.0836526181353767	0.000142524475855925	0.000144758754438589	0.000143212687299778
boot225	0.0474522292993631	0.000143406387463426	0.000144123493853706	0.000141776497438043
boot226	0.0626198083067093	0.000141037115574507	0.000142289908032133	0.00014215365837345
boot227	0.0603063178047224	0.000139035657045797	0.000140196107577757	0.000139697082337102
boot228	0.0878205128205128	0.000138471521561388	0.000140943458251151	0.000142226642180414
boot229	0.0598208573256558	0.000139974504351069	0.000141119269217088	0.000142712197628413
boot230	0.0860215053763441	0.00014148505983027	0.000143825255714904	0.000140951759351586
boot231	0.0519439133205864	0.000139994615859211	0.000140854453377074	0.000139928467043429
boot232	0.0571519795657727	0.000143206144994622	0.000144249040514509	0.000143331132317002
boot233	0.0486066104990279	0.000146870823015776	0.000147636410372938	0.000143730009389542
boot234	0.0649267982176957	0.000141889350011162	0.000143231007912753	0.000142472682336984
boot235	0.0532392559332906	0.000149061264366505	0.00014997031451799	0.000145453830335253
boot236	0.0675589547482473	0.000146610241773407	0.000148064739022188	0.000143196069675864
boot237	0.0623393316195373	0.000144963580078299	0.000146212356513637	0.000142986029978763
boot238	0.0693734015345269	0.000138991475791119	0.000140530052786154	0.000141100112732901
boot239	0.0396262886597938	0.000144281527171338	0.000144787404346902	0.000145066374092141
boot240	0.062137797810689	0.000141284758144461	0.000142527870158872	0.000141217077638535
boot241	0.0701978302488832	0.000143408958189718	0.000144981305149402	0.000142118918979613
boot242	0.0761212886923563	0.000139935844068227	0.000141766055878772	0.000137913822555873
boot243	0.0606641123882503	0.000141952658856038	0.000143127669881534	0.000143488700970033
boot244	0.0440231362467866	0.000144040734425306	0.000144663496804806	0.000143197953007047
boot245	0.0705169112954691	0.000141256564639844	0.000142843238149306	0.000144849052577648
boot246	0.0562934851359899	0.000144023266450168	0.000145025466471912	0.000143232678540072
boot247	0.0726468730259002	0.000140198869463496	0.000141865820872353	0.000139257561855077
boot248	0.0749039692701665	0.00014534458670214	0.000147140554887935	0.000142949700058593
boot249	0.0651207115628971	0.000141439337265992	0.000142786448789009	0.000142289820619441
boot250	0.0595009596928983	0.000145615112338421	0.0001467476664665	0.000142352979324349
boot251	0.080849714648066	0.000139568049868406	0.000141640553469761	0.000141651868176082
boot252	0.0844529750479846	0.00014078201714669	0.000143063624630521	0.000141845169761545
boot253	0.058206106870229	0.00014308407249751	0.000144161665015636	0.000141059206362939
boot254	0.0575815738963532	0.000141593622012667	0.000142654286648746	0.000144017568071735
boot255	0.0755141388174807	0.000142005052316133	0.000143837438293429	0.00014266056372161
boot256	0.0604219948849105	0.000142633429244677	0.000143800570378268	0.000142827903756229
boot257	0.0671162491971741	0.000144887417084403	0.000146333978069085	0.000144358480657872
boot258	0.0792174470814625	0.000143328963543726	0.000145341601106941	0.000144246326971383
boot259	0.0547770700636943	0.000144689271770563	0.000145644853746602	0.000144548117997061
boot260	0.0560152768936983	0.000141624603406782	0.000142623238430804	0.000142963682188993
boot261	0.0559065066329754	0.000135391526552649	0.000136378746225391	0.000143304535437082
boot262	0.0819515306122449	0.000140316133804178	0.000142457732455227	0.000142765991147645
boot263	0.0698787492022974	0.000140674276480642	0.000142232361863564	0.000143065803211719
boot264	0.0527508090614887	0.000146458627174305	0.000147359160461244	0.000147235480760689
boot265	0.0627388535031847	0.00014205854657997	0.000143312101910828	0.000141174284405279
boot266	0.0464081373172282	0.000141576202270564	0.000142260790703257	0.000142078820443375
boot267	0.0492912371134021	0.000142551600437585	0.000143334340790732	0.000142223510884632
boot268	0.0519563822963438	0.000145195854860416	0.000146061623193105	0.000144020186066011
boot269	0.0814767663908339	0.00014314409158964	0.000145256906185918	0.000142973547320623
boot270	0.063953488372093	0.000139520821367231	0.000140841896520642	0.000144524287363781
boot271	0.0673324742268041	0.000146232944447159	0.000147693531459241	0.000142442593920807
boot272	0.0596681557115507	0.00014394709718532	0.000145083117863692	0.000142039879307032
boot273	0.075381679389313	0.000140128632872414	0.000141936011239956	0.0001418146055076
boot274	0.0402813299232737	0.000138887082971158	0.000139405812363865	0.000142855839862979
boot275	0.0594405594405594	0.000143259507464914	0.000144382578064599	0.00014304253057191
boot276	0.0768985322271857	0.000140956389311177	0.000142843238149306	0.000142386315422281
boot277	0.0670692943420216	0.000138305009044253	0.000139734853368327	0.000141081645258223
boot278	0.050673508659397	0.000139683624931836	0.000140507167099846	0.000142243850079044
boot279	0.0752722613709161	0.000145616898547047	0.000147431733054379	0.000144510613551939
boot280	0.0534571062740077	0.000141409928590951	0.000142324673216812	0.000141062647723992
boot281	0.0591810620601408	0.000142250219253588	0.000143370628116853	0.00014272437562979
boot282	0.061347743165925	0.000140559307752625	0.000141755603236271	0.000141985394483969
boot283	0.0670070197830249	0.000142734148457351	0.00014416680343508	0.000141457623634337
boot284	0.0522435897435897	0.000143869606228611	0.000144744411571335	0.000144168967520946
boot285	0.0634971282705807	0.000137076980539737	0.000138363478720532	0.000142294703471325
boot286	0.06426735218509	0.000147363317215863	0.000148690532047766	0.000146084678446808
boot287	0.0832270408163265	0.000136791732117939	0.000139000514108705	0.000142476895270754
boot288	0.0596301020408163	0.000142340712825382	0.000143474561380675	0.000141971593549639
boot289	0.0606734434561626	0.000141415231903344	0.000142584630486834	0.000142378677089205
boot290	0.0652450668364099	0.000143395587968204	0.000144750431617627	0.000140447396604672
boot291	0.046010296010296	0.000142077460217097	0.000142758588704535	0.000143105365010599
boot292	0.0802155992390615	0.000143018302230634	0.000145058423461225	0.000143814347596993
boot293	0.055591054313099	0.000148651834411857	0.000149639171574682	0.000144472902802892
boot294	0.0813214739517154	0.000142602965948849	0.000144703722659675	0.000141881087269531
boot295	0.0666023166023166	0.000142366579258173	0.000143793821399999	0.000141974603120457
boot296	0.0676190476190476	0.000143169276176079	0.000144620811287478	0.000142734797858003
boot297	0.0623800383877159	0.000142739827287452	0.000143984635089516	0.000145016851652485
boot298	0.0676620076238882	0.00014193760024074	0.000143391903695535	0.000141133276092363
boot299	0.0646496815286624	0.000139546849228131	0.000140877926082194	0.000143405612248194
boot300	0.0738963531669866	0.000143670462295922	0.00014541731802573	0.000142145855091248
boot301	0.0751278772378517	0.000140974122525149	0.000142778533630732	0.000141376141071878
boot302	0.0750644329896907	0.000147331302135236	0.000149146595015411	0.000144085315441138
boot303	0.0688661114670083	0.000139962041821221	0.000141481113348635	0.000140122148181017
boot304	0.046964856230032	0.000143932893684143	0.000144637589441558	0.000142327769653418
boot305	0.0580500320718409	0.000143849401023398	0.000144930159914848	0.000143488763185684
boot306	0.0622208040842374	0.000137739055561191	0.000138974355006274	0.000142385925584192
boot307	0.072936660268714	0.000138905819257094	0.000140607596739869	0.000142268126153462
boot308	0.0672162333544705	0.000143324373004703	0.000144756846697272	0.000141362371056341
boot309	0.0632183908045977	0.000140628314019324	0.000141904356463743	0.000143053849244254
boot310	0.0725703324808184	0.000147431512758172	0.000149115161465454	0.000143979982263841
boot311	0.0718870346598203	0.000139029138629002	0.000140687593620075	0.000143890273283958
boot312	0.0700127877237852	0.000142029094472221	0.000143596163028761	0.000141085866952149
boot313	0.0769716088328076	0.000146405967563096	0.000148274935565087	0.00014298408856402
boot314	0.0694267515923567	0.000137821510827302	0.000139356566189298	0.000140390057296158
boot315	0.0594249201277955	0.000141161690418013	0.000142289908032133	0.000140581732560182
boot316	0.0756620428751576	0.000141910171371621	0.000143714945877309	0.000140555086513601
boot317	0.0701083492670491	0.000144467330821437	0.000146033672643283	0.000143140147389332
boot318	0.0491384811742182	0.000147061611139285	0.000147832061149531	0.000144618950645511
boot319	0.0658740359897172	0.00014492120874479	0.000146315613827559	0.000145898702468487
boot320	0.0731629392971246	0.000144764740571095	0.000146474905327195	0.000144695474349208
boot321	0.0716550412175016	0.000144737340781024	0.000146365256105019	0.00014290544201914
boot322	0.0631780472239949	0.000140246071826187	0.000141519672863531	0.000142136526666641
boot323	0.0720663265306122	0.000145580720171535	0.000147236828404831	0.000142976911816014
boot324	0.0627388535031847	0.000147738290180116	0.000148991845510974	0.000144063899182742
boot325	0.0663688576898532	0.000143575808891886	0.000144981305149402	0.000145208775674437
boot326	0.0793650793650794	0.000136876667186569	0.000138876291257244	0.000140427999536087
boot327	0.0594473007712082	0.000144973501009167	0.000146109099199715	0.00014246586130577
boot328	0.076038338658147	0.000140034385917929	0.000141881615613102	0.000142318932013997
boot329	0.0591979630808402	0.000141710488082143	0.00014282582825812	0.000141740083477031
boot330	0.0657216494845361	0.0001484815883879	0.000149873126793496	0.000145042800596948
boot331	0.0650224215246637	0.000139306105256869	0.000140660338216809	0.000143469790763053
boot332	0.0661157024793388	0.000141275466387483	0.000142664940676846	0.00014053319730058
boot333	0.066984126984127	0.00014017297548061	0.000141597379692618	0.000142560238675129
boot334	0.0761421319796954	0.000140685581985339	0.000142524929784328	0.000141997650081952
boot335	0.0775641025641026	0.000146000728055092	0.00014792899408284	0.000142697415141017
boot336	0.0771663504111322	0.000142342136329108	0.00014422532596724	0.000141243841001655
boot337	0.0570427023581899	0.000142254808273212	0.000143291733031761	0.000143687816865595
boot338	0.0689102564102564	0.000145893357050439	0.000147415351742275	0.000144480840613884
boot339	0.0653721682847896	0.000147337671579317	0.000148720687885548	0.000146273531300167
boot340	0.0704314720812183	0.000147392942559833	0.000148966734520343	0.000142193719448024
boot341	0.0606451612903226	0.000147408814742708	0.000148595213319459	0.000145293746433487
boot342	0.0661998726925525	0.000141633630324613	0.000143028418085437	0.00014146830877234
boot343	0.062015503875969	0.000141686220034667	0.000142928443135762	0.000142863676620997
boot344	0.048469387755102	0.000138759795424313	0.000139508928571429	0.00014119026298151
boot345	0.059010152284264	0.00014121886511456	0.000142323623386328	0.000139107191655332
boot346	0.0588422391857506	0.000139823075269854	0.000140924350432829	0.000142936055967205
boot347	0.0616613418530351	0.000140973099758328	0.000142187834927375	0.000142864028482375
boot348	0.0982932996207332	0.000138292394988216	0.000141345989409939	0.000138394306701219
boot349	0.0521099744245524	0.000145589755488828	0.000146457865921861	0.000144575168369759
boot350	0.0556257901390645	0.000145062925529895	0.000146040873863838	0.000140596237439559
boot351	0.0757479312539784	0.000141404862435587	0.000143231007912753	0.000141516215914828
boot352	0.0741811175337187	0.000142504355147688	0.000144271483663601	0.000143811528865949
boot353	0.050673508659397	0.000146883845793468	0.000147707387961478	0.000141273967859068
boot354	0.0661998726925525	0.000138999962569498	0.000140394750330323	0.000141600359684608
boot355	0.0843908629441624	0.000142882453012757	0.000145141912958334	0.000140692096342127
boot356	0.0534571062740077	0.000141819790860834	0.000142734535486695	0.000144511315978198
boot357	0.0614258434118396	0.000139092585194241	0.000140293455416664	0.000141927166349074
boot358	0.0605196451204056	0.000140501359370005	0.000141661887711419	0.000140875085061596
boot359	0.0589365791159513	0.000144369797510945	0.000145482392116291	0.000141961826778663
boot360	0.0503802281368821	0.000143066412993119	0.000143870648540371	0.000143214274502697
boot361	0.073968253968254	0.000141069830871796	0.000142806752330562	0.00014240398005175
boot362	0.0635894125242092	0.000143626772445782	0.000144932005946484	0.000142936235347779
boot363	0.0721153846153846	0.000142666629526374	0.000144333497698882	0.00014060982121032
boot364	0.0625802310654685	0.000146125267465266	0.000147382098440943	0.00014392937469209
boot365	0.0685586734693878	0.000147466620069201	0.000148965437578092	0.00014084945019977
boot366	0.0747308423052565	0.000145228993227686	0.000146997422230743	0.00014293444262558
boot367	0.0766052129688493	0.000140294413523273	0.00014215975320986	0.000141062375551917
boot368	0.0466237942122186	0.000142909972998545	0.000143608937045729	0.000142547209826946
boot369	0.0641848523748395	0.000142455254910783	0.00014377736507586	0.000143142223352557
boot370	0.0458333333333333	0.000143043827388779	0.000143717126890204	0.000143092689262715
boot371	0.0698992443324937	0.00013467687122069	0.000136215254205026	0.000138524514272822
boot372	0.055022392834293	0.000142095146155406	0.000143063624630521	0.000144629938216256
boot373	0.0574454428754814	0.000140967451289268	0.000142026494584249	0.000144222222093654
boot374	0.0748560460652591	0.000142703784331763	0.000144496307566735	0.000140937712239567
boot375	0.0823229100191449	0.000139764491840023	0.000141926923720693	0.000141758058855064
boot376	0.0648562300319489	0.000140639813135126	0.00014198368871786	0.000140159123817513
boot377	0.0803059273422562	0.000141947462234326	0.000144002606264377	0.000141868433169679
boot378	0.0659480025364616	0.000141166355721496	0.000142545283761619	0.000141194275954557
boot379	0.0668380462724936	0.000148081074996956	0.000149516590559142	0.000143624818477358
boot380	0.0571519795657727	0.000144633343982045	0.000145676239501932	0.000143459114127313
boot381	0.0786802030456853	0.000138547851098959	0.000140511865804324	0.000141035824462064
boot382	0.0776699029126214	0.000143626399315149	0.000145578701521769	0.000142717087447107
boot383	0.0584291187739464	0.000143974556637002	0.000145064582793037	0.000142065765873035
boot384	0.0693384223918575	0.000140912637820431	0.00014244184164352	0.000141921273941939
boot385	0.0462610899873257	0.000144698520297091	0.000145376621832838	0.000143430436068441
boot386	0.0728498074454429	0.000141353243035437	0.000143056418402844	0.00014364128688712
boot387	0.0686337395766517	0.000146813776751453	0.000148324549749617	0.000143372080416567
boot388	0.0676282051282051	0.000147593118088218	0.000149059007232084	0.000142762904539439
boot389	0.0851804939835339	0.000136778438899251	0.000139076005889523	0.000139172625565196
boot390	0.072482360487492	0.000142730902497266	0.000144415858424732	0.000144124695823592
boot391	0.0821520618556701	0.00014510409168445	0.000147278370443193	0.000145191163147545
boot392	0.082122552116235	0.00013793988245786	0.000140070050987893	0.000139159813589098
boot393	0.0793548387096774	0.000145523278842603	0.000147554630593132	0.000144871269846598
boot394	0.0845518118245391	0.000139382153510575	0.000141654565742874	0.000141219712703905
boot395	0.0599872367581366	0.000144647603745066	0.000145795806863724	0.000142723168017839
boot396	0.0678456591639871	0.000149572953744936	0.000151053028814839	0.000143108907641035
boot397	0.0477087256748274	0.000139178849566806	0.000139893263410346	0.000138277730789607
boot398	0.0690095846645367	0.000144851323348453	0.000146372832222438	0.000142085761822617
boot399	0.0727445997458704	0.000139087269327553	0.000140768265767257	0.000141995042807052
boot400	0.0643219264892269	0.000143563695935829	0.000144874630735349	0.000142277860691183
boot401	0.0561224489795918	0.000143792061024743	0.000144796438983757	0.00014133396788577
boot402	0.0792993630573248	0.000145163541989404	0.000147166213639499	0.000141133714808136
boot403	0.0692405871091257	0.000143146109858089	0.000144675867006531	0.000142173073987501
boot404	0.054382597568778	0.000138842834110186	0.000139788920776318	0.000141907762069699
boot405	0.0643086816720257	0.000139694405937242	0.000141024182959233	0.000141640933542033
boot406	0.0711984536082474	0.000143569440428606	0.00014520256536295	0.000142356324959675
boot407	0.0666877370417193	0.000136544110285852	0.000137949690017757	0.000138535745509847
boot408	0.0764593908629442	0.000144595696914902	0.000146450404545337	0.000142084859436796
boot409	0.0592568866111467	0.000146307012166856	0.000147431733054379	0.000144353530547049
boot410	0.0648148148148148	0.000144946593458759	0.000146287896210827	0.000142271474174452
boot411	0.0793854033290653	0.000142869013344131	0.00014488631240358	0.000143548356120524
boot412	0.0562977099236641	0.000137892939714678	0.000138901028818574	0.000139658712566202
boot413	0.040410519563823	0.00014841797513897	0.000148941711537757	0.000146317817251619
boot414	0.0871091257179323	0.000146327188665781	0.000148748375578143	0.000143328943921914
boot415	0.0804195804195804	0.000137679128983438	0.000139734853368327	0.000140098761771914
boot416	0.0485003190810466	0.000138325599452867	0.000139076167720564	0.000140008010699729
boot417	0.0593329057087877	0.000146886913788245	0.000148015968855548	0.000145374689265671
boot418	0.065989847715736	0.000141747294409311	0.00014312884897833	0.000143468106461254
boot419	0.070926517571885	0.000143336597607309	0.000144943808755831	0.000142830275874252
boot420	0.0651486401012018	0.00014068264188583	0.00014202493957939	0.000140937525353045
boot421	0.0591979630808402	0.000144749335491891	0.000145864675667868	0.000143095475189323
boot422	0.048033526756931	0.000144646078517719	0.000145389863073718	0.00014591849586094
boot423	0.0635022450288647	0.000146825520903505	0.000148118829153571	0.000143415296256981
boot424	0.0534913516976297	0.000145284066606979	0.000146200570356639	0.000144267167756913
boot425	0.0564720812182741	0.000142922305548402	0.000143934074570332	0.000144314078716303
boot426	0.0617402431222009	0.000142355892878442	0.000143575297107741	0.000143842787562722
boot427	0.0720663265306122	0.000137852820338132	0.000139508928571429	0.000141477932185164
boot428	0.0772151898734177	0.000140117718882279	0.000142004486460503	0.000140013771730025
boot429	0.0628950695322377	0.000138697263577914	0.000139947513189629	0.000140688267378656
boot430	0.0540281329923274	0.000138166004678915	0.000139099201339604	0.00014201445660576
boot431	0.0367647058823529	0.000140302349010784	0.000140734460135661	0.000143586328212233
boot432	0.065438373570521	0.000141527071810632	0.000142887357940097	0.000140815514842448
boot433	0.0710627400768246	0.000142655029553421	0.000144271518998756	0.000143104579190986
boot434	0.064951768488746	0.000142355821669056	0.000143712327209189	0.000143933402639095
boot435	0.0516688061617458	0.000145083444655186	0.00014594020509491	0.000142873405303243
boot436	0.0891822279459111	0.00014494270927538	0.000147503388535328	0.000143508736899337
boot437	0.0574454428754814	0.000147970933255714	0.000149029976550694	0.000143174053154781
boot438	0.0728900255754476	0.000144657146956701	0.000146355662247107	0.000142463754154206
boot439	0.0631036703155183	0.000140727528653612	0.000142009586994658	0.000143717885681702
boot440	0.0805003207184092	0.000142440366690758	0.000144518718722755	0.000143446273107476
boot441	0.079083279535184	0.000147497708439927	0.000149516483489004	0.000142648612453657
boot442	0.0779345734445157	0.000144627945934671	0.000146575924683221	0.000144655129028183
boot443	0.0476038338658147	0.00013880993260664	0.000139533934203677	0.000142384774058248
boot444	0.0767008985879332	0.00014302227490783	0.000144910281276315	0.000143678570393775
boot445	0.0717503217503218	0.000144207881169539	0.000145864286790928	0.000144921352351549
boot446	0.0415345592897907	0.000142903051588228	0.000143450014053477	0.00014183749310456
boot447	0.0671310956301457	0.000142963336449065	0.000144390373814645	0.000141226722403295
boot448	0.0773427471116816	0.00013454516895139	0.000136464905963836	0.000142409212424284
boot449	0.0535264483627204	0.000138882109343607	0.000139784212830486	0.000141247243641212
boot450	0.0717916137229987	0.000145690119228057	0.000147327360587953	0.000141074775710935
boot451	0.0728965960179833	0.00014421502006435	0.000145921479187988	0.000142854330113603
boot452	0.058636073932441	0.000143313156963291	0.000144408819540158	0.00014182209016371
boot453	0.0473582474226804	0.000148424042309564	0.000149146595015411	0.00014456601411758
boot454	0.0569338422391858	0.000141512008235646	0.000142543007724233	0.000142396632246764
boot455	0.0558359621451104	0.000139429891301567	0.00014041337857875	0.000140746230428473
boot456	0.0611325611325611	0.000143730135270214	0.00014493257736501	0.00014440943178216
boot457	0.0859424920127796	0.000141869516852123	0.000144229297022528	0.000141232293699738
boot458	0.0700190961171229	0.000144101718615517	0.000145662085840551	0.000141583401974683
boot459	0.0920634920634921	0.000139612152915252	0.000142302847064752	0.000140806744332066
boot460	0.0602564102564103	0.000143067040071478	0.000144230769230769	0.000143604388981608
boot461	0.0715661103979461	0.00014470849421237	0.000146352174622348	0.000142412517699697
boot462	0.0632992327365729	0.000141599793294924	0.000142880737305486	0.000144770786464628
boot463	0.0627400768245839	0.000142806563139117	0.000144066587863814	0.000144806806470306
boot464	0.0730843528654218	0.000149515348427213	0.000151235027317669	0.000144772640311772
boot465	0.0630225080385852	0.000144709792953385	0.000145986910805306	0.00014277150996613
boot466	0.0528325907065563	0.000140519321796387	0.000141407699466905	0.000140918376042492
boot467	0.0726167626359565	0.000141069738797508	0.00014275662114419	0.000141841274110567
boot468	0.0584664536741214	0.000139054255833747	0.000140146372832222	0.000140355182445565
boot469	0.0743933588761175	0.000143093656404481	0.000144860697223405	0.000141660598636321
boot470	0.0673015873015873	0.00014469458941719	0.000146132527084908	0.000141692657780337
boot471	0.0629820051413882	0.0001441116408777	0.00014538629800226	0.000143705247696172
boot472	0.0616966580976864	0.000151597663415567	0.000152820824604648	0.000146558958666988
boot473	0.0813806206459785	0.000140789155610507	0.000142886307420743	0.000142981784044058
boot474	0.0653298835705045	0.000145892852430463	0.000147273186740727	0.000144170851211718
boot475	0.084461637653127	0.000144233296682916	0.000146533028544634	0.000142880875847973
boot476	0.0688989053444945	0.000150224959175486	0.000151753310481883	0.000144123368002707
boot477	0.0731087094723458	0.000142582594798566	0.000144281540571201	0.000141506445933736
boot478	0.065646908859146	0.000145269660293487	0.000146642992556954	0.0001431100503254
boot479	0.0579756566303651	0.000142456441068746	0.000143533051178202	0.000142754175801864
boot480	0.080089342693044	0.000140185679408872	0.000142232361863564	0.000141251236852625
boot481	0.0629392971246006	0.000140105641423966	0.000141371250089314	0.000142047313199451
boot482	0.063258785942492	0.000143052880031784	0.000144331370127285	0.000141671925496939
boot483	0.0591432225063939	0.000139002976971909	0.00014012123808714	0.000143243253217056
boot484	0.067515923566879	0.000141353262221979	0.000142804981946529	0.000141108746417537
boot485	0.0526483726866624	0.000139311662412935	0.000140196107577757	0.000140881800290114
boot486	0.0693290734824281	0.000141877082654137	0.000143412712184467	0.000142111883406295
boot487	0.0909090909090909	0.000145724667046522	0.000148370141697584	0.000142913817430291
boot488	0.0621396540679052	0.000143629995710509	0.000144866810767421	0.000145506710405751
boot489	0.0720663265306122	0.000138462917693401	0.000140119025926697	0.000139630714586862
boot490	0.0685279187817259	0.000142444202853151	0.000143934074570332	0.000142108968943536
boot491	0.0826339573918657	0.000147833324536799	0.000150037446846109	0.00014498776819607
boot492	0.0862290862290862	0.000143368403382416	0.000145760763521381	0.00014194172748756
boot493	0.0696122059758423	0.000140013204275916	0.000141553528249477	0.000141487722202442
boot494	0.0944302176696543	0.000140494954368748	0.000143349328891519	0.000141993890486997
boot495	0.0657472738935215	0.000140252259619786	0.000141638630378102	0.000140319689526508
boot496	0.0684277530235519	0.00014569126212854	0.000147181509545425	0.000144176287404597
boot497	0.0692943420216147	0.000140936576485917	0.000142462865690052	0.000141787976342865
boot498	0.0704761904761905	0.000143749487096426	0.000145326278659612	0.000140305078645215
boot499	0.0700127877237852	0.000144686390015814	0.000146253458572354	0.000141085866952149
boot500	0.0712921705919796	0.000140397845273579	0.000142015468948855	0.000142334699450142
boot501	0.0738744451490171	0.00014292599972499	0.000144656321109288	0.000143250970839475
boot502	0.0662188099808061	0.000144219258035404	0.000145621987016618	0.000141577548360312
boot503	0.0272435897435897	0.000144917436603365	0.000145155325443787	0.00014629399807608
boot504	0.0810465858328015	0.000143089031064532	0.000145184930577983	0.000141725377428588
boot505	0.0815217391304348	0.00014331121473991	0.000145435829174325	0.00014261029618786
boot506	0.0633848133848134	0.000141465913489661	0.000142758588704535	0.000144396807805597
boot507	0.0753512132822478	0.000140907061787256	0.000142719898742271	0.000141403365613205
boot508	0.0595009596928983	0.000141112394538891	0.00014224494866697	0.000143014257893756
boot509	0.0736334405144694	0.000143106248086991	0.000144849619007248	0.000143111168261972
boot510	0.0676715843489416	0.000140375639194708	0.000141844350974149	0.000138970959435301
boot511	0.0649807938540333	0.000139128659337199	0.000140480293002339	0.000142479978742412
boot512	0.083386378103119	0.000141423174183186	0.000143636187567386	0.000142546638585211
boot513	0.0693290734824281	0.000150859515872808	0.000152395145403138	0.000144229786190761
boot514	0.0605280103026401	0.000144354376120072	0.000145533912511314	0.000144363253346195
boot515	0.081447963800905	0.000139715661390436	0.000141859737281616	0.000143717099068679
boot516	0.0583173996175908	0.000137942708072593	0.00013902649363606	0.000141794873356434
boot517	0.0628991060025543	0.000144413053826351	0.000145676239501932	0.000142178384658304
boot518	0.0641848523748395	0.000142249270147064	0.000143571380312141	0.0001437993121046
boot519	0.0460902733630006	0.000141888660558313	0.000142563903183449	0.000142760293606883
boot520	0.0737652341244387	0.000143699333192831	0.000145444461404965	0.000143123737785547
boot521	0.0683977200759975	0.000141505182658193	0.00014298657851367	0.000142215589698454
boot522	0.0566518141311267	0.000145653574746597	0.000146675034977134	0.000142374869234489
boot523	0.0733504163997438	0.000143861643848891	0.000145584989007769	0.000143990859408562
boot524	0.0697084917617237	0.000141828963582395	0.000143368657442881	0.000140122257474646
boot525	0.0541056651814131	0.000137639735008369	0.000138571441884474	0.000141897732149147
boot526	0.0736040609137056	0.000143423144626168	0.000145141912958334	0.000141418000060298
boot527	0.0785123966942149	0.000139796227382912	0.000141755603236271	0.000141212679261103
boot528	0.0220729366602687	0.000143214769341162	0.000143370628116853	0.000143989971149259
boot529	0.0765370138017566	0.000144571016058531	0.000146408504917279	0.000141159180473688
boot530	0.0571519795657727	0.000147895513096154	0.000148938408616041	0.00014320262972618
boot531	0.0460652591170825	0.000136040060545912	0.000136718885913002	0.000142646560819915
boot532	0.065231158961368	0.000146652728442012	0.000148000133160011	0.000143084182484429
boot533	0.0922978994271165	0.000142140427282826	0.000144851726531285	0.000143046471921099
boot534	0.0461834509300834	0.000141057426808322	0.000141741490676125	0.000143191035735505
boot535	0.0648442466624285	0.000141530468834264	0.000142867015663641	0.000143710193779232
boot536	0.0624597553122988	0.000145107138196828	0.000146363165574057	0.000143530462742216
boot537	0.0619017230376516	0.000137446254669711	0.000138668916863403	0.000141495372955973
boot538	0.0879332477535302	0.00014067794221587	0.000143159410784703	0.000142362839410244
boot539	0.0717029449423816	0.000140986323340028	0.000142632069919224	0.000142232900278982
boot540	0.0704358812381554	0.000138203727148718	0.00013977075600715	0.000139004494052345
boot541	0.0689102564102564	0.00013993510589988	0.000141457100591716	0.000142468021154689
boot542	0.054354736172918	0.000135966694416388	0.000136905803553206	0.00014250053796588
boot543	0.0662420382165605	0.000143436007145417	0.000144833461803724	0.000142899299799762
boot544	0.0650224215246637	0.000139716492822782	0.000141070725782722	0.00014167036879323
boot545	0.064299424184261	0.000139592010350823	0.0001409146002262	0.000142557157266794
boot546	0.0539246968730057	0.000146598775867909	0.00014752662300666	0.000143188732155839
boot547	0.0959468017732742	0.000139169069402306	0.000142084138677328	0.00014102652948344
boot548	0.056420233463035	0.000140907894914869	0.000141940074792957	0.000143876179142165
boot549	0.0558343789209536	0.000140314199790155	0.00014129207867017	0.000140482344094483
boot550	0.0615335051546392	0.000144605470464144	0.000145825306887023	0.000143248439643001
boot551	0.0468248877485568	0.000138981087116985	0.000139684284715659	0.000142167051242033
boot552	0.0568326947637292	0.000146989647947938	0.000148020923552698	0.000142459443389749
boot553	0.050063371356147	0.000135948223767324	0.000136742374956026	0.000140024276956251
boot554	0.083856783919598	0.00014427214577653	0.00014648067599303	0.000140035574578071
boot555	0.0450191570881226	0.00014278639590363	0.000143433498235982	0.000141205045885273
boot556	0.0822663252240717	0.000137289264643294	0.000139455637327632	0.00014363281477489
boot557	0.0631780472239949	0.000142485951540574	0.000143759552577918	0.000141199615792316
boot558	0.0752518891687657	0.000138695164783644	0.000140478177007658	0.000137688679495377
boot559	0.0587859424920128	0.000144860454488815	0.000145964539803407	0.000141893746985297
boot560	0.0509878903760357	0.00013748714208445	0.000138315620403443	0.000140327722395827
boot561	0.0731087094723458	0.000139349395009855	0.000141048340782491	0.000143528994307602
boot562	0.0699300699300699	0.000139291842820355	0.000140846265795697	0.000143170063911478
boot563	0.0662612035851472	0.000143173490893052	0.000144578915701168	0.00014265224159784
boot564	0.0539152759948652	0.000139754712687597	0.000140687593620075	0.000144253060313255
boot565	0.0532601678502259	0.000151309855283122	0.000152225492945948	0.000144554887668678
boot566	0.0701587301587302	0.000141647258315437	0.00014320987654321	0.000140345743000316
boot567	0.0678233438485804	0.000141151566944895	0.000142602672929375	0.00013986260184543
boot568	0.0704676489429853	0.000139787968876263	0.000141378516457157	0.000142927197145116
boot569	0.0814696485623003	0.000147620700386511	0.000149741244679439	0.000141486139401794
boot570	0.085559796437659	0.000143249593591399	0.000145577990145614	0.000142699744358823
boot571	0.0645367412140575	0.000140755093782192	0.000142085761822617	0.000143291072350362
boot572	0.0864589955499046	0.000143522057213332	0.000145898140465557	0.00014129814040857
boot573	0.064996829422955	0.000142311627108001	0.000143651065229446	0.000142895657188604
boot574	0.070694087403599	0.000143160824172125	0.000144766754118728	0.000144512127953227
boot575	0.0513065646908859	0.000143062186285018	0.000143901052945432	0.0001427688531802
boot576	0.0737913486005089	0.000145768223564563	0.000147500145679156	0.000143029209848778
boot577	0.0557704706640877	0.000141892993536242	0.000142895683864448	0.000141756706180997
boot578	0.0701923076923077	0.00014131614528018	0.000142895299145299	0.000144326221099058
boot579	0.0664739884393064	0.000141821228387953	0.000143240236460859	0.00014346261362741
boot580	0.0602060528010303	0.00014239741498251	0.000143564436487301	0.000141111885846288
boot581	0.0631780472239949	0.000140653322683348	0.000141926923720693	0.000143176094904449
boot582	0.0593709884467266	0.000144808974584916	0.00014594020509491	0.000144570465911136
boot583	0.0637003841229193	0.000142255367921017	0.000143554260026461	0.000141901789554392
boot584	0.0801916932907348	0.000142583050248959	0.000144637589441558	0.000141984830110405
boot585	0.0717029449423816	0.000142420841284618	0.000144066587863814	0.000142099078411094
boot586	0.0601145038167939	0.000143214584464231	0.000144363997177062	0.000141621025627966
boot587	0.0633802816901408	0.0001417560614762	0.000143041932189107	0.000141670323642215
boot588	0.0547422024188415	0.000138428042846934	0.00013938180119374	0.000143427988155418
boot589	0.0598840952994205	0.000148110977929254	0.000149265551293656	0.000145969297067678
boot590	0.0750319284802043	0.000143878733023178	0.000145676239501932	0.000144818872038702
boot591	0.0862732520846697	0.0001446002350141	0.000146987365875314	0.000142172494458574
boot592	0.0723431498079385	0.000143006115159761	0.000144681381268638	0.000143140199423468
boot593	0.05	0.000139936719263642	0.000140738001314924	0.00014326090712925
boot594	0.0469049138481174	0.000140919484638735	0.000141621485577822	0.000142978739371802
boot595	0.0604993597951344	0.000141972767623537	0.000143144397756578	0.000141073405952587
boot596	0.0768253968253968	0.000142243210276468	0.000144116906021668	0.000140290745339876
boot597	0.0770953294945617	0.000141264586819543	0.000143165959125965	0.000142727911178577
boot598	0.0459987397605545	0.000137308545447331	0.000137975175585819	0.000141371561694846
boot599	0.0701357466063348	0.000143299283826279	0.000144889142569663	0.000144429393870207
boot600	0.0744066709429121	0.000141200204027644	0.000142975814252405	0.000142844583249988
boot601	0.0659235668789809	0.000140913812087311	0.000142297861982231	0.000140156685210676
boot602	0.0678617157490397	0.00014156779247579	0.000143041932189107	0.000141915663733342
boot603	0.065989847715736	0.000138123779245303	0.000139505333814321	0.000142853713203398
boot604	0.0728835136855506	0.000143870145934165	0.000145560790926893	0.000142839400873859
boot605	0.064176245210728	0.000142118494899664	0.000143433498235982	0.000141212857592922
boot606	0.0503802281368821	0.000142263227237137	0.000143067462784388	0.000142967668990166
boot607	0.0563019833653231	0.000142458914841705	0.000143472962612297	0.000144607153568518
boot608	0.0647851186658114	0.000141424002700443	0.000142770093656359	0.000142592413872794
boot609	0.0782828282828283	0.000132976890370906	0.0001349112973166	0.000138856538901765
boot610	0.0773657289002558	0.000144033338594043	0.000145946847548093	0.000144021314632307
boot611	0.0713363460296966	0.000143497759183171	0.000145140391289326	0.000144783452353951
boot612	0.0673624288425047	0.000140889920535701	0.000142324992268642	0.000140073078806073
boot613	0.0616570327552987	0.00014006006083853	0.000141280866775649	0.000143063725619798
boot614	0.0448143405889885	0.000140144819947253	0.000140787689704752	0.000143264378244993
boot615	0.0571884984025559	0.000141551231388086	0.000142596127346405	0.000142290853757384
boot616	0.0460399227301996	0.000142052738323141	0.000142735183424558	0.000143174606117617
boot617	0.073520050922979	0.000141206818306178	0.000142927123171779	0.000139991021430341
boot618	0.0388257575757576	0.000141310559809963	0.000141786392970105	0.000140483001999818
boot619	0.0654799745708837	0.000141706208555774	0.000143069090650435	0.000141869679897602
boot620	0.0545628589661774	0.000142911427328404	0.000143861365292209	0.000142132920664316
boot621	0.0567671584348942	0.000141222273796527	0.000142255792166242	0.00014311611728239
boot622	0.074905183312263	0.000142169838899035	0.000143943159533372	0.000138694737884903
boot623	0.0579756566303651	0.000142661634851703	0.000143738244961159	0.000142352332499815
boot624	0.0628571428571429	0.0001378235611705	0.000139077853363568	0.000141065831623655
boot625	0.0575079872204473	0.00014000842739033	0.000141065030775041	0.000143492218328045
boot626	0.05814696485623	0.000142842863803465	0.000143923077708255	0.000141838438363677
boot627	0.0654533844189017	0.000140638436690485	0.000142006299248559	0.000143168648797908
boot628	0.0592568866111467	0.000142613524073636	0.000143738244961159	0.000142328277110781
boot629	0.0579248886059835	0.000146822689561651	0.000147890573941033	0.000142673724692672
boot630	0.0630544993662864	0.000141205292133329	0.000142465073467401	0.000142303437423907
boot631	0.0527156549520767	0.000134971462088304	0.000135859302432402	0.000142896900587677
boot632	0.0704633204633205	0.000141575165846196	0.00014317268178272	0.000144309272685788
boot633	0.0655790147152911	0.000140152853145431	0.000141528607198863	0.000141862094564534
boot634	0.0629370629370629	0.000141810008040408	0.000143069090650435	0.000140934007191743
boot635	0.04638515674984	0.000145343038764642	0.000146031324998393	0.000142407747593983
boot636	0.0486555697823303	0.000145767962356721	0.000146525761483111	0.000141866070923478
boot637	0.0628608082103913	0.000141914222081016	0.000143181534848452	0.000142294323541512
boot638	0.107371794871795	0.000141254771605641	0.000144949868507561	0.000142822961182336
boot639	0.0640614990390775	0.00014416788998332	0.000145482392116291	0.000145346143970208
boot640	0.0624199743918054	0.000141077473087787	0.000142324673216812	0.000142331856302368
boot641	0.0777848911651729	0.000140182965739496	0.000142119742081871	0.000143300359271726
boot642	0.0630601792573624	0.000143715863051726	0.000144988777971051	0.000141778988310919
boot643	0.0727908455181182	0.000142294223643698	0.00014397842809101	0.000143011955971238
boot644	0.0722010178117048	0.000139670940018706	0.00014132901475568	0.00014143246543936
boot645	0.04757343550447	0.000145565280704538	0.000146287896210827	0.000144438441876209
boot646	0.0682397959183673	0.000140667776332765	0.000142152683777593	0.000143379298517698
boot647	0.0822306238185255	0.000141502754856365	0.000143633150412	0.000140291712189693
boot648	0.0670731707317073	0.000145114382033048	0.000146558159386067	0.000142647192253998
boot649	0.0751592356687898	0.000142628749683777	0.000144427765832285	0.000141599199254346
boot650	0.0676786843769766	0.000141776572120397	0.000143225150336399	0.000141077777685339
boot651	0.0771941063420884	0.000142034748784489	0.000143943438744116	0.000143257367218365
boot652	0.061314791403287	0.000140057885974219	0.000141246098251345	0.000143187219615115
boot653	0.0734177215189873	0.000139898162214348	0.000141603909629867	0.000143551967998475
boot654	0.0768494897959184	0.000139354296647147	0.00014123753774469	0.00014133101726612
boot655	0.0584291187739464	0.000141731815371052	0.000142821841527087	0.000141325346183063
boot656	0.0812459858702633	0.000144832973590463	0.00014695272639073	0.000143764635929562
boot657	0.0647551546391753	0.000149041166319889	0.000150392078063556	0.000145159063068985
boot658	0.0779054916985951	0.000146694755984199	0.000148632580261593	0.000141874151194168
boot659	0.0751759436980166	0.000140744075470357	0.000142551952153302	0.000142314513863009
boot660	0.059539052496799	0.000149694584595941	0.000150829315316881	0.000144053336874935
boot661	0.0530495552731893	0.000144717923026235	0.000145611905019463	0.000142260201796187
boot662	0.0591810620601408	0.000144501578153353	0.000145621987016618	0.000142591988969658
boot663	0.0819462227912932	0.000142326903581277	0.000144476450133697	0.000142445244095821
boot664	0.068297331639136	0.000142919252668602	0.000144400995206412	0.000141119556550856
boot665	0.0774647887323944	0.000138047096569162	0.000139967965164986	0.000143468784588295
boot666	0.0714285714285714	0.000148054642752641	0.000149688864666903	0.000144225103688658
boot667	0.0449044585987261	0.000144495564864455	0.000145137733782304	0.000142472253108807
boot668	0.0437420178799489	0.000147511958250601	0.000148122866337514	0.000145412171234623
boot669	0.0579847908745247	0.000138588576055061	0.000139653923321462	0.000142463387439
boot670	0.0625398851308232	0.000143529678051333	0.000144777679720821	0.000142543062820638
boot671	0.0741094147582697	0.000142010116037628	0.000143757000692785	0.000141779982510511
boot672	0.0724729815638906	0.000139985038388532	0.000141654565742874	0.000141781167713304
boot673	0.0791666666666667	0.000138626503259917	0.000140635272846811	0.000140014127798429
boot674	0.0713375796178344	0.000141792809258551	0.000143413525903688	0.000139796307029678
boot675	0.0610223642172524	0.000143039607267044	0.000144229297022528	0.00014352160103328
boot676	0.0810465858328015	0.000140645525921565	0.000142741425435015	0.000142314227862291
boot677	0.0807790549169859	0.000136252944016489	0.000138336358995187	0.000141768270006746
boot678	0.0717948717948718	0.000145455081845614	0.000147107166337936	0.00014469745939328
boot679	0.069693094629156	0.00014255439130055	0.000144107181402529	0.000142338809508343
boot680	0.0738963531669866	0.000141009765414382	0.00014275662114419	0.000140300298624471
boot681	0.0693290734824281	0.000139631474349469	0.000141167103879799	0.000142441908907939
boot682	0.0708333333333333	0.000147039964798378	0.000148648093359632	0.000145060071130245
boot683	0.0701587301587302	0.000138220702507928	0.000139783320735702	0.000140613212716009
boot684	0.0772176132737715	0.000144504143328248	0.000146406683149466	0.00014566508115782
boot685	0.0706486833654464	0.000138234283035654	0.00013983712069181	0.00014233330852591
boot686	0.0466237942122186	0.000143530313979304	0.000144229278026489	0.000144425652848211
boot687	0.0464445868033312	0.000142021340862733	0.000142712276046375	0.00014110145227008
boot688	0.0573147561747942	0.000140843387094585	0.000141883596491474	0.000140471260049271
boot689	0.0956770502225048	0.00014228112024341	0.000145190878011776	0.000140407976325769
boot690	0.0748714652956298	0.000144720799305173	0.000146522128455403	0.0001419271448055
boot691	0.0612113402061856	0.00014202345383252	0.00014323055053672	0.000143016416262656
boot692	0.0663492063492064	0.000141409223066064	0.000142806752330562	0.000140495346874788
boot693	0.0825396825396825	0.000145582230540658	0.0001477450239355	0.000140479253900267
boot694	0.0526992287917738	0.00013953752768103	0.000140429946934001	0.000142415991208461
boot695	0.0536175710594315	0.00014805086115995	0.000148979428319612	0.000143298171647731
boot696	0.071108263933376	0.000140579693510951	0.000142199291588984	0.000142315822203072
boot697	0.0643818065342729	0.000140974208463609	0.000142301888480462	0.000143353062973645
boot698	0.0706486833654464	0.00014132802464388	0.000142930862300036	0.000142671427791806
boot699	0.0589923469387755	0.000145211957564102	0.000146321682371928	0.000140426506433713
boot700	0.0461441213653603	0.000143969426740689	0.000144642397643528	0.000142344648426574
boot701	0.0796319796954315	0.000142224215579067	0.000144236034167332	0.000141943076377291
boot702	0.0644035532994924	0.000140101812591011	0.000141417744595326	0.000141327278062087
boot703	0.0865384615384615	0.00014224139293481	0.000144641683103222	0.000142461403070686
boot704	0.0602409638554217	0.000145616764377619	0.000146767358456956	0.000142959178906059
boot705	0.0497168030207678	0.000139820685986088	0.000140598458328003	0.000139637053948624
boot706	0.0818527918781726	0.000139996720688121	0.000142122316988327	0.000140230726602548
boot707	0.0602027883396705	0.000136597949126963	0.000137746357151004	0.000141045055811525
boot708	0.0564516129032258	0.000143300829109463	0.000144328824141519	0.00014572464838374
boot709	0.0691421254801537	0.000144175744524679	0.000145706036943346	0.000141752191137864
boot710	0.0638906547997457	0.000138235252707426	0.000139532778381533	0.000142192993453238
boot711	0.0907633098139833	0.000138996559047637	0.000141638630378102	0.000142444457350461
boot712	0.0710154241645244	0.000145108080593122	0.000146728643083247	0.000144727435379333
boot713	0.063802905874921	0.000144770160710756	0.00014605595060276	0.000138907659616061
boot714	0.0822704081632653	0.000146705457472745	0.000148863754685548	0.000142598194920311
boot715	0.0751278772378517	0.000140769715175642	0.000142574126281225	0.000140344955657804
boot716	0.0807692307692308	0.000148714471754413	0.000150805391190007	0.000143270653163405
boot717	0.0543959519291588	0.000141489235136508	0.000142425009831726	0.000140487920785784
boot718	0.0516911295469049	0.000139852595248177	0.000140705171149209	0.000140447748064322
boot719	0.0534913516976297	0.000144463291475152	0.000145379795224812	0.0001417521308259
boot720	0.0773657289002558	0.00014709944883665	0.0001490129577907	0.000143135723711425
boot721	0.0688661114670083	0.000142013979650788	0.000143533051178202	0.000144219582779699
boot722	0.0713826366559486	0.000143314590901912	0.000144953009170708	0.00014482435324383
boot723	0.0689326556543837	0.000145111558469487	0.00014662099653034	0.000143336095934403
boot724	0.0553054662379421	0.000144176286412162	0.000145159789497627	0.000146149675512798
boot725	0.0713371721049264	0.000142152009565062	0.000143779966098628	0.000144763994441094
boot726	0.0716096324461343	0.000141743835054076	0.000143368657442881	0.000138994527157409
boot727	0.0474683544303797	0.000139488838611144	0.000140201890722641	0.000140468033461856
boot728	0.0687022900763359	0.000143368553833255	0.000144869827580625	0.000142386174557123
boot729	0.0562619198982835	0.00013711208575921	0.000138118253473972	0.000142274311613849
boot730	0.063019833653231	0.000144556182740173	0.000145826656007506	0.000142781206302884
boot731	0.0802429667519182	0.000139493606888821	0.00014155208953369	0.000141316805434617
boot732	0.0780164245104232	0.00014183887865204	0.000143761355750394	0.000142233779125684
boot733	0.0713826366559486	0.000142901030248072	0.000144539448516868	0.000141486612918631
boot734	0.0591432225063939	0.000141660272515502	0.000142778533630732	0.000141172909979497
boot735	0.054382597568778	0.000143550220900604	0.000144496307566735	0.000144516211396943
boot736	0.063618925831202	0.0001451639504091	0.000146457865921861	0.000144112115147697
boot737	0.0621396540679052	0.000149375421633296	0.000150612236690208	0.000143431045812684
boot738	0.0634469696969697	0.000144700552627254	0.000145971233802673	0.000143030214371662
boot739	0.0639645345155161	0.000142894245284337	0.000144189831628792	0.000143352418771017
boot740	0.0425191815856778	0.00014158734457367	0.000142165311582211	0.000142593959283327
boot741	0.0627774254914394	0.000142703115946685	0.000143952641993398	0.000141193765995962
boot742	0.0472715736040609	0.000138897039782673	0.000139605987013322	0.000141695914016801
boot743	0.071882951653944	0.000139989014671328	0.000141632512997818	0.000139997316468028
boot744	0.0735294117647059	0.000144218403048584	0.000145946847548093	0.000144176123139655
boot745	0.0737139272271016	0.000132208181392033	0.000133912617736839	0.000138679514937232
boot746	0.047005795235029	0.000144822532992422	0.000145533912511314	0.000145563481016368
boot747	0.0720284237726098	0.000139896446934394	0.000141572187835934	0.000143371194039769
boot748	0.063019833653231	0.000142100154849521	0.000143370628116853	0.000141982172277038
boot749	0.0755739795918367	0.000145720631421959	0.000147541877082466	0.000143179596688876
boot750	0.067159383033419	0.000146724893701347	0.000148174245478156	0.000141826807364208
boot751	0.0728434504792332	0.000141411231439612	0.000143106492870194	0.000140713807983271
boot752	0.0751445086705202	0.000142561282377666	0.000144374608383875	0.000143560671526168
boot753	0.0658644711842939	0.000143818847635835	0.00014519254255806	0.000143010138092818
boot754	0.0605867346938775	0.00014301582108612	0.000144186341628488	0.000141986346647888
boot755	0.0761146496815287	0.000144509777143709	0.000146354821696621	0.000143521894533001
boot756	0.0486331849968214	0.000139185120763598	0.000139936928355122	0.000141750817925872
boot757	0.0887909319899244	0.000137698449681931	0.00014018076378887	0.000139887970338803
boot758	0.0569417786308381	0.00014182173038255	0.000142858955639634	0.000143192606688119
boot759	0.0750798722044728	0.000141611757804198	0.000143412712184467	0.000141645934358123
boot760	0.0605381165919283	0.000140512423864296	0.000141686307131592	0.000141897120411167
boot761	0.0563335455124125	0.000142930056920074	0.000143940072308361	0.000142218348927101
boot762	0.0735483870967742	0.000141022993521533	0.000142767950052029	0.000143901715283139
boot763	0.0644230769230769	0.000149577884773428	0.00015090811965812	0.000143553650337582
boot764	0.0638569604086845	0.000140602405188955	0.000141904356463743	0.000139299412353147
boot765	0.0644444444444444	0.000134433638475967	0.000135752078609221	0.000139994832971401
boot766	0.0700190961171229	0.000140049922069187	0.000141610289294222	0.000141319300150148
boot767	0.0802707930367505	0.000144351928326211	0.000146429104410914	0.000143228663221327
boot768	0.0655216284987277	0.000142088017781078	0.000143453502450647	0.000143149939853496
boot769	0.0634971282705807	0.000145629248540123	0.000146915746720918	0.000142816046942585
boot770	0.046242774566474	0.000140800412876568	0.000141487116216197	0.00014339760597619
boot771	0.0643405889884763	0.000147147475577672	0.000148472607265055	0.000142692388158206
boot772	0.0703324808184143	0.00014681832338346	0.000148399735742179	0.000144681913703972
boot773	0.0654993514915694	0.000142651786615356	0.000144042890715815	0.000144248740303076
boot774	0.0644132653061224	0.000143270028317482	0.000144593073198667	0.000142823414745444
boot775	0.0703727506426735	0.000145343793947268	0.000146935157711091	0.000145616271152258
boot776	0.0505403687221869	0.000141347824134662	0.00014215975320986	0.00014125764190915
boot777	0.0612635609444799	0.000137878585110609	0.000139076167720564	0.000141909445979695
boot778	0.079719387755102	0.000141346354003421	0.00014337287848813	0.000142213317390175
boot779	0.0846594525779758	0.000133656671993522	0.00013593777412936	0.000141288737585492
boot780	0.0630171865054106	0.000142169700287792	0.00014343359774007	0.000143770172819189
boot781	0.0658989123480486	0.000143311767776863	0.000144700976557623	0.000142622990494669
boot782	0.061941251596424	0.000141902663927086	0.000143127669881534	0.000142625051591902
boot783	0.0500641848523748	0.000143590947542584	0.000144395319367017	0.000144510276845871
boot784	0.0763844684914067	0.000146033607987272	0.000147890573941033	0.000142215028310899
boot785	0.0510204081632653	0.000144169740339909	0.000144999804768846	0.000145301740704872
boot786	0.0480461242793081	0.000148026085193802	0.000148765492643598	0.000143744751746717
boot787	0.0390972663699936	0.000144300842393684	0.000144786728038187	0.000144287995922814
boot788	0.071564281190627	0.00013474694909667	0.000136368686380498	0.000141831397100476
boot789	0.0678776290630975	0.000140198628645262	0.000141666879928636	0.000140865035893102
boot790	0.0673508659397049	0.000145018241055234	0.000146473064385198	0.000142403451785855
boot791	0.0701200252684776	0.000140312814573032	0.000141865820872353	0.000140240968652196
boot792	0.0594249201277955	0.000141365836627528	0.000142494054241648	0.000143584247178404
boot793	0.0656887755102041	0.000140166624933794	0.000141542586422324	0.000142668037060152
boot794	0.0607805502239283	0.000140653820766601	0.000141835610685195	0.000141789910443468
boot795	0.0529336734693878	0.000141869294593651	0.000142762781132861	0.000142844620297652
boot796	0.0471456061577935	0.000142777252310839	0.000143490115742522	0.000144064226636203
boot797	0.0800508259212198	0.000141255373600779	0.000143290994544448	0.000142420380648787
boot798	0.0515796260477112	0.00014297334219519	0.000143831001067924	0.000143329605650372
boot799	0.0730843528654218	0.000142466697393901	0.000144186376284358	0.000143332126821744
boot800	0.0656309448319594	0.000146909541287647	0.00014827524227672	0.000142696645847015
boot801	0.0862507956715468	0.000143395716924173	0.000145763380754209	0.000143001756438844
boot802	0.0585987261146497	0.000141102867702027	0.000142196437989371	0.000143990221435063
boot803	0.087708066581306	0.000145087963590779	0.000147550417157818	0.000141489008131019
boot804	0.064143681847338	0.000144124893758739	0.000145444461404965	0.00014233595590075
boot805	0.0672215108834827	0.000139956026155204	0.000141402483109576	0.000141316089286043
boot806	0.0602027883396705	0.000141617860101854	0.000142766268125895	0.000139847148538582
boot807	0.0598101265822785	0.00013997114705936	0.000141103188591572	0.000139621783215932
boot808	0.0647321428571429	0.000143155213546276	0.000144491390306122	0.000141470831243369
boot809	0.0707038681039949	0.000143071337924485	0.000144656321109288	0.000142462447362389
boot810	0.0698717948717949	0.000146158771852189	0.000147723537146614	0.000144865446779278
boot811	0.061347743165925	0.000139953082792241	0.000141149378275888	0.000140663492631385
boot812	0.0532051282051282	0.000144761664685851	0.000145668967784352	0.000144184804826447
boot813	0.0720691864189622	0.000143305740896858	0.000144969407658899	0.000142593543641215
boot814	0.0589727330374128	0.000144257342253744	0.000145360000225177	0.000143106556939933
boot815	0.0669469598965071	0.000141116788819185	0.000142566302221315	0.000143212390962412
boot816	0.0732017823042648	0.000142943694013797	0.000144649136703969	0.00014023800434999
boot817	0.0682106598984772	0.000141149474441518	0.000142625582983329	0.000140985338196956
boot818	0.0748233782915864	0.00014185487473214	0.000143652735341955	0.000142065495548114
boot819	0.0484906872190109	0.000145372639756676	0.000146127728628536	0.000145086115967398
boot820	0.0591810620601408	0.000140408198335598	0.000141528607198863	0.000142392426882573
boot821	0.0696405648267009	0.000140058103917728	0.000141614525056811	0.000142253071213789
boot822	0.0843489416292495	0.00014223688935971	0.000144518718722755	0.000141480513184893
boot823	0.0717474489795918	0.000144070100184045	0.00014571158501666	0.000145398462665478
boot824	0.0677316293929712	0.000143478130282915	0.000144943808755831	0.000144295758679875
boot825	0.0776575429662635	0.000141311627269992	0.000143231007912753	0.000141925909028376
boot826	0.0611601513240857	0.000143132028778285	0.000144311273453564	0.000141932104395128
boot827	0.0487650411652945	0.000141431392278218	0.000142184409770255	0.000142454551144106
boot828	0.0872204472843451	0.000139961499851113	0.00014239198113689	0.00014302864989861
boot829	0.0561617458279846	0.000147605766428119	0.000148618007023257	0.000144757015655428
boot830	0.0568253968253968	0.000144603502541522	0.000145628621819098	0.00014301045803389
boot831	0.0594027954256671	0.000143481882090422	0.000144602813508587	0.000142846295480585
boot832	0.076379974326059	0.000143347018217128	0.000145219258421893	0.000141993177408089
boot833	0.0729903536977492	0.000142516226022333	0.000144229278026489	0.000140990971778109
boot834	0.0654952076677316	0.000146737588668672	0.000148108075003317	0.000146403388931434
boot835	0.0733118971061093	0.000141777368664489	0.00014350554688227	0.00014308533734332
boot836	0.0633757961783439	0.000143250052391629	0.000144529189825145	0.000142348735481834
boot837	0.0644132653061224	0.000142659930962213	0.000143982975843399	0.00014210793811697
boot838	0.0714741544352265	0.000142740385866777	0.00014437042886366	0.000143818028291295
boot839	0.0943877551020408	0.000141548811905541	0.000144389707413578	0.00014014438180105
boot840	0.0815217391304348	0.000144537658836953	0.000146662273271368	0.000143381136691308
boot841	0.0751759436980166	0.000143609441342785	0.00014541731802573	0.000141442935613906
boot842	0.0753031269942565	0.000143579187488659	0.000145388556006563	0.000141470228399221
boot843	0.0466074825618263	0.000141353924867116	0.000142042655821698	0.000142785506132145
boot844	0.0618262523779328	0.000140428604996997	0.000141640553469761	0.000141114499306895
boot845	0.0586340206185567	0.000136103129343355	0.000137210715804017	0.00014313445092653
boot846	0.0747753530166881	0.000143527849834956	0.000145322250803753	0.000141998036162945
boot847	0.0719332048811818	0.000145187949144933	0.000146849601670455	0.000142642020357123
boot848	0.0683842239185751	0.000142269595450754	0.000143757000692785	0.000141779596380432
boot849	0.0692307692307692	0.000140229100288272	0.000141765285996055	0.000143870363521806
boot850	0.0720634920634921	0.000136925330037953	0.000138573948097758	0.000140636760289066
boot851	0.05814696485623	0.000144680179689102	0.000145760393593892	0.000143158540370255
boot852	0.0781149128469981	0.000140982706839231	0.000142952345189487	0.000142914138967817
boot853	0.0907928388746803	0.000142493879406163	0.000145129218150064	0.000142517077810599
boot854	0.0679365079365079	0.000141039212628026	0.000142504409171076	0.000142318908045288
boot855	0.0692405871091257	0.000143960611572412	0.000145490368720854	0.000141710076283587
boot856	0.0819567979669631	0.000146000924542208	0.000148134633796654	0.000143116038335224
boot857	0.0504148053605616	0.000142744933977818	0.000143555927149338	0.000144165244082723
boot858	0.0631377551020408	0.000140881517923216	0.000142152683777593	0.000143486169312923
boot859	0.055984555984556	0.000143717078281262	0.000144725530825917	0.000143649928052367
boot860	0.0674300254452926	0.000145042299015937	0.000146488484872029	0.000143544307374239
boot861	0.0603448275862069	0.000140435853072128	0.000141598528109296	0.000143463019981138
boot862	0.083756345177665	0.000141708463733555	0.000143934074570332	0.000141804518563058
boot863	0.0588424437299035	0.000146631221016886	0.000147744543584123	0.000144087756506923
boot864	0.0767246937459703	0.000138192027988895	0.000140089732254019	0.000142535132114902
boot865	0.0667721518987342	0.000144298898008068	0.000145709822143887	0.000143010206849762
boot866	0.0612698412698413	0.000141211884165777	0.000142403628117914	0.000140931616856031
boot867	0.0522959183673469	0.000142297426262389	0.00014316951270304	0.000143559383589507
boot868	0.0538216560509554	0.000147257915141323	0.000148180453568096	0.000143547218230582
boot869	0.0684542586750789	0.000140527363777877	0.000142005592651932	0.000139783367848571
boot870	0.0864158163265306	0.000139669721130143	0.000142051000885048	0.000141742807041413
boot871	0.0701083492670491	0.000141826944528861	0.000143393286350706	0.0001428226719085
boot872	0.0622992935131663	0.000142509488202165	0.00014375586006223	0.000141963662370579
boot873	0.0598591549295775	0.000143431950775149	0.000144578915701168	0.00014458334363062
boot874	0.0699367088607595	0.000145764299325205	0.000147312129466432	0.000143660510375447
boot875	0.0491751269035533	0.000142059696137046	0.000142826889381329	0.000142119219475541
boot876	0.0527146464646465	0.000141905626462742	0.000142782783644526	0.000139418801404499
boot877	0.073849104859335	0.000142670285301302	0.000144413792426789	0.000140860286974368
boot878	0.0784810126582278	0.000142458811574744	0.00014440794744432	0.000140767515348684
boot879	0.0761904761904762	0.000140258431414894	0.000142101284958428	0.00014003741696561
boot880	0.0685019206145967	0.000134572188733017	0.000136074273601099	0.000142036562607125
boot881	0.0700190961171229	0.000141873230515035	0.00014343359774007	0.000142555407591104
boot882	0.0642583120204604	0.000141867293769734	0.000143187348329747	0.00014346452025204
boot883	0.0664136622390892	0.000137029375451308	0.000138424307308363	0.000140060015158523
boot884	0.0562659846547315	0.000140028967250342	0.000141041071159922	0.000144158675325614
boot885	0.0782051282051282	0.000144119611760144	0.000146079881656805	0.00014497620914041
boot886	0.0779552715654952	0.000139735928072964	0.000141677469403587	0.000141475018977282
boot887	0.0632111251580278	0.000144378462723856	0.000145641309229464	0.000142665979719926
boot888	0.0594783715012723	0.000144250442756313	0.000145375657984189	0.000142155687077433
boot889	0.0632147395171537	0.00014151703859453	0.000142786448789009	0.000143084912926804
boot890	0.0754597336715282	0.000139131493438914	0.000140936874353872	0.000139106951681543
boot891	0.0615433673469388	0.000138606201080568	0.000139813977249063	0.000142000775502219
boot892	0.0737547892720306	0.000141085005977737	0.000142821841527087	0.000143806735117682
boot893	0.0573717948717949	0.000147593118088218	0.000148648093359632	0.000143430244472682
boot894	0.0548819400127632	0.000146056478599355	0.000147017559435208	0.000145191882690573
boot895	0.0857874519846351	0.000144784765221477	0.000147140554887935	0.000144505576069649
boot896	0.0519354838709677	0.000146996710415897	0.00014786680541103	0.000144637474405022
boot897	0.0582368082368082	0.00014415192264546	0.000145243147173649	0.000141652042199515
boot898	0.0624199743918054	0.000141077473087787	0.000142324673216812	0.000140826622684453
boot899	0.0570790816326531	0.000143452480369889	0.000144491390306122	0.000142804251929916
boot900	0.0706033376123235	0.000146709276577935	0.000148309029877678	0.000145735079702798
boot901	0.0701923076923077	0.00013864520510924	0.000140224358974359	0.00014323361164846
boot902	0.0667951188182402	0.000141085612006626	0.000142518363418939	0.00014342277450137
boot903	0.0660076530612245	0.000145135695394693	0.000146525048157018	0.000140836091350367
boot904	0.0724450194049159	0.000140136746046353	0.000141834120184962	0.000144812846715595
boot905	0.0749039692701665	0.000142270619678018	0.000144066587863814	0.000142687829030844
boot906	0.0502225047679593	0.000145500542192112	0.000146302290439145	0.00014247301440204
boot907	0.0647734524569241	0.000150667645950689	0.000152006382435433	0.000144610081828982
boot908	0.064968152866242	0.000143083542619912	0.000144427765832285	0.000140689936388422
boot909	0.0630544993662864	0.000145221220913241	0.000146481002247314	0.000143833587727406
boot910	0.0556621880998081	0.000143914513371909	0.000144905645548511	0.00013993466395409
boot911	0.0592189500640205	0.000138538006347758	0.000139660568462574	0.000139826238623039
boot912	0.0769478428847392	0.000145389774392432	0.000147296075269642	0.000144357613304034
boot913	0.0505115089514067	0.00014002099484093	0.000140836663810415	0.000144507827649277
boot914	0.093710292249047	0.000137171405877043	0.000139960992558556	0.000141632308387195
boot915	0.0696564885496183	0.000142213735299317	0.000143757000692785	0.000141816793578048
boot916	0.069909793814433	0.000138646090879397	0.000140220633170369	0.000141545396725042
boot917	0.073576455534229	0.00014522057128305	0.000146952335457388	0.000143298607678601
boot918	0.0704719387755102	0.000142094287448041	0.000143677927165764	0.000143044970614308
boot919	0.0654265554842848	0.000145305906802111	0.000146678784981244	0.000143895948772119
boot920	0.0522771007055805	0.000143230787710847	0.000144107277530662	0.000142251536560583
boot921	0.0668991756499683	0.000145649943558688	0.000147068935220909	0.000143163130471535
boot922	0.0829610721123165	0.000140341712104065	0.000142537800006435	0.000142969545690199
boot923	0.0743879472693032	0.000140028236420519	0.000141765074681329	0.000139313575203765
boot924	0.0621396540679052	0.000148965034067383	0.000150201849124294	0.000145808717270801
boot925	0.0704633204633205	0.000139297653916175	0.000140895169852699	0.000142851020195201
boot926	0.0419871794871795	0.000145001199815826	0.000145566239316239	0.000143478052721303
boot927	0.0824808184143223	0.000143363133422513	0.000145538032849079	0.000143005028475167
boot928	0.0651340996168582	0.000143200318762668	0.000144554868868957	0.000142033249639947
boot929	0.0723390694710006	0.000143045875618113	0.000144713479496994	0.000142094808397857
boot930	0.0603337612323492	0.000140961270424246	0.000142129486966108	0.000142003093234327
boot931	0.0637755102040816	0.000139228781826662	0.000140525757496876	0.000141523909972673
boot932	0.0434369055168041	0.000145867568388985	0.000146465781693004	0.000140086550269588
boot933	0.0726114649681529	0.000141937257696789	0.000143616373889407	0.000140249614136618
boot934	0.0681818181818182	0.000145345078694301	0.000146833158185523	0.000142677038002772
boot935	0.064951768488746	0.000150627034745844	0.000151983540285977	0.000144453611410099
boot936	0.0624599615631006	0.000138795158277783	0.000140044756867939	0.0001419953137205
boot937	0.0683842239185751	0.000136401962769416	0.000137889368011447	0.000141974592070355
boot938	0.071247625079164	0.000145690818131619	0.000147298235509524	0.000142984578172044
boot939	0.0709242618741977	0.000142677997420844	0.000144292326985158	0.000142696110330106
boot940	0.0455128205128205	0.000151579674092618	0.00015224358974359	0.000143197096946172
boot941	0.0701200252684776	0.000141310464508843	0.000142863470808164	0.000142388027275899
boot942	0.0670498084291188	0.00014393500986703	0.000145370411147484	0.000144237062562781
boot943	0.072856221792392	0.000137962872258837	0.00013967403571914	0.000141792185116396
boot944	0.0601910828025478	0.000142563986911266	0.000143717797882267	0.000141424937330309
boot945	0.0710643722115997	0.000144932087740932	0.000146541439238009	0.000145162249373927
boot946	0.0485406091370558	0.00013946238376589	0.000140209906207323	0.000139528676926145
boot947	0.0502225047679593	0.000144086017284551	0.000144887765531585	0.000143546401275632
boot948	0.0877642536835362	0.000141784040365178	0.000144251229418551	0.000140318370486916
boot949	0.0681381957773513	0.000143727423915267	0.000145212649034842	0.00014194210272412
boot950	0.0546675191815857	0.000141618711430372	0.000142574126281225	0.000142604414902228
boot951	0.078544061302682	0.000147886171595757	0.000149855893679384	0.000142963754216038
boot952	0.0592189500640205	0.000145095802665883	0.000146218364780699	0.000142991650590217
boot953	0.0771941063420884	0.000143881492831099	0.000145790182790726	0.000144834769777929
boot954	0.0830660679923028	0.000145597300327589	0.000147810248259501	0.00014357255573122
boot955	0.0615826419910657	0.000146723783948505	0.000147933873863821	0.000143934492420437
boot956	0.0498392282958199	0.000136606829914305	0.000137405527238139	0.00014228989797319
boot957	0.0655790147152911	0.000141585536081645	0.000142961290135077	0.000141996838257191
boot958	0.0667522464698331	0.000141729416430156	0.000143159410784703	0.000142214300333198
boot959	0.0754958413307742	0.000140830991044702	0.000142654286648746	0.000142864717274694
boot960	0.0527146464646465	0.000143300573406931	0.000144177730588715	0.000142745387542509
boot961	0.0546325878594249	0.000144908882143947	0.00014586246669865	0.000142203325254774
boot962	0.0579847908745247	0.000140998133323009	0.00014206348058941	0.000142274806752947
boot963	0.0811332904056665	0.000143414591580197	0.000145533912511314	0.000144668683321655
boot964	0.0636478784040532	0.000142405685655818	0.000143688476164157	0.000140745846626735
boot965	0.063019833653231	0.000146807541639938	0.000148078014907271	0.000143561384068533
boot966	0.0576066199872693	0.000142478711028535	0.000143534892653728	0.000143345424096259
boot967	0.0746173469387755	0.000141190716922995	0.000142966146917951	0.000145066663864646
boot968	0.0462962962962963	0.000149069612755758	0.000149753950894568	0.000146205710536606
boot969	0.0739324410452517	0.000144494903615491	0.000146236779281173	0.000142607008646087
boot970	0.0650510204081633	0.000145073991777183	0.000146423365264473	0.000143066532834825
boot971	0.0669240669240669	0.000141421046744462	0.000142862111974081	0.000142895354002076
boot972	0.0802707930367505	0.000140610659512306	0.000142687835597009	0.000141714761301752
boot973	0.0713826366559486	0.000139178984363518	0.000140817402632314	0.00014424809437135
boot974	0.0633848133848134	0.000142294099646032	0.000143586774860906	0.000143938880550216
boot975	0.0815286624203822	0.000144136543310112	0.000146253397703761	0.000140574429318847
boot976	0.076379974326059	0.00013881535341531	0.000140687593620075	0.0001423993296508
boot977	0.0868167202572347	0.000142736270875047	0.000145159789497627	0.000143070443840674
boot978	0.0622605363984674	0.000146681313337287	0.000147918980767882	0.000144243018989863
boot979	0.0846055979643766	0.000148663040767247	0.000150939792423389	0.00014250606794667
boot980	0.0751928020565553	0.000142536900479647	0.000144353724863039	0.000144850302292396
boot981	0.0836526181353767	0.00014191281914703	0.000144147097729693	0.000143651509976945
boot982	0.0500957243139757	0.000147743990227884	0.000148544750149563	0.00014344446594234
boot983	0.0683568677792041	0.000139085030836231	0.000140584601238216	0.000140614051242143
boot984	0.0778135048231511	0.000141558620344372	0.00014350554688227	0.000141402371544288
boot985	0.0620204603580563	0.000140833396429508	0.000142063107907457	0.000140246836209183
boot986	0.0553435114503817	0.000146323607328272	0.000147297813517731	0.000145456101750659
boot987	0.0447335025380711	0.000139373737420578	0.000140008599809323	0.000142631554477051
boot988	0.0831721470019342	0.000143887284931448	0.000146117332009756	0.000143320158001852
boot989	0.0600762873490146	0.000139395931350584	0.000140543153315505	0.00014188005342283
boot990	0.0865814696485623	0.000141834296739299	0.000144229297022528	0.000143046390399884
boot991	0.0697452229299363	0.000140342995271446	0.000141892166010792	0.000144642468150928
boot992	0.0645674300254453	0.000142026333500949	0.000143352336369934	0.000141532730549889
boot993	0.0700127877237852	0.000139371798928629	0.000140938867485168	0.000141899052712145
boot994	0.068943706514864	0.000137121105664131	0.000138624342434532	0.000140138207257177
boot995	0.0593112244897959	0.000144691513652036	0.000145813267909204	0.000143749390525193
boot996	0.0695876288659794	0.000145406935863119	0.000146966999681156	0.000144376523341328
boot997	0.0838095238095238	0.000142894863765612	0.000145124716553288	0.000140246273700544
boot998	0.0639049454078356	0.000143166287359904	0.000144477733104149	0.000144744618820491
boot999	0.0758642765685019	0.000141507015044124	0.000143349328891519	0.000141967257311329
boot1000	0.0627400768245839	0.000147724910377711	0.000148984935102408	0.000142955800761393
