V1	V2	V3	V4
boot1	0.0459363957597173	7.90388360793141e-05	7.94116545343306e-05	7.74728220861359e-05
boot2	0.0661554921540656	7.99517703086062e-05	8.07321820671916e-05	7.94908068168197e-05
boot3	0.085223245924876	8.07417653284e-05	8.20286189155672e-05	8.04936510618799e-05
boot4	0.0649350649350649	7.94824419387061e-05	8.02325865140701e-05	8.00925238658271e-05
boot5	0.0565768338390148	7.96042641568554e-05	8.01755542027678e-05	7.91393139124017e-05
boot6	0.0790035587188612	8.0005395699422e-05	8.11159939717076e-05	7.97466414452723e-05
boot7	0.0606006753154434	8.02932385399255e-05	8.09458850387149e-05	7.87384849573398e-05
boot8	0.0668312466937048	7.71036186421329e-05	7.78912073451191e-05	7.82895224593861e-05
boot9	0.0306213281110913	8.04018299430764e-05	8.05687634903948e-05	8.01428865788783e-05
boot10	0.0664285714285714	7.69543549562682e-05	7.77423469387755e-05	7.8330391308309e-05
boot11	0.0519964507542147	7.83468463417185e-05	7.88266388689653e-05	7.9457507723211e-05
boot12	0.0423233575349743	7.85510812826342e-05	7.88682880460543e-05	7.79769426496187e-05
boot13	0.0478477410174315	7.78985033028346e-05	7.8305726056387e-05	7.91127937076037e-05
boot14	0.0645161290322581	7.81761531836874e-05	7.89138935072086e-05	7.74915540391276e-05
boot15	0.063122332859175	7.78577349055192e-05	7.85662037720883e-05	7.96546401902655e-05
boot16	0.0489832007073386	8.11604372992631e-05	8.15847262385267e-05	7.85574380111252e-05
boot17	0.0717948717948718	7.83279440837012e-05	7.92394389760163e-05	7.84886373883839e-05
boot18	0.0447549973465417	7.77833637587792e-05	7.81376906272541e-05	7.92439262460406e-05
boot19	0.0593477098556407	7.78582797100113e-05	7.84860021596832e-05	7.82319616292976e-05
boot20	0.0805273472296455	7.9718785440603e-05	8.08740773792888e-05	7.98325141560018e-05
boot21	0.071301880099326	7.86275264916131e-05	7.95292572659477e-05	7.81613833956011e-05
boot22	0.0716826752045535	7.75182989216072e-05	7.8432280765165e-05	7.9969975627838e-05
boot23	0.061912364733014	7.82165990918482e-05	7.88965957047334e-05	7.81975839075436e-05
boot24	0.0414738341046636	7.89982447411512e-05	7.93044175633906e-05	7.9372200929275e-05
boot25	0.0528484414188463	7.98302815539378e-05	8.03306322813476e-05	8.03679523223889e-05
boot26	0.0813022593844512	7.82337306421891e-05	7.94096881908489e-05	8.00352938454555e-05
boot27	0.0587922790862405	8.01690962231488e-05	8.0781196821724e-05	7.88053309361141e-05
boot28	0.0781695156695157	8.08727830505727e-05	8.19608302692348e-05	8.01070212884894e-05
boot29	0.0589488636363636	7.68749450580416e-05	7.74919494124484e-05	7.81306617695259e-05
boot30	0.0754582665954796	8.04482546097781e-05	8.14615932817116e-05	8.01102571010794e-05
boot31	0.0761854022376132	8.02416911671435e-05	8.12724522245235e-05	7.98199125759101e-05
boot32	0.0738828556168773	7.94384748592652e-05	8.04102883458425e-05	7.97304844277389e-05
boot33	0.0562377647268197	7.69080063395086e-05	7.74708620400726e-05	7.84745619997808e-05
boot34	0.0702097404905795	7.92138561551998e-05	8.00900395287786e-05	7.95486618128365e-05
boot35	0.0529672276350753	8.01845476157479e-05	8.06815409201493e-05	7.91790090993988e-05
boot36	0.0527156549520767	8.0944710857744e-05	8.1437955493354e-05	7.92696843061877e-05
boot37	0.0639017443930224	7.91478768456227e-05	7.9874725000922e-05	7.85314593490623e-05
boot38	0.0549096762654266	7.79334217375798e-05	7.8472694237593e-05	7.83481023725569e-05
boot39	0.0593250444049734	8.0455357942535e-05	8.10804842113898e-05	8.02853192937656e-05
boot40	0.0741532976827095	8.01710794056956e-05	8.11512418936137e-05	7.93383015115541e-05
boot41	0.0580898075552388	8.0238111170525e-05	8.08393987225216e-05	7.92997436590564e-05
boot42	0.065356004250797	7.77005076095947e-05	7.84570445014881e-05	7.8845905830745e-05
boot43	0.0567677842824197	7.766403101148e-05	7.8235714767438e-05	7.89939661772692e-05
boot44	0.0560482440581767	7.83428857014077e-05	7.89000701040336e-05	7.92450070672759e-05
boot45	0.0838824577025824	8.06100363221235e-05	8.18631559499464e-05	8.01038537415852e-05
boot46	0.0574077375646283	7.97026220754654e-05	8.02901864064137e-05	7.92035743415755e-05
boot47	0.0653675819309123	8.09915689913472e-05	8.17485080112753e-05	7.94479606331282e-05
boot48	0.0910228898426323	7.86259311364903e-05	8.01075417365089e-05	8.08786019022915e-05
boot49	0.0603006189213086	7.81273815867693e-05	7.87703815235142e-05	7.77114701546149e-05
boot50	0.0768266475644699	7.96650815224104e-05	8.07220897201172e-05	7.99042337838766e-05
boot51	0.0576409891478385	7.89768537854985e-05	7.95679378683914e-05	7.9545066130616e-05
boot52	0.0635683760683761	7.87047845639313e-05	7.94243248837266e-05	8.00166899001166e-05
boot53	0.0736185383244207	8.11701648022221e-05	8.21362413057915e-05	8.04110508857402e-05
boot54	0.0792693740024827	7.9613215736167e-05	8.07275327524368e-05	8.0684205730634e-05
boot55	0.0745473908413206	8.19952650632697e-05	8.29816536825897e-05	7.9827748765353e-05
boot56	0.0411055988660524	7.78051810274954e-05	7.81045556302837e-05	7.7646983709338e-05
boot57	0.0673059847274019	8.14771639322859e-05	8.22816561326278e-05	7.91973931833412e-05
boot58	0.060686482661005	7.9141534065667e-05	7.9793135123304e-05	7.88948706456386e-05
boot59	0.0574837310195228	7.98522451093654e-05	8.04495660298146e-05	8.21410774682995e-05
boot60	0.0554359526372444	8.07825111255527e-05	8.13338467632991e-05	8.00201191635608e-05
boot61	0.0784487338409775	8.03499209046229e-05	8.14397391871185e-05	7.9571844994952e-05
boot62	0.0543459019295451	7.65974244625776e-05	7.71202563012279e-05	7.74854769376402e-05
boot63	0.0711490572749911	8.02844208587599e-05	8.11848456810864e-05	7.953066398468e-05
boot64	0.0454302512025655	7.78084574270619e-05	7.81761587853958e-05	7.93850070418791e-05
boot65	0.0574897339760757	7.78257837709083e-05	7.84158693828776e-05	7.83641819718219e-05
boot66	0.0505788067675868	7.76965915105594e-05	7.81521953741449e-05	7.90797166298574e-05
boot67	0.0860272036742625	7.74834110213157e-05	7.87907206436462e-05	7.81350566560821e-05
boot68	0.0666309396212933	7.76749447571441e-05	7.84680283789405e-05	7.85777201623518e-05
boot69	0.0553191489361702	8.05650000481589e-05	8.11075901614607e-05	7.91293190048162e-05
boot70	0.0700444444444445	7.95307453278464e-05	8.0402962962963e-05	7.92389685377229e-05
boot71	0.0654952076677316	7.96054366772674e-05	8.03668179742924e-05	7.97155051216137e-05
boot72	0.0723298382797228	7.8942348237919e-05	7.98720808673078e-05	7.85999418920401e-05
boot73	0.0544545616854133	7.84920972163593e-05	7.90215204065665e-05	7.94754442359429e-05
boot74	0.0604766986837424	8.12936169996235e-05	8.19441739337544e-05	8.0744751793864e-05
boot75	0.0545910148559155	8.02301560040424e-05	8.0763569088524e-05	8.04464456202385e-05
boot76	0.062078751330259	7.80277787715778e-05	7.87113139554593e-05	7.84814006189968e-05
boot77	0.0628216503992901	7.89765806704249e-05	7.96769461999529e-05	7.85149461406041e-05
boot78	0.080199607913028	7.92136946556285e-05	8.0360010305139e-05	7.97600768111384e-05
boot79	0.0572640509013786	7.8201020296276e-05	7.87805840159006e-05	7.78833025994981e-05
boot80	0.074719800747198	8.23726818419723e-05	8.33659301294125e-05	8.10029789400103e-05
boot81	0.0640934844192634	7.79562897317881e-05	7.86836223707758e-05	7.70404469301789e-05
boot82	0.0671271696776479	8.19253039588456e-05	8.27234011796978e-05	7.91681872907621e-05
boot83	0.0661113080467919	7.85476124745571e-05	7.9322285472015e-05	7.86538725604018e-05
boot84	0.0552268244575937	8.15032609329835e-05	8.20501503250707e-05	8.07235353884296e-05
boot85	0.067435669920142	7.82400668099176e-05	7.90470889177398e-05	7.84406039793974e-05
boot86	0.0528368794326241	7.73431482926248e-05	7.78381369146421e-05	7.77203928980269e-05
boot87	0.0747779751332149	7.99926324804292e-05	8.09858377317656e-05	7.89814337509358e-05
boot88	0.0696055684454756	8.05531415106261e-05	8.14178452690801e-05	8.09820595892607e-05
boot89	0.0591141697547203	7.83187123309742e-05	7.89353498933158e-05	7.75606148974588e-05
boot90	0.0542402826855124	8.13578716557688e-05	8.1877661102024e-05	7.97402145854786e-05
boot91	0.0554663813090779	7.90671942948864e-05	7.96158869033266e-05	8.04498377196306e-05
boot92	0.0631205673758865	7.91436886353234e-05	7.98501081434535e-05	7.9067704615512e-05
boot93	0.0645046329294369	7.95264514031238e-05	8.02678711588902e-05	7.97610121631324e-05
boot94	0.0554863951627245	7.98493878214372e-05	8.03969140615499e-05	7.8696277670986e-05
boot95	0.0573770491803279	7.77761567261915e-05	7.83627792801191e-05	7.89935778776124e-05
boot96	0.0654305580317347	7.95587061024246e-05	8.03219719117211e-05	8.0417317093892e-05
boot97	0.0847608850820842	7.84191373573407e-05	7.97011515686002e-05	8.00091134001173e-05
boot98	0.0675531914893617	7.8443684738021e-05	7.92528041849002e-05	7.97225707052708e-05
boot99	0.0707052762480014	7.91481321161625e-05	8.00362536456182e-05	7.89421761032902e-05
boot100	0.0437566702241195	7.8756129807825e-05	7.90966929862495e-05	7.89684162149988e-05
boot101	0.0603493912122816	7.98807216243344e-05	8.0523398352708e-05	7.89579054486147e-05
boot102	0.0664765638923543	8.22087428981254e-05	8.29963268487464e-05	7.84128813732895e-05
boot103	0.0862989323843416	7.84927058229251e-05	7.98178847785616e-05	7.98456193135753e-05
boot104	0.0706782980238562	7.96477286338986e-05	8.05370684614843e-05	7.93686069853166e-05
boot105	0.0762243989314337	7.9147365805e-05	8.01821225267201e-05	7.89572521912225e-05
boot106	0.0621348911311737	7.79409917292977e-05	7.86244303371722e-05	7.83453821777262e-05
boot107	0.0673418621179815	7.80907825786694e-05	7.8896561966288e-05	7.92801235234229e-05
boot108	0.0657352677771807	7.8950398467116e-05	7.97243775876135e-05	7.99233587590935e-05
boot109	0.0498409331919406	7.84040133503375e-05	7.88430587058418e-05	7.84358359124461e-05
boot110	0.0841071428571429	7.93809163174198e-05	8.06441326530612e-05	8.00836313319971e-05
boot111	0.0534066713981547	8.08740863355476e-05	8.13801673415501e-05	7.92009540755288e-05
boot112	0.0651129692225583	8.00163748304566e-05	8.07706354177147e-05	7.98839529867831e-05
boot113	0.0427778772149633	7.94108702044108e-05	7.97384067676859e-05	7.89796786201393e-05
boot114	0.0778754710209941	7.90191270617582e-05	8.01073361029822e-05	7.94472674937537e-05
boot115	0.0746586274162085	7.7600597775517e-05	7.85890550636306e-05	7.90991806925823e-05
boot116	0.0604601391118245	7.9091179493018e-05	7.97431196430842e-05	7.97599399156623e-05
boot117	0.0371959942775393	7.95083575731486e-05	7.9755772092157e-05	7.92051169508082e-05
boot118	0.0610714285714286	7.79054072521866e-05	7.85714285714286e-05	7.9017891308309e-05
boot119	0.0626450116009281	7.66720258549463e-05	7.7372435899294e-05	7.9074753913184e-05
boot120	0.0601703940362087	7.82750198639846e-05	7.89176319190916e-05	7.82152326354258e-05
boot121	0.0529611737341206	7.89553968067051e-05	7.94572550860567e-05	7.81745998119607e-05
boot122	0.0553289590352899	7.80776244374975e-05	7.86205032649365e-05	8.04984945932889e-05
boot123	0.060841881853555	7.7549187206317e-05	7.82038979575519e-05	7.82240367752785e-05
boot124	0.054925584691708	7.88885228477665e-05	7.94230408941389e-05	7.91306745404498e-05
boot125	0.0716571834992888	7.65782465973969e-05	7.74912537003575e-05	7.89215091303408e-05
boot126	0.051063829787234	8.02051461515164e-05	8.06674714551582e-05	7.79106316448115e-05
boot127	0.0505968287903082	7.97831819506946e-05	8.02392730042552e-05	7.88683986498043e-05
boot128	0.0642627632988218	7.85429123024617e-05	7.92800959416621e-05	7.94438235178252e-05
boot129	0.082325746799431	7.79934191313753e-05	7.91985273436947e-05	7.85044723963788e-05
boot130	0.0793538079176283	7.63150415000702e-05	7.74329230607e-05	7.81264315843951e-05
boot131	0.0523328011353557	7.94178049212615e-05	7.99036523710882e-05	7.91900916689372e-05
boot132	0.0926881337840242	7.87674946141629e-05	8.02958863850871e-05	7.98590767343233e-05
boot133	0.0505498403689252	7.91704096642285e-05	7.96236353402348e-05	7.8648936487536e-05
boot134	0.0743507648523657	7.87461801135383e-05	7.97294665301395e-05	7.93076062455692e-05
boot135	0.0644760213143872	7.74711471551754e-05	7.82095409961227e-05	7.90268461293179e-05
boot136	0.0748890860692103	7.98783999319374e-05	8.08736750361577e-05	7.98798194860606e-05
boot137	0.0695853354689446	8.24051837518468e-05	8.32669240815007e-05	8.04653337314404e-05
boot138	0.046085409252669	7.87434264701422e-05	7.91213383822393e-05	7.8770175113702e-05
boot139	0.0696304231387252	7.91440574741113e-05	8.00096878662695e-05	8.03498845942224e-05
boot140	0.0560880369187078	7.79497073316367e-05	7.85080793382739e-05	7.87116757647447e-05
boot141	0.0619469026548673	7.95776829531145e-05	8.02568721121466e-05	7.9094033739068e-05
boot142	0.0569552874378992	7.69638325989002e-05	7.75394012233029e-05	7.87756496330057e-05
boot143	0.0571225829341849	7.79086267997225e-05	7.84874789340267e-05	7.83649912230334e-05
boot144	0.07154384077461	7.96212474886507e-05	8.05390386223754e-05	7.96889975744136e-05
boot145	0.0204154727793696	8.11285107246898e-05	8.12031510414529e-05	8.0200032509196e-05
boot146	0.0681218095405738	7.84735581238207e-05	7.92904179962168e-05	7.88469152651851e-05
boot147	0.0704375667022412	8.06187260846692e-05	8.15012324530314e-05	8.01124622283161e-05
boot148	0.0830487147222722	8.03190610944261e-05	8.15588757658303e-05	7.99018977631968e-05
boot149	0.0790548942973885	7.9020669710853e-05	8.01309337563977e-05	7.88413903111795e-05
boot150	0.0470024831500532	7.79104952937818e-05	7.83023423002151e-05	7.90526518967131e-05
boot151	0.0652328474937789	8.04078578144873e-05	8.11642254632869e-05	7.85814654353443e-05
boot152	0.0607988688582538	7.93142799621041e-05	7.99676031247841e-05	7.95511935265048e-05
boot153	0.0653839301621236	8.24294781578098e-05	8.31911133481617e-05	8.01575842103684e-05
boot154	0.063678406261117	7.67934963332203e-05	7.75147591265245e-05	7.85244167351095e-05
boot155	0.0672148730782982	8.08085022310717e-05	8.16161245340627e-05	8.00089575221308e-05
boot156	0.0728961943898517	7.99408049830716e-05	8.08902163028006e-05	7.93192366893463e-05
boot157	0.0478299379982285	7.92406933949395e-05	7.96459552140563e-05	7.9495124436604e-05
boot158	0.0475852272727273	7.91706419098565e-05	7.95726933755165e-05	7.83240298056943e-05
boot159	0.0862437633642195	7.92600146403681e-05	8.05853864720188e-05	7.96892260923381e-05
boot160	0.0373362053491294	7.81102869817507e-05	7.83605099632392e-05	7.90647016545787e-05
boot161	0.0643212508884151	7.6867026275188e-05	7.76021405814869e-05	7.91832051611177e-05
boot162	0.0574077375646283	7.84947728737854e-05	7.90823372047337e-05	8.02405445760531e-05
boot163	0.0908119658119658	8.12216259353331e-05	8.26900755675684e-05	8.06118890638167e-05
boot164	0.0665486725663717	8.14778823436462e-05	8.22617276215835e-05	7.98450561613199e-05
boot165	0.0497697484945094	7.7139954338472e-05	7.7578676950092e-05	7.81935197899657e-05
boot166	0.0731014904187367	8.12190499086616e-05	8.21672095788959e-05	8.02077481131543e-05
boot167	0.0704074338813438	7.83088793336361e-05	7.91947275726918e-05	7.99272774331885e-05
boot168	0.0595956012770486	7.98430919833537e-05	8.04730380088189e-05	7.92086262558563e-05
boot169	0.0555851536139229	7.89576490077379e-05	7.9506345385341e-05	7.87899972263869e-05
boot170	0.0657168299198575	7.77319525523423e-05	7.85010891034938e-05	7.90588389285108e-05
boot171	0.0700195486049405	8.37065818052806e-05	8.45778697361211e-05	8.12104717605304e-05
boot172	0.061912364733014	7.91607147165558e-05	7.9840711329441e-05	7.94755204160769e-05
boot173	0.0573316663689945	7.93841057938883e-05	7.99711606195082e-05	7.95515264624151e-05
boot174	0.0667258207630878	7.98316105338302e-05	8.06217321232725e-05	7.92922917429379e-05
boot175	0.067893514382705	7.89812986395783e-05	7.98048700698507e-05	7.97130452774172e-05
boot176	0.0645677694770544	8.04116565138097e-05	8.11532070038919e-05	7.93573490893476e-05
boot177	0.0615684882895671	7.62371842626913e-05	7.69097674334263e-05	7.81796201447605e-05
boot178	0.0591054313099042	8.07548813744749e-05	8.13749474039974e-05	7.92873766734867e-05
boot179	0.0608664518438955	8.13150404005088e-05	8.19782564692638e-05	7.99866576275026e-05
boot180	0.0993755575379126	7.92477028666543e-05	8.10096121326616e-05	8.01575040652123e-05
boot181	0.0622230101045914	7.8789764603101e-05	7.94761150704784e-05	7.84694888880538e-05
boot182	0.0646252447925939	8.0047096155025e-05	8.0790628692768e-05	7.88829851982253e-05
boot183	0.0624221945580651	8.03681270865243e-05	8.1061089984167e-05	8.00594236208526e-05
boot184	0.0693069306930693	7.71117778559224e-05	7.79610442353591e-05	7.90435736875422e-05
boot185	0.0554169636493229	7.75297881533087e-05	7.80770154983035e-05	7.83165607734736e-05
boot186	0.0724457102171591	7.82434745087662e-05	7.91776825772725e-05	7.83207381839984e-05
boot187	0.0699412706887347	7.9292443370473e-05	8.01630220046704e-05	7.84598164610784e-05
boot188	0.0525102004612382	7.66765701457445e-05	7.71657170594361e-05	7.91171014987673e-05
boot189	0.0736749116607774	7.70479579541964e-05	7.80069672489356e-05	7.84730068629039e-05
boot190	0.0540010693281055	7.79662881178763e-05	7.84860021596832e-05	7.92681856899109e-05
boot191	0.0480085348506401	7.78718396338368e-05	7.82816581648655e-05	7.89963502017206e-05
boot192	0.0716302046577276	7.90294600731466e-05	7.99346975853745e-05	7.91982104570174e-05
boot193	0.0539293950682987	8.03003528852201e-05	8.08162974749722e-05	8.0135457851861e-05
boot194	0.0665840269169471	7.93689184084269e-05	8.01540136165864e-05	7.99261307583783e-05
boot195	0.0570003562522266	7.81089633669176e-05	7.86877023432056e-05	7.94338234827918e-05
boot196	0.0773628729676612	7.95335933973474e-05	8.06029187705492e-05	8.03034729893609e-05
boot197	0.0688	7.92138081975309e-05	8.00553086419753e-05	7.9686674260631e-05
boot198	0.0791674079345312	7.80414774135816e-05	7.91564887067808e-05	7.86127866212734e-05
boot199	0.0529034556465978	7.91727635994547e-05	7.96712986224956e-05	7.91735774511401e-05
boot200	0.0679628968961827	7.9138557914624e-05	7.99624885879242e-05	7.91594455144458e-05
boot201	0.0560429722470904	8.06437677878593e-05	8.1206133900355e-05	7.988303601123e-05
boot202	0.0475093068604857	7.89817071928772e-05	7.93818373539061e-05	7.96804308097262e-05
boot203	0.0792096831612673	8.00252763739383e-05	8.11420748621028e-05	7.93151047651837e-05
boot204	0.0667025282409898	8.16381846061621e-05	8.24359660789503e-05	8.05179791377522e-05
boot205	0.0615274548381327	7.98110025478731e-05	8.0488095679488e-05	8.01178733127694e-05
boot206	0.0585505176722599	8.11536117565595e-05	8.17655651874216e-05	8.05535124206363e-05
boot207	0.0709345628657563	7.84829543312585e-05	7.93752600962799e-05	7.91371929181722e-05
boot208	0.0494838020647917	7.89636114397205e-05	7.93994688029792e-05	7.87515480297876e-05
boot209	0.0617828773168579	7.86600490598299e-05	7.93338573439517e-05	7.83789087413154e-05
boot210	0.0595767383958741	7.7962924138787e-05	7.85941508430179e-05	7.87914918001838e-05
boot211	0.0546293011706279	7.98807896462297e-05	8.04101192926275e-05	7.95398478763886e-05
boot212	0.0688547984302533	7.88940538011654e-05	7.97397518509105e-05	7.92215690959813e-05
boot213	0.0447096544353402	7.92517750339128e-05	7.96078407980253e-05	7.86943544503842e-05
boot214	0.0751813196532814	8.07051862162409e-05	8.17050501512858e-05	8.0413372640048e-05
boot215	0.076283185840708	7.92582644499226e-05	8.02881979794816e-05	7.87271995159738e-05
boot216	0.064798286326312	7.93909294540835e-05	8.01404506805788e-05	7.99184708077409e-05
boot217	0.0599533297433136	7.99063124019502e-05	8.0551511064185e-05	7.91961867059184e-05
boot218	0.0694568121104185	7.90057747709215e-05	7.98649464091302e-05	7.84109184469473e-05
boot219	0.0452755905511811	7.85744376688207e-05	7.89412735850265e-05	7.92200010262406e-05
boot220	0.0588235294117647	7.8500901919291e-05	7.91176947200854e-05	7.91886740348655e-05
boot221	0.0701878766394895	7.84177161455552e-05	7.92908707054915e-05	7.89829814942743e-05
boot222	0.0476190476190476	7.89751058316632e-05	7.93765173551444e-05	7.80643536156616e-05
boot223	0.0425721410758817	7.83965977684823e-05	7.87194312554407e-05	7.87752648721082e-05
boot224	0.0805704099821747	7.9930547204923e-05	8.10876935444409e-05	7.94132908291163e-05
boot225	0.0450739355068591	7.91472918600008e-05	7.95092479729665e-05	7.80140874492757e-05
boot226	0.0737294201861131	7.90893398371332e-05	8.00621435953616e-05	7.93317384359527e-05
boot227	0.0593355835850062	7.79590324551934e-05	7.8584491946999e-05	7.92984922281353e-05
boot228	0.0789707187222715	7.80978319578118e-05	7.92045532382931e-05	7.87991587602107e-05
boot229	0.0595616825733475	7.82472910965939e-05	7.88742960508124e-05	7.8476033704728e-05
boot230	0.10305072720823	8.03197531513789e-05	8.22033027040828e-05	7.98020742924418e-05
boot231	0.0396319886765747	7.81065678964904e-05	7.83844685558075e-05	7.75344057968529e-05
boot232	0.0479513329754876	7.94300130529052e-05	7.98414158681005e-05	7.91656232786824e-05
boot233	0.0463963166282982	7.92710702760157e-05	7.96522670524763e-05	7.8423123469523e-05
boot234	0.0627221037668799	7.99655361054627e-05	8.06645521504065e-05	8.01264889127361e-05
boot235	0.0631765749778172	8.07952306988628e-05	8.15035323183708e-05	8.01196570673285e-05
boot236	0.0733309659090909	8.05410057597372e-05	8.14958052201705e-05	7.96213880416417e-05
boot237	0.0731663685152057	8.09993233277313e-05	8.19569829845655e-05	7.97437936820476e-05
boot238	0.0583760834954891	7.84423522820254e-05	7.90451768219639e-05	7.81239015002662e-05
boot239	0.0537923614846692	7.96665256688397e-05	8.01853741813191e-05	7.99407428726685e-05
boot240	0.054034711039542	7.91909521833492e-05	7.97133622740859e-05	7.89806913437944e-05
boot241	0.0623667377398721	7.73214492522824e-05	7.80125668742287e-05	7.83384834067038e-05
boot242	0.0721059223474682	7.88151083550767e-05	7.97453756725895e-05	7.82618934589809e-05
boot243	0.0591168091168091	7.97215151514731e-05	8.03438080859733e-05	7.97963434153164e-05
boot244	0.0375738056897477	7.93327069849539e-05	7.95853086800713e-05	7.88542644817847e-05
boot245	0.0612972202423379	7.92808353166388e-05	7.99503558457617e-05	8.02738457877332e-05
boot246	0.0630311614730878	7.998647602562e-05	8.0689898000947e-05	7.98310123094786e-05
boot247	0.0669411132987292	7.80713654456121e-05	7.88734260594788e-05	7.86003002111582e-05
boot248	0.0707429790259509	7.93584650195038e-05	8.02480080485593e-05	7.86096167396337e-05
boot249	0.0526784125289197	7.84972777952591e-05	7.8991140608316e-05	7.93706127629524e-05
boot250	0.0595387091006615	7.92532903194931e-05	7.98870929086891e-05	7.98417735286808e-05
boot251	0.0817453250222618	7.68035275000347e-05	7.799360731535e-05	7.93012145803994e-05
boot252	0.0771423481204347	7.80046779135546e-05	7.90648849104429e-05	7.89556064982968e-05
boot253	0.0623229461756374	7.89990566412418e-05	7.96867601858614e-05	7.88690465703065e-05
boot254	0.0560184364474384	7.93283559334077e-05	7.98846518422919e-05	8.03558342988454e-05
boot255	0.0573304934327299	7.726311039626e-05	7.784649440003e-05	7.79000356190209e-05
boot256	0.0608263876573861	7.77442478498634e-05	7.84003658557947e-05	7.87760098521356e-05
boot257	0.0661347517730496	7.98605369947642e-05	8.0636034404708e-05	7.96023518570245e-05
boot258	0.0785536159600998	7.96509240716214e-05	8.07500816384912e-05	7.95499160346662e-05
boot259	0.0520169851380042	7.97839633381512e-05	8.02626906458029e-05	7.96663252242343e-05
boot260	0.0665247472059606	7.8300330663839e-05	7.90854188296749e-05	7.89997388433205e-05
boot261	0.0630454140694568	7.83958476387241e-05	7.91037237269145e-05	8.0901058825743e-05
boot262	0.0681777619132607	7.78488416208896e-05	7.86784341997761e-05	7.9251606013894e-05
boot263	0.0784487338409775	7.79666247251e-05	7.90564430075956e-05	7.96490572783257e-05
boot264	0.066407629812787	7.87638502966785e-05	7.9542722302569e-05	7.96170196930133e-05
boot265	0.0531781557743957	7.93533031944661e-05	7.98596445107715e-05	7.94705764102617e-05
boot266	0.0253366406803685	7.72060035400296e-05	7.7319742973227e-05	7.79686790292969e-05
boot267	0.0463341026096219	7.88166559893764e-05	7.91977760079524e-05	7.81952917771203e-05
boot268	0.0633652822151225	7.91500874819813e-05	7.986275325944e-05	7.93620603832352e-05
boot269	0.0755721128259713	7.92996160041362e-05	8.03127691417948e-05	7.97902702871062e-05
boot270	0.0474400286430362	7.76334855478421e-05	7.80363778352843e-05	7.89851382548871e-05
boot271	0.0704674220963173	7.87448754079531e-05	7.96240640724185e-05	7.82996974806316e-05
boot272	0.082078853046595	8.07546114934501e-05	8.19619480736373e-05	8.00267699449282e-05
boot273	0.0658852779257681	7.81047050281327e-05	7.88755929427758e-05	7.95360795774701e-05
boot274	0.0322810772248974	7.64400662711539e-05	7.66259175190227e-05	7.90987131597916e-05
boot275	0.0634751773049645	8.00788405552042e-05	8.07932196569589e-05	7.9365553946692e-05
boot276	0.0748165383926973	7.96655781776725e-05	8.06674601209454e-05	8.01418281872904e-05
boot277	0.0859720502388113	7.83009625262944e-05	7.96084441152321e-05	7.96351809612184e-05
boot278	0.055645016997674	7.88072038122363e-05	7.93612148905457e-05	7.96142576362418e-05
boot279	0.0679886685552408	7.82413749983319e-05	7.90597990514329e-05	7.92655484251339e-05
boot280	0.0467805051583067	7.7789912069262e-05	7.8179171347609e-05	7.80969119124343e-05
boot281	0.0720752707260785	8.02610192323656e-05	8.11832355736114e-05	7.92481119808114e-05
boot282	0.057644554806669	7.92230167639316e-05	7.98123914888091e-05	7.9279395861874e-05
boot283	0.0706638115631692	8.10709137929987e-05	8.19619513134546e-05	7.95919765168322e-05
boot284	0.057208643287283	7.88812209979726e-05	7.94608931316551e-05	7.92373730148524e-05
boot285	0.0541644468122891	7.6840780634432e-05	7.73617870806194e-05	7.81673770209608e-05
boot286	0.0693579939534057	8.06799916072887e-05	8.15355013574649e-05	8.05835625530019e-05
boot287	0.0738411785842616	7.8845164839354e-05	7.98247767068913e-05	7.98523752463127e-05
boot288	0.0477967306325515	7.95640628546981e-05	7.99699845780742e-05	7.93171473812231e-05
boot289	0.0653873489694385	7.80421635217672e-05	7.88018482064245e-05	7.87580478607117e-05
boot290	0.0625446747676912	8.06032876743149e-05	8.1302329193578e-05	7.88940883612563e-05
boot291	0.0409966425163456	7.77063122490153e-05	7.80033125489999e-05	7.8024976178194e-05
boot292	0.0763331549848404	8.07714594847376e-05	8.18106516641454e-05	7.98983256590922e-05
boot293	0.0591484054872617	8.12029926766183e-05	8.18262839418393e-05	7.97181747255441e-05
boot294	0.0887457505814994	8.13134594063088e-05	8.27226217334288e-05	8.01555469829219e-05
boot295	0.0569350833628946	7.76015485504255e-05	7.81765048678323e-05	7.75579808547867e-05
boot296	0.0744227353463588	8.02544373074299e-05	8.12382283440967e-05	7.98643974277519e-05
boot297	0.0593355835850062	7.92214339322536e-05	7.98468934240592e-05	7.98589365861338e-05
boot298	0.063264221158958	7.9212985787006e-05	7.99222471158825e-05	7.87686491382853e-05
boot299	0.061090392470254	7.73613110199053e-05	7.80240771453128e-05	7.96796370859751e-05
boot300	0.0633516191824456	7.70757017096926e-05	7.77859171853673e-05	7.81540362675516e-05
boot301	0.0570159857904085	7.84523997161009e-05	7.9029810486199e-05	7.79435614132119e-05
boot302	0.0681213411389037	7.91118982833322e-05	7.99351228919118e-05	7.85580126505577e-05
boot303	0.0726686951852515	7.95300588566444e-05	8.04752421857883e-05	7.99675349960418e-05
boot304	0.0444166963967178	8.01196848045185e-05	8.04716011296698e-05	7.92486037802073e-05
boot305	0.050088809946714	7.8110949512256e-05	7.8556578088078e-05	7.83442875472797e-05
boot306	0.0717480765789945	7.72876757376895e-05	7.82087325444143e-05	7.92624711122662e-05
boot307	0.0648330058939096	7.88376441848768e-05	7.95883708598616e-05	7.95732103617009e-05
boot308	0.0579581708613967	8.02976410315153e-05	8.08930237981935e-05	7.92529914682246e-05
boot309	0.0614485567557995	7.82623459933839e-05	7.89310063665681e-05	7.82268163480283e-05
boot310	0.0575719649561952	7.93903744423481e-05	7.99829957813285e-05	7.97489742533858e-05
boot311	0.0699250802711381	7.96948662152063e-05	8.05670597312471e-05	8.02798665856526e-05
boot312	0.0657076895755638	7.83926937565708e-05	7.91594315419302e-05	7.89196089563269e-05
boot313	0.0708250943735395	8.20143295072556e-05	8.29160361391127e-05	8.094614788204e-05
boot314	0.048092280390417	7.66525917293187e-05	7.70630384787687e-05	7.74820584409153e-05
boot315	0.0610511413909043	7.92244354569673e-05	7.98840075442319e-05	7.84818800300112e-05
boot316	0.0594023975666488	7.92100605564765e-05	7.98414158681005e-05	7.96069717097976e-05
boot317	0.0652829519247827	8.05008329992479e-05	8.12568847665024e-05	7.94474498504035e-05
boot318	0.0437632884479093	8.01824403050575e-05	8.05217786140183e-05	7.90963396819665e-05
boot319	0.053656808925093	7.98009717794745e-05	8.03108094178708e-05	7.98618353170016e-05
boot320	0.0938170121515368	8.20606209013677e-05	8.36334643197096e-05	8.11947909288391e-05
boot321	0.0734383294992037	8.02448506915237e-05	8.11992283662067e-05	8.01079655858769e-05
boot322	0.0652135388977494	7.7504211861147e-05	7.82578545433317e-05	7.86744104126524e-05
boot323	0.0806737588652482	7.9796458921719e-05	8.09504049092098e-05	7.9550157434965e-05
boot324	0.0654867256637168	8.03123161251288e-05	8.10713446628554e-05	7.92137928071096e-05
boot325	0.0572037662106946	7.98336504311261e-05	8.04149740887363e-05	7.96229848018e-05
boot326	0.0599893824101929	7.71804020248935e-05	7.78172319668429e-05	7.75608674764155e-05
boot327	0.0390278516941636	7.73990354923364e-05	7.76692453926135e-05	7.76982985397424e-05
boot328	0.0641435678749112	7.72815083632615e-05	7.80125668742287e-05	7.80823007494279e-05
boot329	0.0617767491543529	7.83362755736789e-05	7.90157070737821e-05	7.84047553441716e-05
boot330	0.0726266952177016	8.02246679313897e-05	8.11658950652664e-05	7.96382568747301e-05
boot331	0.0675675675675676	7.74066590603724e-05	7.82184258077048e-05	7.97126612747476e-05
boot332	0.0727369731460075	7.98671729748235e-05	8.08080705850748e-05	7.861563139355e-05
boot333	0.0728465083303793	7.96383206958916e-05	8.05788761329578e-05	7.92404968322659e-05
boot334	0.0568181818181818	7.99452783826775e-05	8.05184860860021e-05	7.97825859150073e-05
boot335	0.0816	8.19056387160494e-05	8.30893827160494e-05	7.96737738271605e-05
boot336	0.0663238162794822	7.9916008543705e-05	8.06960845511309e-05	7.93137021523155e-05
boot337	0.0500712758374911	7.87733256747475e-05	7.92200706255661e-05	7.96139152168382e-05
boot338	0.0669626998223801	8.01262919139399e-05	8.09227400786828e-05	8.00744689036638e-05
boot339	0.0711111111111111	8.08945953360768e-05	8.17935802469136e-05	7.97668637146776e-05
boot340	0.0689042798792399	8.11546636024352e-05	8.19978175334735e-05	7.99428930601389e-05
boot341	0.0675869487271423	8.12982223847524e-05	8.21171531194683e-05	8.02332649880489e-05
boot342	0.0637272402713317	7.93517722613964e-05	8.00767206999183e-05	7.91680451661327e-05
boot343	0.0450848656294201	7.71952929554881e-05	7.75546715107963e-05	7.81303348855343e-05
boot344	0.057259351178869	7.70721976418323e-05	7.76534125500799e-05	7.84801628882282e-05
boot345	0.0520945220193341	7.94093211550555e-05	7.98951498740714e-05	7.94382364577071e-05
boot346	0.0590762620837809	7.82127956044385e-05	7.88375726795891e-05	8.00264046943221e-05
boot347	0.0693579939534057	7.7453994268863e-05	7.83095040190392e-05	7.90230137747844e-05
boot348	0.0968316126735493	7.9631507974786e-05	8.13004935947504e-05	7.86182935685915e-05
boot349	0.0613925183461607	7.8807507039654e-05	7.94821161874764e-05	8.01536977393987e-05
boot350	0.0658414065303193	8.12642029689646e-05	8.20419372376927e-05	7.94640774738798e-05
boot351	0.0599144079885877	7.94879321736421e-05	8.01280420674765e-05	7.90515647412328e-05
boot352	0.0755287009063444	7.95531074049821e-05	8.05668953311595e-05	7.96969712783317e-05
boot353	0.0372010628875111	7.85848808187913e-05	7.88300392031953e-05	7.72997060881045e-05
boot354	0.0641825637368515	7.75850579980495e-05	7.83194850773569e-05	7.89832122165297e-05
boot355	0.0869102518623625	7.98254149265167e-05	8.11651438869245e-05	7.8974661927202e-05
boot356	0.0534957627118644	7.91994956717638e-05	7.97047563758818e-05	7.90789714375364e-05
boot357	0.0554085053820364	7.74905910249305e-05	7.80323419458183e-05	7.78631065979001e-05
boot358	0.0556543385490754	7.9027173727175e-05	7.95779214866585e-05	7.89988630807791e-05
boot359	0.0480411274596703	7.85641621442986e-05	7.89733005820926e-05	7.79054493151599e-05
boot360	0.0358544416696397	8.04968422047807e-05	8.07261574005426e-05	7.94985057489459e-05
boot361	0.06952532203988	7.89231132985167e-05	7.97760814306411e-05	7.86533038009785e-05
boot362	0.0567700987306065	7.83834587755687e-05	7.89516611926848e-05	7.85308525124109e-05
boot363	0.056627366916756	8.0320407542561e-05	8.08932297440481e-05	7.86225932964273e-05
boot364	0.0775785549440795	7.91378394427375e-05	8.02062634063824e-05	7.96614745481912e-05
boot365	0.0563380281690141	8.02964539708405e-05	8.08623255019464e-05	7.83598558992163e-05
boot366	0.0615439345428673	7.93721329393991e-05	8.00458533020844e-05	7.99229228032163e-05
boot367	0.0692771084337349	7.79134584760775e-05	7.87637982622113e-05	7.82827820793983e-05
boot368	0.043346414555833	7.8354546396092e-05	7.86897072335601e-05	7.82863892497167e-05
boot369	0.0675965665236052	7.88747009911358e-05	7.96918139750021e-05	7.90060027051806e-05
boot370	0.0473703170028818	8.06022859660953e-05	8.10064550822613e-05	8.05257866373665e-05
boot371	0.0605573419078242	7.74938333222045e-05	7.81489229361632e-05	7.84064361261858e-05
boot372	0.0558818295070297	7.91955264008818e-05	7.97512798924378e-05	8.05129523518374e-05
boot373	0.0440150295222759	7.87264629166722e-05	7.90730943040129e-05	7.91118151080717e-05
boot374	0.0773788150807899	7.8893073972847e-05	7.99680256825969e-05	7.91004709467943e-05
boot375	0.0730327144120248	7.85151357475043e-05	7.94583324538506e-05	7.89277846521375e-05
boot376	0.0688853104312041	8.01128624515837e-05	8.09618848157282e-05	7.98809958615984e-05
boot377	0.072561954002496	8.10996769200768e-05	8.2038389198319e-05	7.93904678992573e-05
boot378	0.0560498220640569	7.93222067238834e-05	7.98812071782272e-05	7.86371079357569e-05
boot379	0.0564931604192574	8.12997652465568e-05	8.18667357873555e-05	7.97099557189796e-05
boot380	0.0688612099644128	8.07471635283169e-05	8.15909119692e-05	8.02224664629022e-05
boot381	0.0676036292474649	7.6919174416685e-05	7.77322416088979e-05	7.84570200644494e-05
boot382	0.0885556150687377	8.03308873933741e-05	8.17310118283326e-05	7.98052033166952e-05
boot383	0.0418596366227289	7.77092774131665e-05	7.80213951862671e-05	7.9141113811689e-05
boot384	0.0681164629762761	7.90482677142674e-05	7.98821736323836e-05	7.98419706368394e-05
boot385	0.0502853067047076	7.96771483316729e-05	8.01280420674765e-05	8.00713316511807e-05
boot386	0.0641002685765443	7.8578944074993e-05	7.9314636900702e-05	7.95143744835129e-05
boot387	0.0761854022376132	8.13770455637608e-05	8.24078066211409e-05	8.02047936614463e-05
boot388	0.0540974825923942	8.06666108439554e-05	8.11891135439794e-05	7.92273082392427e-05
boot389	0.0698503207412687	7.80014047598029e-05	7.88708037811248e-05	7.88732479474696e-05
boot390	0.0801208029845443	7.88011679439899e-05	7.99415735348387e-05	7.95916097855199e-05
boot391	0.0734795790975566	8.10385529328055e-05	8.20015007737818e-05	8.00556476824094e-05
boot392	0.0736785904965296	7.85317967857078e-05	7.94979001310638e-05	7.89693605006913e-05
boot393	0.0623229461756374	7.77451343723848e-05	7.84328379170044e-05	7.92315029258546e-05
boot394	0.0781695156695157	7.80192144918759e-05	7.91072617105381e-05	7.86477177093268e-05
boot395	0.0519640655275674	8.05400305014066e-05	8.10156803351486e-05	7.84026697569714e-05
boot396	0.0733700479658909	8.05632485134224e-05	8.1519575381164e-05	7.94853967211149e-05
boot397	0.0382766601388642	7.7233512018395e-05	7.74943456860799e-05	7.74638469089283e-05
boot398	0.0698005698005698	7.91592022588524e-05	8.00267449127848e-05	7.91027338496959e-05
boot399	0.0626553070642527	7.72757254343847e-05	7.79725105787432e-05	7.87570306292078e-05
boot400	0.0729352878083661	8.00899733911681e-05	8.10409130064146e-05	8.02583003970243e-05
boot401	0.0585729499467519	7.89072647733987e-05	7.95162087679789e-05	7.8602647390031e-05
boot402	0.0477797513321492	7.98231766163774e-05	8.0228665894772e-05	7.88617387358515e-05
boot403	0.0667023363652577	7.87905703045145e-05	7.95840787183872e-05	7.88480258595468e-05
boot404	0.0581291361116079	7.87640646873397e-05	7.93684282117685e-05	7.89726466321399e-05
boot405	0.0636704119850187	7.78113978498541e-05	7.85344086153869e-05	7.85515125350573e-05
boot406	0.0484675694939416	7.78806900997725e-05	7.82992762174934e-05	7.80844498376023e-05
boot407	0.0590333511681826	7.73403281047144e-05	7.79618612864776e-05	7.79891197720552e-05
boot408	0.0746776504297994	8.12627840369093e-05	8.22614859483912e-05	7.95614259024549e-05
boot409	0.0575757575757576	7.98930808653706e-05	8.04839842272997e-05	7.9274588910855e-05
boot410	0.0597014925373134	7.90525333817846e-05	7.96858432984837e-05	7.90081384104768e-05
boot411	0.0647852325168619	7.94958379417874e-05	8.02408017955793e-05	7.93258033321713e-05
boot412	0.059587335467805	7.93826510268549e-05	8.00142146248899e-05	7.80849362622974e-05
boot413	0.0475424486148347	8.23329814191132e-05	8.27369643360558e-05	8.10582050915703e-05
boot414	0.0752688172043011	7.97904413090207e-05	8.08057450443854e-05	7.97945738945196e-05
boot415	0.0716583273766976	7.93309236864898e-05	8.02485283831349e-05	7.92413322427965e-05
boot416	0.0382562277580071	7.65813158088179e-05	7.68417319942757e-05	7.75591623884236e-05
boot417	0.0510494485948061	8.04365532601471e-05	8.09000975863359e-05	7.92090941423515e-05
boot418	0.0490283472989838	8.12284056664777e-05	8.16569631346306e-05	7.97069855696866e-05
boot419	0.0579246624022743	7.95316669791229e-05	8.01278408445133e-05	7.91913167517812e-05
boot420	0.0692594565796484	7.82444876552108e-05	7.90963562976736e-05	7.8897654156337e-05
boot421	0.0709459459459459	8.00108281480978e-05	8.09058009870318e-05	7.96013469162716e-05
boot422	0.0408855561506874	7.93605959695803e-05	7.96590477999232e-05	7.97361805330259e-05
boot423	0.0584543661466738	8.07301420594885e-05	8.1342821442958e-05	7.96838667391235e-05
boot424	0.0471362504446816	7.94291804795487e-05	7.98243825617229e-05	7.93669161030848e-05
boot425	0.0599750845346147	7.90794560136641e-05	7.9719607422266e-05	8.03646965571307e-05
boot426	0.0527817403708987	7.92497053339016e-05	7.97464799623932e-05	7.91021516572687e-05
boot427	0.0679576833422987	7.81676876159563e-05	7.89957756068568e-05	7.95867152376535e-05
boot428	0.0614783226723525	7.87617053690883e-05	7.94332732721811e-05	7.79276588270069e-05
boot429	0.0609019886363636	7.90087051359359e-05	7.96672726465651e-05	7.86303432698898e-05
boot430	0.0458096590909091	7.76237647932871e-05	7.7996372191374e-05	7.88674575775571e-05
boot431	0.0268396729470316	7.6170752387157e-05	7.62987950540436e-05	7.84043025892e-05
boot432	0.0564861012116892	7.78259849044296e-05	7.8394530811432e-05	7.90131481817484e-05
boot433	0.0743494423791822	7.85546502684353e-05	7.95332021505552e-05	7.87230566065158e-05
boot434	0.0705713773956654	8.10460017135803e-05	8.19380524582555e-05	7.98127057588908e-05
boot435	0.0489934081596294	8.00972930626166e-05	8.05249349730203e-05	7.94996744489425e-05
boot436	0.0900549547952491	7.83212785014976e-05	7.97589482201954e-05	7.8882911410469e-05
boot437	0.0471446361857321	8.19260692134963e-05	8.23214822576317e-05	7.84623128841217e-05
boot438	0.0629518603420913	7.75033428965247e-05	7.82021502886126e-05	7.77542027369535e-05
boot439	0.0492681185290968	7.94840955870038e-05	7.99173957482671e-05	7.98633014858535e-05
boot440	0.0792061505453245	7.95965607602215e-05	8.07182511382312e-05	8.03820280925779e-05
boot441	0.0749689109966246	7.88484323091152e-05	7.98468934240592e-05	7.83444360683269e-05
boot442	0.0741400819818214	7.91262689820925e-05	8.01059075057552e-05	7.98234666513518e-05
boot443	0.0530343477487097	7.89339960091701e-05	7.94345551907204e-05	7.88464359181133e-05
boot444	0.058833985069321	7.90956577405413e-05	7.97109150813051e-05	7.95789414523195e-05
boot445	0.0676251331203408	7.98071430847283e-05	8.06188503317187e-05	8.01560249369767e-05
boot446	0.0585426246904846	7.98812899622685e-05	8.04874517779124e-05	7.8896103425197e-05
boot447	0.0625994694960212	7.91093470735399e-05	7.98023079190188e-05	7.83299126596292e-05
boot448	0.071377714489142	7.738367079554e-05	7.8290537674446e-05	7.9420070569813e-05
boot449	0.0456718003186405	7.73464049666382e-05	7.77156585237892e-05	7.88029051087337e-05
boot450	0.0501506290979975	7.87856670916918e-05	7.92313671801066e-05	7.79533122012071e-05
boot451	0.0609691629955947	7.92689062734701e-05	7.99239263327447e-05	7.87263573319946e-05
boot452	0.0660543977393147	7.88968870299164e-05	7.96674952002986e-05	7.87983380368669e-05
boot453	0.0464165036457407	8.14369911814979e-05	8.18201481814436e-05	7.98583535186218e-05
boot454	0.0454140694568121	7.90218736477716e-05	7.93891822327454e-05	7.91553079175794e-05
boot455	0.0767167381974249	7.98865190907722e-05	8.09389972595226e-05	7.95919823538314e-05
boot456	0.0498481329283545	7.90097700286359e-05	7.94537286415433e-05	7.98103795573966e-05
boot457	0.0731232294617564	7.88340963732146e-05	7.97808043560256e-05	7.85247896265837e-05
boot458	0.0560114163396361	8.01983481865651e-05	8.07579769344017e-05	7.8729802343653e-05
boot459	0.0990767045454545	7.90277654116177e-05	8.07706974754649e-05	7.93940921549865e-05
boot460	0.0792131844763424	7.98152143173648e-05	8.09271633861018e-05	7.95083903006501e-05
boot461	0.0738243123336291	8.03474004945706e-05	8.13145751337069e-05	7.91836455533529e-05
boot462	0.049057945254177	7.93147302583217e-05	7.97425087852613e-05	7.96827244673948e-05
boot463	0.0671548490801929	7.96441872448598e-05	8.04496478190665e-05	8.00448551116948e-05
boot464	0.0726495726495727	8.11161414565608e-05	8.20559492211914e-05	7.98768738480508e-05
boot465	0.0688979882499555	8.08963784767828e-05	8.17414795600819e-05	7.92885371152366e-05
boot466	0.0513503909026297	7.76071836796933e-05	7.80757093808044e-05	7.80835797554246e-05
boot467	0.0720445562342795	7.99251671914311e-05	8.08576893047969e-05	8.03932115115878e-05
boot468	0.0543187889581478	7.79756161143789e-05	7.85010891034938e-05	7.79565121138502e-05
boot469	0.0754180007114906	8.13121207297223e-05	8.23238380600884e-05	7.86747989357484e-05
boot470	0.0667380442541042	7.99571623488883e-05	8.07519458162086e-05	7.94139690211632e-05
boot471	0.0609280906836699	7.92739494380524e-05	7.99314471770459e-05	7.8514795578921e-05
boot472	0.0560283687943262	8.13054875088336e-05	8.1862079372265e-05	7.96428800119577e-05
boot473	0.0846645367412141	7.97876166161418e-05	8.10599069572146e-05	8.03226373819951e-05
boot474	0.0569178449973152	7.95750255366606e-05	8.01548789605264e-05	7.89946675134781e-05
boot475	0.0731014904187367	7.93301485390318e-05	8.02783082092661e-05	7.89289860166634e-05
boot476	0.0588444444444444	7.93765132290809e-05	7.99920987654321e-05	7.93163374266118e-05
boot477	0.0580713905167821	8.0358197225661e-05	8.09570760032409e-05	7.9421578574666e-05
boot478	0.0593550673281361	8.09649168790812e-05	8.15891238276155e-05	7.91161407667228e-05
boot479	0.0685591858596679	8.19118551639093e-05	8.27510556577034e-05	8.05196301042586e-05
boot480	0.0720014257708073	7.84196630332802e-05	7.93435991076037e-05	7.86129573254688e-05
boot481	0.0688976377952756	7.83479941886675e-05	7.91974724445317e-05	7.92136969204457e-05
boot482	0.0516506922257721	7.87591555026508e-05	7.92326723658744e-05	7.84488345116203e-05
boot483	0.058833985069321	7.70104732794371e-05	7.76257306202008e-05	7.94377412937215e-05
boot484	0.0757950530035336	7.89897464777149e-05	8.00047447214973e-05	7.85262382789959e-05
boot485	0.0500710227272727	7.62271083986553e-05	7.66722623966942e-05	7.76053146703363e-05
boot486	0.0631785015127247	7.84391411415215e-05	7.91495029591747e-05	7.84115439865187e-05
boot487	0.0847487615003539	8.09640608226328e-05	8.2234823840298e-05	7.9221554568015e-05
boot488	0.0688547984302533	7.95304444783474e-05	8.03761425280925e-05	8.02538365495702e-05
boot489	0.0754180007114906	7.83380850734393e-05	7.93498024038054e-05	7.82725454016842e-05
boot490	0.0804925932536141	7.95288569862299e-05	8.06852120761267e-05	7.9994171077104e-05
boot491	0.0831408775981524	8.07649770848589e-05	8.19929759350616e-05	7.99279548939266e-05
boot492	0.0903099394371215	8.04395463547788e-05	8.18923224789571e-05	7.92721665400305e-05
boot493	0.0739687055476529	7.95851621762053e-05	8.05580230226483e-05	7.91893528053869e-05
boot494	0.0892825509300266	7.78572662994919e-05	7.92693785936589e-05	7.87113625322144e-05
boot495	0.0608695652173913	7.84210655494185e-05	7.90785817818505e-05	7.8122567967848e-05
boot496	0.065259454705365	8.01624649818896e-05	8.0911593641246e-05	7.93938571595523e-05
boot497	0.0683408071748879	8.11747560567514e-05	8.20125077922339e-05	8.06907263376469e-05
boot498	0.0539964476021314	7.94899526429699e-05	8.00078241089823e-05	7.8478877194859e-05
boot499	0.0413252582828643	7.81296713709129e-05	7.84338710453242e-05	7.85586616370863e-05
boot500	0.0626897660296482	7.81208790767977e-05	7.88227913405683e-05	7.93272809879302e-05
boot501	0.0696428571428571	8.13405384475219e-05	8.22066326530612e-05	8.06824662900875e-05
boot502	0.0695158716084412	8.06567673283596e-05	8.15137377850862e-05	7.90741515158734e-05
boot503	0.0396109637488948	7.9649931294661e-05	7.99273899063527e-05	7.95479413665273e-05
boot504	0.0732359230220955	7.9280399666619e-05	8.02361196275774e-05	7.90914067671225e-05
boot505	0.0700354609929078	7.8446003499189e-05	7.93156782858005e-05	7.86069121467769e-05
boot506	0.0605305323126224	7.90923969683739e-05	7.97446927387228e-05	7.95988854488801e-05
boot507	0.06987054442277	7.86982119432478e-05	7.95639493041158e-05	7.89072791839924e-05
boot508	0.0699946704565642	7.91027740243637e-05	7.99731335717652e-05	7.98738503715708e-05
boot509	0.0697179350718467	7.95449152313753e-05	8.04071807042656e-05	7.8673521800077e-05
boot510	0.0572240980984539	7.69846164102195e-05	7.75665601463456e-05	7.7464128978718e-05
boot511	0.054241508091766	7.61100171370675e-05	7.66332505000533e-05	7.84850044478689e-05
boot512	0.0998214285714286	8.11607085914723e-05	8.29400510204082e-05	8.05788481687318e-05
boot513	0.0556246667851431	8.21646363281484e-05	8.27145036739736e-05	7.94696246001989e-05
boot514	0.0490265486725664	7.72940604908043e-05	7.77194768580155e-05	7.8116583512198e-05
boot515	0.076472675656494	7.86425283370481e-05	7.96801561088833e-05	7.95747349013217e-05
boot516	0.057774607703281	7.73070588958959e-05	7.79022631211577e-05	7.86480941129976e-05
boot517	0.0507182124490158	7.88561946789449e-05	7.9312363693668e-05	7.86369551524791e-05
boot518	0.085419996448233	7.87151604821358e-05	8.00109473393932e-05	7.98424274473283e-05
boot519	0.0443929399179889	7.85084867127663e-05	7.88598386675821e-05	7.94363469242116e-05
boot520	0.0494310099573257	7.93647708772966e-05	7.97992347367207e-05	7.91918038462583e-05
boot521	0.0671378091872792	7.86152790179935e-05	7.94116545343306e-05	7.8827046518522e-05
boot522	0.0566441040256502	7.97660784333584e-05	8.03376057794341e-05	7.85544002192336e-05
boot523	0.0550589917769038	7.90929217963087e-05	7.96348403832749e-05	7.96908808342167e-05
boot524	0.0572805139186296	7.94977736864346e-05	8.00832585677305e-05	7.91953064044678e-05
boot525	0.0427167113494191	7.73955012490403e-05	7.77216348376926e-05	7.90695901047806e-05
boot526	0.0656817372730509	8.08811097494007e-05	8.16490148065752e-05	7.90168782581561e-05
boot527	0.0739692089895594	7.85086896057993e-05	7.94769153850492e-05	7.88079505257795e-05
boot528	0.0285459411239964	7.9686486416412e-05	7.98318692450748e-05	7.93414747911418e-05
boot529	0.069284064665127	8.0256517921812e-05	8.11092949011194e-05	7.92254483196119e-05
boot530	0.0621669626998224	7.96368592214085e-05	8.03233123743962e-05	7.90425420907997e-05
boot531	0.0528181495923431	7.7602647165976e-05	7.80971095775958e-05	7.94336347277645e-05
boot532	0.0652442250044084	7.99079719815647e-05	8.06585995422111e-05	7.89396240470823e-05
boot533	0.0747116237799468	7.90957896839972e-05	8.00863534333914e-05	7.92623134424783e-05
boot534	0.0445278969957082	7.95611012886815e-05	7.99156673850442e-05	7.96918311311494e-05
boot535	0.0719347980155918	7.81294960977128e-05	7.90463308187517e-05	8.04307937419834e-05
boot536	0.0680284191829485	7.86494930246469e-05	7.94714940577785e-05	7.86116344327972e-05
boot537	0.0536793458940633	7.68924040249618e-05	7.7404574692508e-05	7.82230459268125e-05
boot538	0.0733273862622658	7.81404536139187e-05	7.90997588014397e-05	7.88817129535293e-05
boot539	0.0678571428571429	7.82593841107872e-05	7.90816326530612e-05	7.91724102587463e-05
boot540	0.0543342269883825	7.99092894602382e-05	8.04369406170612e-05	7.85010130964588e-05
boot541	0.0487848463187991	7.68853625967315e-05	7.73106594570512e-05	7.86952923661006e-05
boot542	0.0622443535479281	7.87590712991975e-05	7.94480913149541e-05	7.9635358518257e-05
boot543	0.0623113793715604	8.00842586759015e-05	8.07735375679992e-05	7.93545129513386e-05
boot544	0.0572090536446266	7.91096941069233e-05	7.96929904567565e-05	7.93816624479855e-05
boot545	0.046395431834404	7.75020362393798e-05	7.78861433227311e-05	7.89029588668123e-05
boot546	0.0407328352899324	7.86433797371043e-05	7.8938499600277e-05	7.85558584443741e-05
boot547	0.0827549386011746	7.91976119701937e-05	8.04164017660443e-05	7.96641594619387e-05
boot548	0.0484558040468584	7.81228341912895e-05	7.85395833829522e-05	7.84772183474008e-05
boot549	0.049973228627521	8.09084261699346e-05	8.13541380349102e-05	7.97949537917407e-05
boot550	0.0530047863853927	7.82866938495753e-05	7.8784745148948e-05	7.83744145211553e-05
boot551	0.0317601135557133	7.73604259193512e-05	7.75394012233029e-05	7.82333780900566e-05
boot552	0.0495067264573991	8.205549738777e-05	8.2495123569748e-05	8.08599145485121e-05
boot553	0.0418604651162791	7.62991878278292e-05	7.66126580496094e-05	7.83148295201679e-05
boot554	0.064453125	8.04429335042465e-05	8.11805409833419e-05	7.83588085113657e-05
boot555	0.0363475177304965	7.89556850405302e-05	7.91899300839998e-05	7.81003074231393e-05
boot556	0.075873072150328	7.7292841927276e-05	7.83133565660863e-05	7.96446205419175e-05
boot557	0.0611881892564924	7.94431764578807e-05	8.01091306564734e-05	7.87004272772538e-05
boot558	0.0570409982174688	7.70125565364374e-05	7.75925343399392e-05	7.69121818622805e-05
boot559	0.0578835227272727	8.06171628964924e-05	8.12120674070248e-05	7.92099939621453e-05
boot560	0.0536034420939405	7.86451746679707e-05	7.91602928114483e-05	7.9488276503814e-05
boot561	0.0669546436285097	8.06337071620726e-05	8.14405689877423e-05	8.13219978950812e-05
boot562	0.0618156128576475	7.7121021834503e-05	7.77959017343558e-05	7.88261375795172e-05
boot563	0.0528556225611919	8.07954657399652e-05	8.12909813193073e-05	7.88462689102133e-05
boot564	0.0555062954424543	7.64073841988862e-05	7.69537485957199e-05	7.95997419191152e-05
boot565	0.0646536412078153	8.02118211749526e-05	8.09542889052242e-05	7.90760970416576e-05
boot566	0.0734433209153805	8.07405940401012e-05	8.16974720580327e-05	7.89647455446648e-05
boot567	0.0647277886150027	7.73428998705788e-05	7.8085883842735e-05	7.83781864806229e-05
boot568	0.0619013834693154	7.81260571813223e-05	7.88056920297465e-05	7.90722261124278e-05
boot569	0.0697179350718467	8.05519718977301e-05	8.14142373706204e-05	7.863207472777e-05
boot570	0.0768543342269884	7.87423545784414e-05	7.97980451395627e-05	7.88868511534596e-05
boot571	0.0767860324247283	7.9093616792053e-05	8.01440523480001e-05	8.0305479040447e-05
boot572	0.0875886524822695	7.94329763868065e-05	8.07932196569589e-05	7.920154618562e-05
boot573	0.0594795539033457	7.98470377184637e-05	8.04733109230204e-05	7.93605576399241e-05
boot574	0.0849173920767454	8.02700973159204e-05	8.15511354180905e-05	8.04696168529725e-05
boot575	0.0408632584468424	7.82804033863373e-05	7.85757874109071e-05	7.83091994676666e-05
boot576	0.0640866323451092	8.07377591366962e-05	8.14668726544198e-05	7.91320656599221e-05
boot577	0.048	7.87291654320987e-05	7.91387654320988e-05	7.87653608120713e-05
boot578	0.0672750044730721	8.01200796428728e-05	8.09298714172245e-05	8.0963666201832e-05
boot579	0.0680284191829485	7.8018516493819e-05	7.88405175269506e-05	7.98280854568836e-05
boot580	0.0558230782949884	7.86784162441878e-05	7.92341886840537e-05	7.80220001430038e-05
boot581	0.0592751294411712	7.87448544614384e-05	7.93721604729127e-05	7.92906284479419e-05
boot582	0.0529789511237959	7.92708990226259e-05	7.97715713847696e-05	7.97549464445852e-05
boot583	0.0586960447895973	8.12803768342465e-05	8.19025956664557e-05	8.03410252130954e-05
boot584	0.0612426562221827	7.86966182025239e-05	7.93643523917972e-05	7.8464364795019e-05
boot585	0.0556145944031173	7.86307422292837e-05	7.91785607044207e-05	7.88173970008135e-05
boot586	0.0543478260869565	7.98368096087842e-05	8.03631257528288e-05	7.95331445716097e-05
boot587	0.0496	7.78480703209877e-05	7.82854320987654e-05	7.90552834458162e-05
boot588	0.0508413891872539	7.77979757546525e-05	7.82607123916897e-05	8.00663468246912e-05
boot589	0.0537653551717999	7.96737866085307e-05	8.01884231434692e-05	7.90288940566135e-05
boot590	0.0593477098556407	7.96369993056981e-05	8.02647217553701e-05	8.0325683104652e-05
boot591	0.0769781596849266	7.87382050125403e-05	7.97990064927548e-05	7.91825827272591e-05
boot592	0.0713523131672598	7.96718545364145e-05	8.05777535745495e-05	8.0055259272326e-05
boot593	0.0513004484304933	7.84195321602728e-05	7.88915924309759e-05	7.99233080967003e-05
boot594	0.0433091744741029	7.88206024087648e-05	7.91521711896784e-05	7.8207720786442e-05
boot595	0.0568282720653525	7.90274451091341e-05	7.96009582517258e-05	7.79788569781909e-05
boot596	0.0589077887197851	7.98795000199951e-05	8.05008299343827e-05	7.91353345919113e-05
boot597	0.065030455034038	7.97014006357463e-05	8.04590072430437e-05	8.07197990688935e-05
boot598	0.0580587711487088	7.86937051040939e-05	7.92940293974685e-05	7.97882592680367e-05
boot599	0.0574282147315855	7.82961053471954e-05	7.88842986497203e-05	7.89506834152207e-05
boot600	0.0780999822095712	7.79447426880815e-05	7.90298889647467e-05	7.88572585835414e-05
boot601	0.0529401314620714	7.85915563716796e-05	7.90894525378231e-05	7.81021150884079e-05
boot602	0.0542372881355932	7.77791545686248e-05	7.83039865800973e-05	7.8832816619358e-05
boot603	0.0578629747958821	7.72207191710726e-05	7.78149903553518e-05	7.93910872728207e-05
boot604	0.0737442109013181	8.16534004918126e-05	8.26220874603658e-05	8.0296234985426e-05
boot605	0.0777698863636364	8.03903875988646e-05	8.14642787964876e-05	7.94133483512701e-05
boot606	0.0556642361728615	7.89919319412573e-05	7.95429735896137e-05	7.92884411588134e-05
boot607	0.0599013389711064	7.88911269868973e-05	7.95232923164483e-05	7.93236571302841e-05
boot608	0.048758865248227	7.85169040810553e-05	7.89384336803984e-05	7.91593569950425e-05
boot609	0.0746321574188974	7.50318591658931e-05	7.60192654628261e-05	7.77673892565358e-05
boot610	0.0711718188353702	8.08129789293629e-05	8.17233721350305e-05	8.0640056701886e-05
boot611	0.0677516362993101	7.81392904095502e-05	7.89512989397526e-05	7.90350688549306e-05
boot612	0.0463517800493479	7.68089793927039e-05	7.71876342241708e-05	7.7577139203478e-05
boot613	0.0514102106390575	7.86171084705924e-05	7.90889059996806e-05	7.90937636758216e-05
boot614	0.0456078083407276	7.66309183793594e-05	7.70000527505474e-05	7.88998576822241e-05
boot615	0.0505447401321665	7.95148700756561e-05	7.99711606195082e-05	7.90907635431191e-05
boot616	0.056657223796034	7.80525762204573e-05	7.86209262573329e-05	7.89083759488348e-05
boot617	0.0583864118895966	7.96595460786865e-05	8.02626906458029e-05	7.78901890907227e-05
boot618	0.034796573875803	8.00582518329105e-05	8.02743120672957e-05	7.91472589267042e-05
boot619	0.084655141685974	8.00674365864758e-05	8.13446586527514e-05	8.00595906926969e-05
boot620	0.0538036700516658	8.08661833216766e-05	8.13819208793158e-05	7.94453321182452e-05
boot621	0.0436953807740325	7.79394248014704e-05	7.82799431358716e-05	7.83506450101181e-05
boot622	0.0656646985149401	8.05745564886186e-05	8.13460455977719e-05	7.85619224111407e-05
boot623	0.0497969274236271	7.83907406571799e-05	7.88286241077951e-05	7.81868421589117e-05
boot624	0.0512911213300318	7.86770495212824e-05	7.91423447330425e-05	7.86505260344194e-05
boot625	0.0495867768595041	7.88342796831249e-05	7.9276041889254e-05	8.03610547767503e-05
boot626	0.0612903225806452	8.00040695031352e-05	8.06772780411351e-05	7.9736556538213e-05
boot627	0.0517638716539621	7.80897596605526e-05	7.85647638102792e-05	7.87314698547577e-05
boot628	0.0472217290963962	7.91485813642546e-05	7.95444435511627e-05	7.83061126007717e-05
boot629	0.0646704464918497	8.07225427022994e-05	8.14635538024864e-05	7.90577386908965e-05
boot630	0.0541740674955595	7.70572803464646e-05	7.75785644652947e-05	7.80585493209614e-05
boot631	0.0511495277134201	7.67492122430873e-05	7.7215488162764e-05	7.97070123029976e-05
boot632	0.0871259075615371	7.83707452864979e-05	7.97149853729901e-05	7.95507093540917e-05
boot633	0.050477735712998	8.09207098564139e-05	8.13800575763907e-05	8.02799197870463e-05
boot634	0.0708074534161491	7.86297400055256e-05	7.95194818793996e-05	7.82197235933492e-05
boot635	0.0616779239246356	7.92874886909753e-05	7.99636647129541e-05	7.88940106161801e-05
boot636	0.0669381972728883	7.89842341956919e-05	7.97777036935038e-05	7.9239339048513e-05
boot637	0.0744037023851905	7.87309180645321e-05	7.97163062682744e-05	7.91048178558127e-05
boot638	0.106692703710279	7.83745252134337e-05	8.0395354793588e-05	7.95724284946151e-05
boot639	0.0621448863636364	8.08416095378254e-05	8.15273316438533e-05	8.02322292936914e-05
boot640	0.0688536409516943	7.96515170596253e-05	8.05060274908266e-05	8.05638131116641e-05
boot641	0.0772364924712135	7.79615558979368e-05	7.9018327513394e-05	7.91494900286236e-05
boot642	0.0628439552636251	8.14275807196206e-05	8.21286925096395e-05	7.90746523273135e-05
boot643	0.0568544102019129	7.71943828120657e-05	7.77668985682483e-05	7.86298810192585e-05
boot644	0.0531366625199929	7.8359663629786e-05	7.886144164716e-05	7.90224858933375e-05
boot645	0.0560498220640569	8.02087203192026e-05	8.07677207735464e-05	7.97535877547729e-05
boot646	0.0680368532955351	7.80378104007679e-05	7.88579757810581e-05	7.98369058139566e-05
boot647	0.0625111627076264	7.97517293580807e-05	8.04496478190665e-05	7.90232050360957e-05
boot648	0.0481626828398145	7.87532214297576e-05	7.91670002414466e-05	7.92071407593652e-05
boot649	0.0679942590599211	8.05044209891499e-05	8.13338467632991e-05	7.9629268558228e-05
boot650	0.0804171085189113	7.97305184119751e-05	8.0873486128932e-05	7.96419187456463e-05
boot651	0.0849731663685152	7.84891800133434e-05	7.97808506757211e-05	8.0023395655014e-05
boot652	0.0471866096866097	7.93449179476351e-05	7.97413880569151e-05	8.00790863066351e-05
boot653	0.0597574027827328	7.85618331204114e-05	7.91988197753057e-05	8.01902485656559e-05
boot654	0.0741992882562278	7.83316731296828e-05	7.93113055812363e-05	7.92193134580921e-05
boot655	0.0558114812189936	7.90281038089915e-05	7.95800034255503e-05	7.9845332399183e-05
boot656	0.0930732056559871	7.94373272640377e-05	8.09878233462073e-05	8.00479383098886e-05
boot657	0.06764394206994	7.97639561975763e-05	8.05720987088376e-05	7.8889532216314e-05
boot658	0.0738494470210489	8.12488355302161e-05	8.22216754919205e-05	7.8843151628556e-05
boot659	0.0715173025732032	7.88007683333897e-05	7.97084390640636e-05	7.88781955098563e-05
boot660	0.0656205420827389	8.05048868093965e-05	8.12727283827261e-05	7.98526092937495e-05
boot661	0.0567174760723148	8.00401256935237e-05	8.06102908994814e-05	7.87251153710485e-05
boot662	0.0548628428927681	8.01822053215042e-05	8.0718352726256e-05	7.89764953530724e-05
boot663	0.0860406997500893	7.94881227939216e-05	8.08096154775141e-05	7.96425786931411e-05
boot664	0.0663346967810777	7.88869309155092e-05	7.96694832891598e-05	7.88832186444039e-05
boot665	0.0636444444444444	7.79129770315501e-05	7.86330864197531e-05	7.89035123182442e-05
boot666	0.0536663124335813	8.15858871974235e-05	8.20959957858435e-05	7.93720551504088e-05
boot667	0.0379476215927312	7.87448532553117e-05	7.90014044729395e-05	7.86360668080741e-05
boot668	0.0414295874822191	8.01579805468386e-05	8.04631744869074e-05	7.95740481674832e-05
boot669	0.0673076923076923	7.87761745893047e-05	7.95828564703209e-05	7.96236636750183e-05
boot670	0.0609072835712995	8.10239444144973e-05	8.16944120074911e-05	8.04465354965676e-05
boot671	0.068238656663094	7.90083643010709e-05	7.9840181782883e-05	7.96260539362862e-05
boot672	0.0652212233386215	7.8671153497704e-05	7.94209874433741e-05	7.87601148048302e-05
boot673	0.0705798900514276	7.63533773924583e-05	7.72367824074737e-05	7.70168401902179e-05
boot674	0.0565534412235461	7.98913814821526e-05	8.0460168911323e-05	7.8040724341709e-05
boot675	0.0638411065791807	7.82751140109409e-05	7.89978816806082e-05	7.89787640295926e-05
boot676	0.0738706820194863	7.79575088388927e-05	7.89241833582946e-05	7.85775316264062e-05
boot677	0.0639350052984811	7.62629271922052e-05	7.69848778991139e-05	7.81072940747597e-05
boot678	0.0676611614278103	7.97656192516496e-05	8.05786245377018e-05	7.97329894902361e-05
boot679	0.0638903719523047	7.98166314886597e-05	8.05430916467312e-05	7.92234617563136e-05
boot680	0.0618352262484226	7.77982468576554e-05	7.84875555299455e-05	7.87686423522145e-05
boot681	0.0803269948462769	7.78726637638839e-05	7.90193540253081e-05	7.96993734996876e-05
boot682	0.0773735581188997	8.15748677074584e-05	8.26372754263543e-05	7.98655680568712e-05
boot683	0.0625334045964725	7.97647813321629e-05	8.0461454535517e-05	7.9711807455579e-05
boot684	0.0740873299928418	8.06170653734612e-05	8.15993367523925e-05	8.10520372112995e-05
boot685	0.0602710413694722	7.75724786127164e-05	7.82202315420604e-05	7.90266625068426e-05
boot686	0.0362382888456779	7.79825799222608e-05	7.82147194977359e-05	7.82994607999932e-05
boot687	0.0782361308677098	8.03549239295207e-05	8.14432760228972e-05	7.9693232840684e-05
boot688	0.0506846878890272	7.8833091735176e-05	7.92899541905215e-05	7.90460636035564e-05
boot689	0.074456715354471	8.10000132303799e-05	8.19875092156626e-05	7.95351480176247e-05
boot690	0.0903111111111111	8.04068173607682e-05	8.18567901234568e-05	7.97071935912208e-05
boot691	0.0607301869991095	7.94935650907498e-05	8.01504049149611e-05	7.83936220396087e-05
boot692	0.0612931798051373	7.84155714365824e-05	7.90810902834602e-05	7.79197288756181e-05
boot693	0.0752283718430951	8.02185751712462e-05	8.12322430792102e-05	7.96690108625952e-05
boot694	0.0446333687566419	7.79473526275966e-05	7.83001931530245e-05	7.80551538979788e-05
boot695	0.0398505603985056	8.00450123632793e-05	8.03275363205956e-05	7.73345819317314e-05
boot696	0.0754314178971713	7.95051785406601e-05	8.05174359336467e-05	7.93142091023561e-05
boot697	0.0540637307554601	7.81220336822265e-05	7.8645285916956e-05	7.88922822680982e-05
boot698	0.0780078543377365	7.88630013065414e-05	7.99492607385973e-05	7.9729897412627e-05
boot699	0.065805988882912	7.92481377583433e-05	8.00246176172025e-05	7.94216868207842e-05
boot700	0.0551959726717008	8.02323297334247e-05	8.07800815132117e-05	8.05898919409772e-05
boot701	0.0918457985432581	8.03996902620066e-05	8.1898295824282e-05	7.96862955029857e-05
boot702	0.055188426504733	7.9299580746646e-05	7.98435640329594e-05	7.91320575268352e-05
boot703	0.0796507483962937	8.02486969002268e-05	8.13791747548401e-05	8.04786069548293e-05
boot704	0.0599103139013453	8.06286860433775e-05	8.12724969333789e-05	8.04156137025007e-05
boot705	0.0739161336176262	8.01041904529246e-05	8.10749784431483e-05	7.95886837201352e-05
boot706	0.0707412687099073	7.99794312412387e-05	8.08711502538344e-05	7.93914281859497e-05
boot707	0.0409325502758498	7.67292674128053e-05	7.70274474576682e-05	7.91158238331245e-05
boot708	0.0655737704918033	7.88666396458706e-05	7.96328405326332e-05	7.96273637895272e-05
boot709	0.0628429810585944	7.91788043867167e-05	7.98779087004591e-05	7.80853891527194e-05
boot710	0.0514731984380547	7.75967546692133e-05	7.8067022712778e-05	7.94329472796474e-05
boot711	0.0869102518623625	7.73715849950515e-05	7.87113139554593e-05	7.88739451103117e-05
boot712	0.0647686832740214	8.01795886351571e-05	8.09260267727106e-05	7.99682022401167e-05
boot713	0.0554666666666667	7.90342921481481e-05	7.95812345679012e-05	7.83129803676269e-05
boot714	0.0804638715432649	8.11277300019333e-05	8.22828476868095e-05	7.95507579162152e-05
boot715	0.0576785714285714	7.91572009384111e-05	7.97512755102041e-05	7.81513928115889e-05
boot716	0.0859124866595518	8.09793293430455e-05	8.22921993828939e-05	7.96723852240591e-05
boot717	0.0732098325614535	7.89069732031962e-05	7.98616720959066e-05	7.87987987500111e-05
boot718	0.0568990042674253	7.87177185738481e-05	7.92933758794356e-05	7.8211814743336e-05
boot719	0.0306868867082962	7.83906256595535e-05	7.85586336909268e-05	7.71773832382959e-05
boot720	0.0907640489274951	8.13154358281005e-05	8.27758351505101e-05	7.99226570767335e-05
boot721	0.0531004989308624	7.84318722417001e-05	7.89343068437505e-05	7.95963025088951e-05
boot722	0.064849456618564	7.96804800349689e-05	8.04297143167653e-05	7.94926172971516e-05
boot723	0.0715553977272727	8.09019474854244e-05	8.1811069456999e-05	8.01109432457624e-05
boot724	0.0450402144772118	7.9052130387442e-05	7.94147078530636e-05	8.04514998973796e-05
boot725	0.072561954002496	7.98282567077821e-05	8.07669689860243e-05	8.0561346404445e-05
boot726	0.0672373818441234	7.90640628309865e-05	7.98703523828418e-05	7.86603762891125e-05
boot727	0.0598214285714286	7.83469330812682e-05	7.89859693877551e-05	7.89354216016764e-05
boot728	0.0669721536834685	7.86025000717606e-05	7.93929952020042e-05	7.83782819308706e-05
boot729	0.0428825622775801	7.65778454709003e-05	7.69050543939413e-05	7.85175164855699e-05
boot730	0.0614425645592164	7.9414629755626e-05	8.00869696914431e-05	7.92525112413815e-05
boot731	0.0757198720227515	7.88497760612454e-05	7.98688836010858e-05	7.86495665458804e-05
boot732	0.0780807365439093	8.01433883683204e-05	8.12228149652112e-05	7.96526314321822e-05
boot733	0.0696010019681517	8.00951287815591e-05	8.09618848157282e-05	7.87543464779382e-05
boot734	0.0644073811213627	7.91959715228268e-05	7.9932009624834e-05	7.89635119788283e-05
boot735	0.0579812621530847	7.97140842965245e-05	8.03083616097408e-05	7.89905379685486e-05
boot736	0.070415040794608	7.84925213179477e-05	7.93719604754692e-05	7.92749765976647e-05
boot737	0.0596641657734905	8.22676860883064e-05	8.29035940335451e-05	7.92027119424795e-05
boot738	0.0666666666666667	7.95479745447732e-05	8.03339063651878e-05	8.00714940880468e-05
boot739	0.0727079269374002	8.01359842224269e-05	8.10734629668026e-05	7.97862226701826e-05
boot740	0.0540109792810342	7.8163542703267e-05	7.8680133084513e-05	7.81124306595262e-05
boot741	0.0646881108939044	7.96653270633682e-05	8.04089829530114e-05	7.90976058247089e-05
boot742	0.0552584670231729	7.95266243823201e-05	8.00709199576768e-05	7.93290807706938e-05
boot743	0.0660042583392477	7.81201255608715e-05	7.88931138715376e-05	7.81614159527697e-05
boot744	0.0639772525324329	8.08185504688537e-05	8.15459520756777e-05	7.97908150658788e-05
boot745	0.0609496810772502	7.75719286987475e-05	7.82301256554128e-05	7.83473747752622e-05
boot746	0.0503367600141794	7.90930946496749e-05	7.954218883768e-05	7.91950116802398e-05
boot747	0.0645733546212524	7.51042499999879e-05	7.58439551848454e-05	7.79858376038719e-05
boot748	0.07689556509299	7.91460883666457e-05	8.02034789122413e-05	8.00477239695704e-05
boot749	0.0790035587188612	8.09552316944069e-05	8.20658299666924e-05	7.94476628198046e-05
boot750	0.0575795272791896	7.95039628951877e-05	8.00931581967152e-05	7.80116670678547e-05
boot751	0.0555752212389381	7.92090024443879e-05	7.97556582347874e-05	7.85281388761637e-05
boot752	0.0698542481336651	8.00441427384421e-05	8.09114758316379e-05	7.93117034175055e-05
boot753	0.0602196245129295	8.09204052080672e-05	8.15627012010672e-05	7.95532815206829e-05
boot754	0.0654155495978552	8.11415755273383e-05	8.19064002153078e-05	7.99482283981876e-05
boot755	0.0732009925558313	8.05087580622682e-05	8.14584895956178e-05	7.90959064995675e-05
boot756	0.0345071668731198	7.69175928183351e-05	7.71283067743799e-05	7.77087911672153e-05
boot757	0.0870811682494177	7.99317337312794e-05	8.12904740759638e-05	7.95600124337434e-05
boot758	0.038379150303463	7.84754565865877e-05	7.87383911060478e-05	7.93780059878161e-05
boot759	0.0680759584378359	7.92757474854754e-05	8.01059760983794e-05	7.88896106873963e-05
boot760	0.0418372796866655	7.81969686707518e-05	7.85085866112147e-05	7.8065380977287e-05
boot761	0.0565263908701854	7.9144919770658e-05	7.9714683120303e-05	7.8928079822566e-05
boot762	0.0679089768858628	7.88267979557134e-05	7.96531067071351e-05	7.94596871462224e-05
boot763	0.073402727925341	8.16492176642666e-05	8.26161883151786e-05	8.03691106312756e-05
boot764	0.0553571428571429	7.92359466107872e-05	7.97831632653061e-05	7.81192032616618e-05
boot765	0.0547847741017431	7.6537955768644e-05	7.70718176458015e-05	7.88507532013412e-05
boot766	0.0554371002132196	7.88240625211046e-05	7.93701307656054e-05	7.87182303845502e-05
boot767	0.0841022001419446	7.98418321239134e-05	8.10968321361057e-05	7.88569847786266e-05
boot768	0.0581045172719221	7.72277596071305e-05	7.78258348821354e-05	7.88746235624451e-05
boot769	0.0528081949841046	7.88942260748827e-05	7.93867561804071e-05	7.82947564286559e-05
boot770	0.0479148181011535	7.75689083270341e-05	7.79763315379776e-05	7.83651887694046e-05
boot771	0.0536948431685274	7.95997463252155e-05	8.01106689165486e-05	7.83472071463057e-05
boot772	0.0751023313756896	8.11545862056529e-05	8.21583876254899e-05	8.04419753551472e-05
boot773	0.068407960199005	7.85702078791298e-05	7.94017020188932e-05	7.89400201217998e-05
boot774	0.0544510120007165	8.07653467213753e-05	8.12964075682143e-05	7.99518035218169e-05
boot775	0.06640625	8.01768677293762e-05	8.0959856017562e-05	8.00101896768938e-05
boot776	0.0588444444444444	8.03878712537723e-05	8.10034567901235e-05	7.93367331467764e-05
boot777	0.0650929899856938	7.79747352532155e-05	7.87324422176786e-05	7.98319339487619e-05
boot778	0.0692035398230088	8.04429921193266e-05	8.12906257342e-05	7.90398593939831e-05
boot779	0.0562135407459784	7.54374905506519e-05	7.59960838268053e-05	7.83554173472761e-05
boot780	0.0464112250404749	8.25184846465744e-05	8.29059647346762e-05	8.13488028518684e-05
boot781	0.0696482234399859	7.90758813698833e-05	7.99333809329638e-05	7.8838864239497e-05
boot782	0.0633652822151225	7.72598448012845e-05	7.79725105787432e-05	7.80300555066424e-05
boot783	0.0638373751783167	8.02280819180187e-05	8.09547599618234e-05	8.07936325262811e-05
boot784	0.0683836589698046	7.97766434981536e-05	8.06072518132688e-05	7.89601845235388e-05
boot785	0.0620017714791851	8.04085034133465e-05	8.10894989255798e-05	7.97307433246897e-05
boot786	0.0422610556348074	8.07952711295914e-05	8.11137441722748e-05	7.91385014352004e-05
boot787	0.0409409229664213	8.25654608469981e-05	8.28664411259247e-05	8.13150239656541e-05
boot788	0.071975770532692	7.65866654041929e-05	7.75096141916104e-05	8.00474179994793e-05
boot789	0.0588443814250266	7.74833801863703e-05	7.80971095775958e-05	7.83483720295885e-05
boot790	0.049288256227758	7.97655536601902e-05	8.01978191765555e-05	7.84218793808791e-05
boot791	0.065017667844523	7.79156156973247e-05	7.86624879821199e-05	7.78427285863558e-05
boot792	0.0398860398860399	7.97434656788477e-05	8.00267449127848e-05	7.95187098931526e-05
boot793	0.074331550802139	8.03252322951283e-05	8.13101127665456e-05	8.02464142178477e-05
boot794	0.054030115146147	7.95995363362837e-05	8.01166759895531e-05	7.87611168982102e-05
boot795	0.0554863951627245	7.91535844739336e-05	7.97011107140464e-05	7.91770055298162e-05
boot796	0.0472232048107534	7.8779209760107e-05	7.91736262922256e-05	7.8778258145643e-05
boot797	0.0737749057619817	7.85756957123438e-05	7.95526723269891e-05	8.04866071649093e-05
boot798	0.0379316514582215	7.92638458153688e-05	7.9521281883064e-05	7.90698522958624e-05
boot799	0.0817843866171004	7.88505457185049e-05	8.003459349587e-05	7.93372476908953e-05
boot800	0.0615877536489854	8.27164604172246e-05	8.33916208656988e-05	8.10222202908594e-05
boot801	0.0706069722173067	7.90644313868335e-05	7.99466371071831e-05	7.94951689490522e-05
boot802	0.0556244464127547	7.88467944723697e-05	7.93949041337914e-05	7.96016154572762e-05
boot803	0.0772800285561306	8.07660485175564e-05	8.18319422911842e-05	7.89552872150897e-05
boot804	0.0487761617594892	7.88870634059632e-05	7.93090417592778e-05	7.84541987086179e-05
boot805	0.0596379126730564	7.80658148899788e-05	7.86971036063436e-05	7.89860640274999e-05
boot806	0.0491687301025822	7.73383714066867e-05	7.77659561289896e-05	7.74615501533529e-05
boot807	0.0617173524150268	7.9483473024498e-05	8.01648740243407e-05	7.91272037783547e-05
boot808	0.0568974771873323	7.96463454978302e-05	8.02255766501442e-05	7.89522808130057e-05
boot809	0.0872279700321085	7.96234680852716e-05	8.09807136714155e-05	8.03386640439556e-05
boot810	0.051105216622458	7.97469776641442e-05	8.02088243778539e-05	7.9426243560283e-05
boot811	0.0592724046140195	7.8864525315426e-05	7.9487989015289e-05	7.81503107500033e-05
boot812	0.0708815672306322	8.04291753259883e-05	8.13239565500436e-05	8.00978321967704e-05
boot813	0.0499026720934348	7.80967930021751e-05	7.85374719407815e-05	7.81199008837453e-05
boot814	0.0803284541235273	7.97852260025845e-05	8.09370754388351e-05	8.01658880666475e-05
boot815	0.0643669985775249	7.76714389343292e-05	7.84081228791867e-05	7.9205295814358e-05
boot816	0.0422960725075529	8.00910590593622e-05	8.04089829530114e-05	7.8620719984235e-05
boot817	0.0757845934379458	7.80546192095684e-05	7.90787462784976e-05	7.89960279958202e-05
boot818	0.0857651245551601	8.10736062728566e-05	8.23824419650207e-05	7.96277485696011e-05
boot819	0.0413547237076649	8.01473592197477e-05	8.04522100527133e-05	8.0201970020347e-05
boot820	0.0655650319829424	7.88273105231753e-05	7.95911295386202e-05	7.92605120981396e-05
boot821	0.0557336182336182	7.84273317045442e-05	7.89804364412627e-05	7.89993326385679e-05
boot822	0.0689471818504077	7.9045192977147e-05	7.98877512694393e-05	7.84955848995134e-05
boot823	0.0818973174631373	8.00755565162622e-05	8.12670950857519e-05	8.00326990065329e-05
boot824	0.0785284754156349	7.89275454310048e-05	8.00182283901671e-05	7.97986267546715e-05
boot825	0.0710624005656709	7.86657248497601e-05	7.95584002561868e-05	7.80425246854507e-05
boot826	0.0729537366548043	8.02322972091137e-05	8.11793163713732e-05	7.96496522608733e-05
boot827	0.0341394025604552	7.86435127492997e-05	7.88507493793112e-05	7.90348697706452e-05
boot828	0.0809217577706324	7.74897290721366e-05	7.86594916446069e-05	7.91146244753977e-05
boot829	0.0632397102985338	7.99877212451432e-05	8.06941796374135e-05	7.87102929541108e-05
boot830	0.04349376114082	7.89075886986137e-05	7.92447914184309e-05	7.93702002907467e-05
boot831	0.0535015997156061	7.85702565777018e-05	7.90790410021826e-05	7.90814838143442e-05
boot832	0.077577045696068	7.87400436719679e-05	7.9805966098275e-05	7.83935260949831e-05
boot833	0.0634103019538188	7.85049175850789e-05	7.92191034454473e-05	7.80486643955584e-05
boot834	0.0677425075367973	8.03225542040708e-05	8.11363593694145e-05	8.04752611819322e-05
boot835	0.0530343477487097	7.95041004722614e-05	8.00046596538117e-05	7.88886207849518e-05
boot836	0.0590327169274538	7.8673734757843e-05	7.92933758794356e-05	7.82546180121323e-05
boot837	0.0600321600857602	8.01824809926725e-05	8.08263724067447e-05	7.9135267713897e-05
boot838	0.0591062844935019	7.86790017025669e-05	7.93009623339763e-05	7.94512724960053e-05
boot839	0.0884594929976954	7.82146387774163e-05	7.96018186925749e-05	7.83064931171223e-05
boot840	0.0757226458591949	7.87043576992044e-05	7.97211903106457e-05	7.90849930309184e-05
boot841	0.0755281690140845	7.90579254950952e-05	8.00622396349931e-05	7.84781724279919e-05
boot842	0.0617173524150268	7.8523414652949e-05	7.92048156527917e-05	7.91272037783547e-05
boot843	0.0461840228245364	7.86348095193782e-05	7.90151525943171e-05	7.97113435446983e-05
boot844	0.057356608478803	8.00688990813028e-05	8.06548949017857e-05	7.97358981000246e-05
boot845	0.0509734513274336	7.72282761694009e-05	7.76881509906805e-05	7.89411856840786e-05
boot846	0.058781743917599	7.9145026504794e-05	7.97586463623671e-05	7.81641286066766e-05
boot847	0.0776369801891844	7.99279851391952e-05	8.1003748246976e-05	7.94491859903655e-05
boot848	0.0633954154727794	7.9328872727166e-05	8.00486038702474e-05	7.94382257304878e-05
boot849	0.0589802806892876	7.80927407089904e-05	7.8710732094705e-05	7.92411358277519e-05
boot850	0.0635089586659571	7.69537251104005e-05	7.76692453926135e-05	7.79117755266596e-05
boot851	0.0576684946046347	8.08351173236921e-05	8.14234165046517e-05	7.92762761690103e-05
boot852	0.0777027027027027	7.84411276061506e-05	7.95146891294978e-05	7.90675596850201e-05
boot853	0.0903099394371215	8.03126307058382e-05	8.17654068300164e-05	7.94934889844781e-05
boot854	0.0533971970906511	7.84537250278888e-05	7.89595367463806e-05	7.87479635110335e-05
boot855	0.0624002836376529	7.88801259198181e-05	7.95703927870507e-05	7.8871323769361e-05
boot856	0.0698130008904719	8.18515252175134e-05	8.27195314674391e-05	7.98743797860915e-05
boot857	0.070026525198939	7.88726202884929e-05	7.97397669253519e-05	7.9114987375356e-05
boot858	0.0498036415565869	7.82956201827531e-05	7.87383911060478e-05	7.9118899590186e-05
boot859	0.0561197220737574	7.92655557001883e-05	7.98266501604833e-05	7.90587834146237e-05
boot860	0.058624977793569	8.06880869895648e-05	8.12986551226784e-05	7.95282093773542e-05
boot861	0.0462192314503276	7.62948543974265e-05	7.66731468280727e-05	7.80963706822882e-05
boot862	0.0883820384889522	7.99555157524897e-05	8.13474232235272e-05	7.9415615248737e-05
boot863	0.0470840021401819	8.03974083910753e-05	8.07927897460845e-05	7.88979364019219e-05
boot864	0.0538298623367455	7.6458255652031e-05	7.69696665378751e-05	7.72027577515156e-05
boot865	0.0564129856306546	7.98740911846839e-05	8.04386512250892e-05	7.93026865711848e-05
boot866	0.0464868701206529	7.85726441253275e-05	7.89560772505252e-05	7.78818455909588e-05
boot867	0.0650623885918004	7.92210315855629e-05	7.99755974339177e-05	8.04587631222314e-05
boot868	0.0550328421800107	8.06455800226776e-05	8.11832355736114e-05	7.94202512731229e-05
boot869	0.0781637717121588	8.08782518422228e-05	8.19611258599949e-05	7.93082484946301e-05
boot870	0.0855719622842911	7.98160697591562e-05	8.11187847083083e-05	7.97182089018109e-05
boot871	0.0646246458923513	7.97937198886019e-05	8.05331577173398e-05	7.93149515860541e-05
boot872	0.07450213371266	7.90968372557965e-05	8.00837803439436e-05	7.91313092342912e-05
boot873	0.0790457539611892	7.98367251263905e-05	8.09491038373203e-05	8.08246597982263e-05
boot874	0.0911185959936182	8.11154487413243e-05	8.25872797173655e-05	8.01416969195623e-05
boot875	0.0493783303730018	7.79342088392337e-05	7.83672851288296e-05	7.87116100303683e-05
boot876	0.0425119068618804	7.87475636513389e-05	7.90663610097854e-05	7.73887572178702e-05
boot877	0.0720640569395018	7.90204676023449e-05	7.99445295778929e-05	7.81111489292813e-05
boot878	0.0751465624444839	8.0768856911747e-05	8.1772055676576e-05	7.92008798204447e-05
boot879	0.0700784593437946	7.8584596817247e-05	7.94603083835808e-05	7.82152136737918e-05
boot880	0.0801928915877835	7.76104129684923e-05	7.87589930472939e-05	7.9983438287128e-05
boot881	0.0734643299699062	7.95492561706621e-05	8.05046478821026e-05	7.89467145134507e-05
boot882	0.0496894409937888	7.64044268423676e-05	7.68425884299941e-05	7.86670396284315e-05
boot883	0.0645161290322581	7.77363464523574e-05	7.84740867758786e-05	7.86206259154333e-05
boot884	0.0599217638691323	7.89394759345269e-05	7.95779214866585e-05	8.01242506265893e-05
boot885	0.0759335358227622	8.05303999981398e-05	8.15605772113874e-05	8.05770652435864e-05
boot886	0.0727948990435707	7.94007028851831e-05	8.03392606830512e-05	7.86527725373481e-05
boot887	0.0405668733392383	7.83816050481764e-05	7.86731322780297e-05	7.93622385857923e-05
boot888	0.0404470463012241	7.94560809352347e-05	7.97462997669702e-05	7.84031220829279e-05
boot889	0.0779989241527703	8.09271200147595e-05	8.20179990122474e-05	8.08172509597503e-05
boot890	0.0657451710083289	7.82141576924004e-05	7.89801381125518e-05	7.81985643943478e-05
boot891	0.0531288999821715	7.80069568873584e-05	7.85101981092011e-05	7.87587926085456e-05
boot892	0.0787640650116092	7.94373299103172e-05	8.05453452589782e-05	8.09545647634453e-05
boot893	0.0656177364562846	8.26336965394805e-05	8.34035315721367e-05	8.10614358442264e-05
boot894	0.0479073909171861	7.91707402444406e-05	7.95794879032994e-05	7.9732506315577e-05
boot895	0.0673491379310345	8.01139952952325e-05	8.09286336537191e-05	8.07326396300201e-05
boot896	0.0645619013834693	8.01741573672726e-05	8.09134690221588e-05	7.92949469847922e-05
boot897	0.0505211093446388	7.94319979360087e-05	7.98828692466275e-05	7.7736120763927e-05
boot898	0.0526595744680851	7.76922723449204e-05	7.81839444695941e-05	7.75136831434268e-05
boot899	0.0544843445957898	8.06479483306305e-05	8.11730754854214e-05	7.88865824870765e-05
boot900	0.0817665838949982	8.03882740661386e-05	8.15741155421687e-05	7.98660197063788e-05
boot901	0.0584070796460177	7.78361865053431e-05	7.84399718067194e-05	7.86647529241519e-05
boot902	0.0665952508480629	7.79746995160839e-05	7.87665094492238e-05	7.95720010093377e-05
boot903	0.0602173525743809	7.98471713174136e-05	8.04931947542687e-05	7.85167964189933e-05
boot904	0.0753741981468282	7.7001169287731e-05	7.80135124356778e-05	7.96758340975738e-05
boot905	0.0647100424328147	7.89087093198893e-05	7.96490540143123e-05	7.86757999607536e-05
boot906	0.0421612046058459	8.07746066007231e-05	8.10894989255798e-05	7.9952642237884e-05
boot907	0.0583007465339495	8.22345365922975e-05	8.28386917729616e-05	7.96746828420721e-05
boot908	0.0706134094151213	8.04471898291699e-05	8.13363220669067e-05	7.97718357893953e-05
boot909	0.0723789249600851	7.99498951108401e-05	8.08792385166194e-05	8.01202501706966e-05
boot910	0.0497689299680057	7.93654284380793e-05	7.98056961931735e-05	7.81071836267729e-05
boot911	0.0478638539266088	7.72158621076461e-05	7.76219866445558e-05	7.78744412332335e-05
boot912	0.0774136403897254	8.02475438699897e-05	8.13091686208117e-05	7.96470448068759e-05
boot913	0.0455030216850338	7.85530445793681e-05	7.8921072482402e-05	8.0420981612238e-05
boot914	0.0908767561799751	7.70621809276581e-05	7.85308959932449e-05	7.9033666867926e-05
boot915	0.069228045325779	7.89949660750584e-05	7.98435004694685e-05	7.85738764207842e-05
boot916	0.0621428571428571	7.76905065597668e-05	7.83801020408163e-05	7.84015123906706e-05
boot917	0.0741992882562278	8.09278915159748e-05	8.19075239675283e-05	7.95030924541738e-05
boot918	0.0612828300875469	7.90381045360153e-05	7.97091042257668e-05	7.95313234428512e-05
boot919	0.0599787685774947	7.77792802756951e-05	7.84157722573074e-05	7.88416122603549e-05
boot920	0.0561578105562467	8.06065039201977e-05	8.11669623681222e-05	7.83499986176953e-05
boot921	0.0660644704215374	8.0946524874703e-05	8.17195525495308e-05	8.05808606541898e-05
boot922	0.062047021389429	7.79091569778892e-05	7.85897001745129e-05	7.84289065777846e-05
boot923	0.0703723499020132	7.88174039423924e-05	7.96996892854766e-05	7.83231997453459e-05
boot924	0.0885673959068455	7.9297808770018e-05	8.06817508338359e-05	7.99195293817735e-05
boot925	0.0830505447401322	7.82926752667778e-05	7.95245725665872e-05	7.91667198608486e-05
boot926	0.0529672276350753	7.96196826851517e-05	8.01166759895531e-05	7.88739787013887e-05
boot927	0.0724199288256228	7.920128572865e-05	8.01344967768899e-05	7.93240545661512e-05
boot928	0.0499550763701707	7.91144269438158e-05	7.95628563517492e-05	7.92048392805791e-05
boot929	0.0550115720135304	7.87938870129847e-05	7.93326573628867e-05	7.88801299935557e-05
boot930	0.0575552387740556	7.76137497934874e-05	7.82040216235549e-05	7.8576592915159e-05
boot931	0.068412613575628	7.83897563772196e-05	7.92235860042013e-05	7.87007686756951e-05
boot932	0.0331913383031594	7.98562388448056e-05	8.00517775275096e-05	7.78535791754307e-05
boot933	0.0559502664298401	7.92309552692724e-05	7.97869823231925e-05	7.8534034406164e-05
boot934	0.0702721935598648	7.92274631663226e-05	8.01059867720361e-05	7.89190381765674e-05
boot935	0.0520426287744227	7.98737892276246e-05	8.03548612009376e-05	7.84014284681044e-05
boot936	0.0531650071123755	7.74945311242751e-05	7.79971125576426e-05	7.83454695523237e-05
boot937	0.0638977635782748	7.74053371226342e-05	7.81300308021346e-05	7.94862033182551e-05
boot938	0.077524893314367	7.99952280599825e-05	8.10638818799334e-05	7.9564328328798e-05
boot939	0.0721171010353445	7.84791595692198e-05	7.94075559029831e-05	7.89079205904824e-05
boot940	0.0480650291570949	8.04678897262134e-05	8.08761327069295e-05	7.8347381304671e-05
boot941	0.0655533842600817	7.94306418231536e-05	8.01940538302507e-05	7.98194879416473e-05
boot942	0.0645733546212524	7.93212997903485e-05	8.00610049752061e-05	7.99076106111563e-05
boot943	0.0601917613636364	7.75737602579961e-05	7.82170571571539e-05	7.80636513260054e-05
boot944	0.0714412024756852	7.90873941341183e-05	7.99899309000196e-05	7.90576332474768e-05
boot945	0.106251106782362	8.18552272358629e-05	8.38543945268983e-05	8.14528726055721e-05
boot946	0.0416666666666667	7.89016647359843e-05	7.92121280963404e-05	7.84634281092127e-05
boot947	0.0599250936329588	8.11065828514417e-05	8.17470352942666e-05	8.03156045696331e-05
boot948	0.0792747955918948	7.64770922635364e-05	7.75941369162447e-05	7.8432757139137e-05
boot949	0.0584702349408232	7.89357065608452e-05	7.95396225428334e-05	7.8030303876154e-05
boot950	0.0538475208814644	7.77776637669927e-05	7.82929570858269e-05	7.91397906277713e-05
boot951	0.0868477483917084	8.17427538830206e-05	8.3090597235542e-05	7.97972271782987e-05
boot952	0.0530989167110638	8.11501942324373e-05	8.16509036900626e-05	7.9062931234832e-05
boot953	0.0695482034863038	8.01030133953368e-05	8.09633749407249e-05	8.01526493136675e-05
boot954	0.0778389905811267	7.93953914701692e-05	8.04721479042706e-05	7.92566800248679e-05
boot955	0.0662533215234721	8.01863821342706e-05	8.09639733854473e-05	7.94671952818819e-05
boot956	0.0545036276765174	7.61955297045796e-05	7.67212146151972e-05	7.84346224726897e-05
boot957	0.0504276550249465	7.81319130585901e-05	7.85850399993091e-05	7.8407175977591e-05
boot958	0.0565770862800566	7.93331877599029e-05	7.98991295371202e-05	7.85585107381354e-05
boot959	0.0724046140195208	7.88095986306914e-05	7.97399319281742e-05	7.91213640133975e-05
boot960	0.0430681615945898	7.90411040850205e-05	7.93712102503769e-05	7.88470221321902e-05
boot961	0.0428189116859946	7.87408165480948e-05	7.9067927912586e-05	7.87378634593876e-05
boot962	0.0452279202279202	8.1501472576512e-05	8.18657113172783e-05	8.00852570696033e-05
boot963	0.0598898169539719	7.92346559206613e-05	7.98720808673078e-05	7.92633029715967e-05
boot964	0.06125	7.8252272002551e-05	7.8922193877551e-05	7.8400390625e-05
boot965	0.0588025659301497	8.14933263756113e-05	8.21094599750357e-05	7.97631281775142e-05
boot966	0.0456556361705893	7.79180920513655e-05	7.82869536889768e-05	7.91278035052116e-05
boot967	0.0813022593844512	7.73475324479508e-05	7.85234899966106e-05	8.00933008968002e-05
boot968	0.0584045584045584	8.0941259888671e-05	8.15486481440897e-05	8.03181426802519e-05
boot969	0.0679386590584879	8.0990225234162e-05	8.18132746982607e-05	7.98551550822834e-05
boot970	0.0738423028785982	8.08941730952591e-05	8.1869085609905e-05	8.0475067425126e-05
boot971	0.0633877840909091	7.83233188937966e-05	7.90367441729081e-05	7.858193408807e-05
boot972	0.0605579096045198	7.78104401138188e-05	7.84579084075457e-05	7.80090244274198e-05
boot973	0.0697136759736795	7.76982167103663e-05	7.85625234181314e-05	8.01005060877512e-05
boot974	0.0526128688233203	7.76076145005843e-05	7.80996361795427e-05	7.87452686260119e-05
boot975	0.0688793718772305	8.00327109846907e-05	8.08793148159187e-05	7.84343254968939e-05
boot976	0.0639350052984811	7.62629271922052e-05	7.69848778991139e-05	7.83556058041161e-05
boot977	0.0853004291845494	7.90622005250376e-05	8.03633742051285e-05	7.99760284299807e-05
boot978	0.0722934472934473	8.18862842909802e-05	8.28169008368439e-05	8.01565285350294e-05
boot979	0.0823949955317248	8.26416381618618e-05	8.38550314216782e-05	7.99359871836768e-05
boot980	0.063122332859175	8.02605644776234e-05	8.09690333441924e-05	7.97145445286282e-05
boot981	0.0697550585729499	7.9062117721442e-05	7.99257613487965e-05	7.95855076010811e-05
boot982	0.0255174875089222	8.17502321709582e-05	8.1866424563672e-05	7.91971928475398e-05
boot983	0.0457702582368655	7.66689860793979e-05	7.70420789625804e-05	7.79884161336569e-05
boot984	0.0670103092783505	7.80281432102812e-05	7.88262913705336e-05	7.84122992892415e-05
boot985	0.057557826788596	7.80802328166862e-05	7.86742624786238e-05	7.84187180562608e-05
boot986	0.0590530235857422	8.01091146650777e-05	8.07275327524368e-05	8.02433732212472e-05
boot987	0.0366939793373709	7.87651538952666e-05	7.90049914655572e-05	7.91667444880314e-05
boot988	0.0695405357459642	7.75666549560951e-05	7.84245378923796e-05	7.86238902708732e-05
boot989	0.057076813655761	7.84928018439725e-05	7.90720626293734e-05	7.89846065678204e-05
boot990	0.0826241134751773	8.00229227378077e-05	8.12333383632614e-05	7.89773063736323e-05
boot991	0.0588549075391181	7.76973603780407e-05	7.83132743434458e-05	7.94592764921817e-05
boot992	0.0514953105645019	7.86631965491903e-05	7.91324527888177e-05	7.78603278888984e-05
boot993	0.0480341576231987	7.71318669382823e-05	7.75423419958468e-05	7.84655448825174e-05
boot994	0.0695714541868388	7.70025959862335e-05	7.78704796580412e-05	7.86271567986741e-05
boot995	0.047636039250669	7.93315251538051e-05	7.97363765785137e-05	7.9925891046299e-05
boot996	0.0570816981805209	7.97949223591357e-05	8.03761425280925e-05	7.92494267970481e-05
boot997	0.0708968450903935	7.80858399059468e-05	7.89767230402558e-05	7.82308534081339e-05
boot998	0.0471512770137525	7.93507880211549e-05	7.97478665930477e-05	7.9279708586712e-05
boot999	0.0702779252965127	7.95049883474234e-05	8.03793000457739e-05	7.88056233084062e-05
boot1000	0.0739030023094688	8.0580864721634e-05	8.15511354180905e-05	7.93684300324738e-05
