V1	V2	V3	V4
boot1	NA	NA	NA	NA
boot2	NA	NA	NA	NA
boot3	NA	NA	NA	NA
boot4	NA	NA	NA	NA
boot5	NA	NA	NA	NA
boot6	NA	NA	NA	NA
boot7	NA	NA	NA	NA
boot8	NA	NA	NA	NA
boot9	NA	NA	NA	NA
boot10	NA	NA	NA	NA
boot11	NA	NA	NA	NA
boot12	NA	NA	NA	NA
boot13	NA	NA	NA	NA
boot14	NA	NA	NA	NA
boot15	NA	NA	NA	NA
boot16	NA	NA	NA	NA
boot17	NA	NA	NA	NA
boot18	NA	NA	NA	NA
boot19	NA	NA	NA	NA
boot20	NA	NA	NA	NA
boot21	NA	NA	NA	NA
boot22	NA	NA	NA	NA
boot23	NA	NA	NA	NA
boot24	NA	NA	NA	NA
boot25	NA	NA	NA	NA
boot26	NA	NA	NA	NA
boot27	NA	NA	NA	NA
boot28	NA	NA	NA	NA
boot29	NA	NA	NA	NA
boot30	NA	NA	NA	NA
boot31	NA	NA	NA	NA
boot32	NA	NA	NA	NA
boot33	NA	NA	NA	NA
boot34	NA	NA	NA	NA
boot35	NA	NA	NA	NA
boot36	NA	NA	NA	NA
boot37	NA	NA	NA	NA
boot38	NA	NA	NA	NA
boot39	NA	NA	NA	NA
boot40	NA	NA	NA	NA
boot41	NA	NA	NA	NA
boot42	NA	NA	NA	NA
boot43	NA	NA	NA	NA
boot44	NA	NA	NA	NA
boot45	NA	NA	NA	NA
boot46	NA	NA	NA	NA
boot47	NA	NA	NA	NA
boot48	NA	NA	NA	NA
boot49	NA	NA	NA	NA
boot50	NA	NA	NA	NA
boot51	NA	NA	NA	NA
boot52	NA	NA	NA	NA
boot53	NA	NA	NA	NA
boot54	NA	NA	NA	NA
boot55	NA	NA	NA	NA
boot56	NA	NA	NA	NA
boot57	NA	NA	NA	NA
boot58	NA	NA	NA	NA
boot59	NA	NA	NA	NA
boot60	NA	NA	NA	NA
boot61	NA	NA	NA	NA
boot62	NA	NA	NA	NA
boot63	NA	NA	NA	NA
boot64	NA	NA	NA	NA
boot65	NA	NA	NA	NA
boot66	NA	NA	NA	NA
boot67	NA	NA	NA	NA
boot68	NA	NA	NA	NA
boot69	NA	NA	NA	NA
boot70	NA	NA	NA	NA
boot71	NA	NA	NA	NA
boot72	NA	NA	NA	NA
boot73	NA	NA	NA	NA
boot74	NA	NA	NA	NA
boot75	NA	NA	NA	NA
boot76	NA	NA	NA	NA
boot77	NA	NA	NA	NA
boot78	NA	NA	NA	NA
boot79	NA	NA	NA	NA
boot80	NA	NA	NA	NA
boot81	NA	NA	NA	NA
boot82	NA	NA	NA	NA
boot83	NA	NA	NA	NA
boot84	NA	NA	NA	NA
boot85	NA	NA	NA	NA
boot86	NA	NA	NA	NA
boot87	NA	NA	NA	NA
boot88	NA	NA	NA	NA
boot89	NA	NA	NA	NA
boot90	NA	NA	NA	NA
boot91	NA	NA	NA	NA
boot92	NA	NA	NA	NA
boot93	NA	NA	NA	NA
boot94	NA	NA	NA	NA
boot95	NA	NA	NA	NA
boot96	NA	NA	NA	NA
boot97	NA	NA	NA	NA
boot98	NA	NA	NA	NA
boot99	NA	NA	NA	NA
boot100	NA	NA	NA	NA
boot101	NA	NA	NA	NA
boot102	NA	NA	NA	NA
boot103	NA	NA	NA	NA
boot104	NA	NA	NA	NA
boot105	NA	NA	NA	NA
boot106	NA	NA	NA	NA
boot107	NA	NA	NA	NA
boot108	NA	NA	NA	NA
boot109	NA	NA	NA	NA
boot110	NA	NA	NA	NA
boot111	NA	NA	NA	NA
boot112	NA	NA	NA	NA
boot113	NA	NA	NA	NA
boot114	NA	NA	NA	NA
boot115	NA	NA	NA	NA
boot116	NA	NA	NA	NA
boot117	NA	NA	NA	NA
boot118	NA	NA	NA	NA
boot119	NA	NA	NA	NA
boot120	NA	NA	NA	NA
boot121	NA	NA	NA	NA
boot122	NA	NA	NA	NA
boot123	NA	NA	NA	NA
boot124	NA	NA	NA	NA
boot125	NA	NA	NA	NA
boot126	NA	NA	NA	NA
boot127	NA	NA	NA	NA
boot128	NA	NA	NA	NA
boot129	NA	NA	NA	NA
boot130	NA	NA	NA	NA
boot131	NA	NA	NA	NA
boot132	NA	NA	NA	NA
boot133	NA	NA	NA	NA
boot134	NA	NA	NA	NA
boot135	NA	NA	NA	NA
boot136	NA	NA	NA	NA
boot137	NA	NA	NA	NA
boot138	NA	NA	NA	NA
boot139	NA	NA	NA	NA
boot140	NA	NA	NA	NA
boot141	NA	NA	NA	NA
boot142	NA	NA	NA	NA
boot143	NA	NA	NA	NA
boot144	NA	NA	NA	NA
boot145	NA	NA	NA	NA
boot146	NA	NA	NA	NA
boot147	NA	NA	NA	NA
boot148	NA	NA	NA	NA
boot149	NA	NA	NA	NA
boot150	NA	NA	NA	NA
boot151	NA	NA	NA	NA
boot152	NA	NA	NA	NA
boot153	NA	NA	NA	NA
boot154	NA	NA	NA	NA
boot155	NA	NA	NA	NA
boot156	NA	NA	NA	NA
boot157	NA	NA	NA	NA
boot158	NA	NA	NA	NA
boot159	NA	NA	NA	NA
boot160	NA	NA	NA	NA
boot161	NA	NA	NA	NA
boot162	NA	NA	NA	NA
boot163	NA	NA	NA	NA
boot164	NA	NA	NA	NA
boot165	NA	NA	NA	NA
boot166	NA	NA	NA	NA
boot167	NA	NA	NA	NA
boot168	NA	NA	NA	NA
boot169	NA	NA	NA	NA
boot170	NA	NA	NA	NA
boot171	NA	NA	NA	NA
boot172	NA	NA	NA	NA
boot173	NA	NA	NA	NA
boot174	NA	NA	NA	NA
boot175	NA	NA	NA	NA
boot176	NA	NA	NA	NA
boot177	NA	NA	NA	NA
boot178	NA	NA	NA	NA
boot179	NA	NA	NA	NA
boot180	NA	NA	NA	NA
boot181	NA	NA	NA	NA
boot182	NA	NA	NA	NA
boot183	NA	NA	NA	NA
boot184	NA	NA	NA	NA
boot185	NA	NA	NA	NA
boot186	NA	NA	NA	NA
boot187	NA	NA	NA	NA
boot188	NA	NA	NA	NA
boot189	NA	NA	NA	NA
boot190	NA	NA	NA	NA
boot191	NA	NA	NA	NA
boot192	NA	NA	NA	NA
boot193	NA	NA	NA	NA
boot194	NA	NA	NA	NA
boot195	NA	NA	NA	NA
boot196	NA	NA	NA	NA
boot197	NA	NA	NA	NA
boot198	NA	NA	NA	NA
boot199	NA	NA	NA	NA
boot200	NA	NA	NA	NA
boot201	NA	NA	NA	NA
boot202	NA	NA	NA	NA
boot203	NA	NA	NA	NA
boot204	NA	NA	NA	NA
boot205	NA	NA	NA	NA
boot206	NA	NA	NA	NA
boot207	NA	NA	NA	NA
boot208	NA	NA	NA	NA
boot209	NA	NA	NA	NA
boot210	NA	NA	NA	NA
boot211	NA	NA	NA	NA
boot212	NA	NA	NA	NA
boot213	NA	NA	NA	NA
boot214	NA	NA	NA	NA
boot215	NA	NA	NA	NA
boot216	NA	NA	NA	NA
boot217	NA	NA	NA	NA
boot218	NA	NA	NA	NA
boot219	NA	NA	NA	NA
boot220	NA	NA	NA	NA
boot221	NA	NA	NA	NA
boot222	NA	NA	NA	NA
boot223	NA	NA	NA	NA
boot224	NA	NA	NA	NA
boot225	NA	NA	NA	NA
boot226	NA	NA	NA	NA
boot227	NA	NA	NA	NA
boot228	NA	NA	NA	NA
boot229	NA	NA	NA	NA
boot230	NA	NA	NA	NA
boot231	NA	NA	NA	NA
boot232	NA	NA	NA	NA
boot233	NA	NA	NA	NA
boot234	NA	NA	NA	NA
boot235	NA	NA	NA	NA
boot236	NA	NA	NA	NA
boot237	NA	NA	NA	NA
boot238	NA	NA	NA	NA
boot239	NA	NA	NA	NA
boot240	NA	NA	NA	NA
boot241	NA	NA	NA	NA
boot242	NA	NA	NA	NA
boot243	NA	NA	NA	NA
boot244	NA	NA	NA	NA
boot245	NA	NA	NA	NA
boot246	NA	NA	NA	NA
boot247	NA	NA	NA	NA
boot248	NA	NA	NA	NA
boot249	NA	NA	NA	NA
boot250	NA	NA	NA	NA
boot251	NA	NA	NA	NA
boot252	NA	NA	NA	NA
boot253	NA	NA	NA	NA
boot254	NA	NA	NA	NA
boot255	NA	NA	NA	NA
boot256	NA	NA	NA	NA
boot257	NA	NA	NA	NA
boot258	NA	NA	NA	NA
boot259	NA	NA	NA	NA
boot260	NA	NA	NA	NA
boot261	NA	NA	NA	NA
boot262	NA	NA	NA	NA
boot263	NA	NA	NA	NA
boot264	NA	NA	NA	NA
boot265	NA	NA	NA	NA
boot266	NA	NA	NA	NA
boot267	NA	NA	NA	NA
boot268	NA	NA	NA	NA
boot269	NA	NA	NA	NA
boot270	NA	NA	NA	NA
boot271	NA	NA	NA	NA
boot272	NA	NA	NA	NA
boot273	NA	NA	NA	NA
boot274	NA	NA	NA	NA
boot275	NA	NA	NA	NA
boot276	NA	NA	NA	NA
boot277	NA	NA	NA	NA
boot278	NA	NA	NA	NA
boot279	NA	NA	NA	NA
boot280	NA	NA	NA	NA
boot281	NA	NA	NA	NA
boot282	NA	NA	NA	NA
boot283	NA	NA	NA	NA
boot284	NA	NA	NA	NA
boot285	NA	NA	NA	NA
boot286	NA	NA	NA	NA
boot287	NA	NA	NA	NA
boot288	NA	NA	NA	NA
boot289	NA	NA	NA	NA
boot290	NA	NA	NA	NA
boot291	NA	NA	NA	NA
boot292	NA	NA	NA	NA
boot293	NA	NA	NA	NA
boot294	NA	NA	NA	NA
boot295	NA	NA	NA	NA
boot296	NA	NA	NA	NA
boot297	NA	NA	NA	NA
boot298	NA	NA	NA	NA
boot299	NA	NA	NA	NA
boot300	NA	NA	NA	NA
boot301	NA	NA	NA	NA
boot302	NA	NA	NA	NA
boot303	NA	NA	NA	NA
boot304	NA	NA	NA	NA
boot305	NA	NA	NA	NA
boot306	NA	NA	NA	NA
boot307	NA	NA	NA	NA
boot308	NA	NA	NA	NA
boot309	NA	NA	NA	NA
boot310	NA	NA	NA	NA
boot311	NA	NA	NA	NA
boot312	NA	NA	NA	NA
boot313	NA	NA	NA	NA
boot314	NA	NA	NA	NA
boot315	NA	NA	NA	NA
boot316	NA	NA	NA	NA
boot317	NA	NA	NA	NA
boot318	NA	NA	NA	NA
boot319	NA	NA	NA	NA
boot320	NA	NA	NA	NA
boot321	NA	NA	NA	NA
boot322	NA	NA	NA	NA
boot323	NA	NA	NA	NA
boot324	NA	NA	NA	NA
boot325	NA	NA	NA	NA
boot326	NA	NA	NA	NA
boot327	NA	NA	NA	NA
boot328	NA	NA	NA	NA
boot329	NA	NA	NA	NA
boot330	NA	NA	NA	NA
boot331	NA	NA	NA	NA
boot332	NA	NA	NA	NA
boot333	NA	NA	NA	NA
boot334	NA	NA	NA	NA
boot335	NA	NA	NA	NA
boot336	NA	NA	NA	NA
boot337	NA	NA	NA	NA
boot338	NA	NA	NA	NA
boot339	NA	NA	NA	NA
boot340	NA	NA	NA	NA
boot341	NA	NA	NA	NA
boot342	NA	NA	NA	NA
boot343	NA	NA	NA	NA
boot344	NA	NA	NA	NA
boot345	NA	NA	NA	NA
boot346	NA	NA	NA	NA
boot347	NA	NA	NA	NA
boot348	NA	NA	NA	NA
boot349	NA	NA	NA	NA
boot350	NA	NA	NA	NA
boot351	NA	NA	NA	NA
boot352	NA	NA	NA	NA
boot353	NA	NA	NA	NA
boot354	NA	NA	NA	NA
boot355	NA	NA	NA	NA
boot356	NA	NA	NA	NA
boot357	NA	NA	NA	NA
boot358	NA	NA	NA	NA
boot359	NA	NA	NA	NA
boot360	NA	NA	NA	NA
boot361	NA	NA	NA	NA
boot362	NA	NA	NA	NA
boot363	NA	NA	NA	NA
boot364	NA	NA	NA	NA
boot365	NA	NA	NA	NA
boot366	NA	NA	NA	NA
boot367	NA	NA	NA	NA
boot368	NA	NA	NA	NA
boot369	NA	NA	NA	NA
boot370	NA	NA	NA	NA
boot371	NA	NA	NA	NA
boot372	NA	NA	NA	NA
boot373	NA	NA	NA	NA
boot374	NA	NA	NA	NA
boot375	NA	NA	NA	NA
boot376	NA	NA	NA	NA
boot377	NA	NA	NA	NA
boot378	NA	NA	NA	NA
boot379	NA	NA	NA	NA
boot380	NA	NA	NA	NA
boot381	NA	NA	NA	NA
boot382	NA	NA	NA	NA
boot383	NA	NA	NA	NA
boot384	NA	NA	NA	NA
boot385	NA	NA	NA	NA
boot386	NA	NA	NA	NA
boot387	NA	NA	NA	NA
boot388	NA	NA	NA	NA
boot389	NA	NA	NA	NA
boot390	NA	NA	NA	NA
boot391	NA	NA	NA	NA
boot392	NA	NA	NA	NA
boot393	NA	NA	NA	NA
boot394	NA	NA	NA	NA
boot395	NA	NA	NA	NA
boot396	NA	NA	NA	NA
boot397	NA	NA	NA	NA
boot398	NA	NA	NA	NA
boot399	NA	NA	NA	NA
boot400	NA	NA	NA	NA
boot401	NA	NA	NA	NA
boot402	NA	NA	NA	NA
boot403	NA	NA	NA	NA
boot404	NA	NA	NA	NA
boot405	NA	NA	NA	NA
boot406	NA	NA	NA	NA
boot407	NA	NA	NA	NA
boot408	NA	NA	NA	NA
boot409	NA	NA	NA	NA
boot410	NA	NA	NA	NA
boot411	NA	NA	NA	NA
boot412	NA	NA	NA	NA
boot413	NA	NA	NA	NA
boot414	NA	NA	NA	NA
boot415	NA	NA	NA	NA
boot416	NA	NA	NA	NA
boot417	NA	NA	NA	NA
boot418	NA	NA	NA	NA
boot419	NA	NA	NA	NA
boot420	NA	NA	NA	NA
boot421	NA	NA	NA	NA
boot422	NA	NA	NA	NA
boot423	NA	NA	NA	NA
boot424	NA	NA	NA	NA
boot425	NA	NA	NA	NA
boot426	NA	NA	NA	NA
boot427	NA	NA	NA	NA
boot428	NA	NA	NA	NA
boot429	NA	NA	NA	NA
boot430	NA	NA	NA	NA
boot431	NA	NA	NA	NA
boot432	NA	NA	NA	NA
boot433	NA	NA	NA	NA
boot434	NA	NA	NA	NA
boot435	NA	NA	NA	NA
boot436	NA	NA	NA	NA
boot437	NA	NA	NA	NA
boot438	NA	NA	NA	NA
boot439	NA	NA	NA	NA
boot440	NA	NA	NA	NA
boot441	NA	NA	NA	NA
boot442	NA	NA	NA	NA
boot443	NA	NA	NA	NA
boot444	NA	NA	NA	NA
boot445	NA	NA	NA	NA
boot446	NA	NA	NA	NA
boot447	NA	NA	NA	NA
boot448	NA	NA	NA	NA
boot449	NA	NA	NA	NA
boot450	NA	NA	NA	NA
boot451	NA	NA	NA	NA
boot452	NA	NA	NA	NA
boot453	NA	NA	NA	NA
boot454	NA	NA	NA	NA
boot455	NA	NA	NA	NA
boot456	NA	NA	NA	NA
boot457	NA	NA	NA	NA
boot458	NA	NA	NA	NA
boot459	NA	NA	NA	NA
boot460	NA	NA	NA	NA
boot461	NA	NA	NA	NA
boot462	NA	NA	NA	NA
boot463	NA	NA	NA	NA
boot464	NA	NA	NA	NA
boot465	NA	NA	NA	NA
boot466	NA	NA	NA	NA
boot467	NA	NA	NA	NA
boot468	NA	NA	NA	NA
boot469	NA	NA	NA	NA
boot470	NA	NA	NA	NA
boot471	NA	NA	NA	NA
boot472	NA	NA	NA	NA
boot473	NA	NA	NA	NA
boot474	NA	NA	NA	NA
boot475	NA	NA	NA	NA
boot476	NA	NA	NA	NA
boot477	NA	NA	NA	NA
boot478	NA	NA	NA	NA
boot479	NA	NA	NA	NA
boot480	NA	NA	NA	NA
boot481	NA	NA	NA	NA
boot482	NA	NA	NA	NA
boot483	NA	NA	NA	NA
boot484	NA	NA	NA	NA
boot485	NA	NA	NA	NA
boot486	NA	NA	NA	NA
boot487	NA	NA	NA	NA
boot488	NA	NA	NA	NA
boot489	NA	NA	NA	NA
boot490	NA	NA	NA	NA
boot491	NA	NA	NA	NA
boot492	NA	NA	NA	NA
boot493	NA	NA	NA	NA
boot494	NA	NA	NA	NA
boot495	NA	NA	NA	NA
boot496	NA	NA	NA	NA
boot497	NA	NA	NA	NA
boot498	NA	NA	NA	NA
boot499	NA	NA	NA	NA
boot500	NA	NA	NA	NA
boot501	0.0621208685250843	0.000164785011989309	0.000166561623097128	0.000114546831948528
boot502	0.0606542780938435	0.000167696996873619	0.00016938578440124	0.000113596219438883
boot503	0.0315604591876953	0.000172588792030857	0.000173049812764291	0.000113139406821299
boot504	0.0597156806175411	0.000162264753128675	0.000163901539328474	0.00011439372288261
boot505	0.0678596368790514	0.000165380213377094	0.000167466273974736	0.000113053765905322
boot506	0.0585433725832625	0.000169785674510555	0.000171356663961451	0.000114168606444738
boot507	0.0545262265443966	0.000168421756827523	0.000169776787718479	0.000113079324330616
boot508	0.0548493742856748	0.000164236856915012	0.000165615415309033	0.000114333000052707
boot509	0.058508488178081	0.000170287848432279	0.000171863025504927	0.000113256273050336
boot510	0.0844652812132486	0.000158595601571685	0.000161873516771746	0.000111043876413781
boot511	0.0786531973090241	0.000156667880060988	0.000159514666407071	0.000113908896763358
boot512	0.085698021466692	0.00016660805241744	0.000170012107501968	0.000114544932109971
boot513	0.0505449495670133	0.000173119919068625	0.000174294036014702	0.000113557980227211
boot514	0.0620795364183539	0.000169857884012118	0.000171635900594843	0.000112026907412275
boot515	0.0797787730868249	0.000160439919811448	0.000163356789673804	0.000113500835104203
boot516	0.0567442592561092	0.000161766396720243	0.000163230956958715	0.000112314276172191
boot517	0.0547653065282674	0.000161018303443937	0.000162388326887802	0.000112253689984919
boot518	0.0752290001593053	0.000160420395920691	0.000163001946422783	0.000112661263784425
boot519	0.0586862647073467	0.000164727314451925	0.000166290367915132	0.000114613201738019
boot520	0.0639463754741555	0.000166621373421745	0.000168493871310849	0.000113716297071042
boot521	0.0790647675381826	0.000167907677580886	0.000170770912834298	0.000111342722267874
boot522	0.0729750275849163	0.00016524560701708	0.000167695457006978	0.0001138616389073
boot523	0.0672669949929124	0.000165769328715137	0.000167856109299464	0.000115517792618756
boot524	0.0683744986933517	0.000170005290910314	0.000172135117740322	0.000113409377422788
boot525	0.048246857706514	0.000161837460940117	0.000162893956724089	0.000114150581388968
boot526	0.0768163985848817	0.00016690595091985	0.000169620601834162	0.000112680263193924
boot527	0.0738913795272294	0.00016911981060362	0.00017165512288124	0.000113025709890762
boot528	0.0421983612780104	0.000172433665686655	0.000173256646980777	0.00011422371087029
boot529	0.0726037094183879	0.000165867769297791	0.000168280355064269	0.0001125169958176
boot530	0.06605010809427	0.000170200174146153	0.000172207893489577	0.000114013822795504
boot531	0.0616516958569036	0.000164431355523082	0.000166176414990518	0.000114627394797665
boot532	0.0642434647667856	0.00016728163339123	0.000169173332301613	0.000111812741048674
boot533	0.081398915747537	0.00017329266562442	0.000176326585883948	0.000113361343559837
boot534	0.0497606127774679	0.000165926169045207	0.000167053891853462	0.000114928383632748
boot535	0.0554905049480657	0.00016466971932217	0.000166083157258159	0.000114240781188864
boot536	0.0661819239206025	0.000162261936437084	0.000164236621618932	0.000113863737987014
boot537	0.0692167028194631	0.000167534242216638	0.000169718703960628	0.000113715290030636
boot538	0.0741486731511639	0.000161548018652304	0.000164042145602407	0.000113635662849565
boot539	0.0804389536839428	0.000166057567755099	0.000169025507530464	0.000114625897188947
boot540	0.0644774705079862	0.000161188506678238	0.000163072578326191	0.00011459490195821
boot541	0.0592593302446303	0.00016239087498542	0.000163995208201067	0.000115771816712153
boot542	0.0615240400791721	0.000164858007940756	0.000166589478536352	0.000114674871257184
boot543	0.0706502368572314	0.000170059957772593	0.000172360402228618	0.000113212298315502
boot544	0.0569747147420099	0.000163163266698397	0.000164616896797704	0.000114109555324954
boot545	0.0409458690849363	0.000162506896315625	0.000163265485857368	0.000116158740642023
boot546	0.058010519811048	0.000163005839696797	0.000164531328189651	0.000112611178922189
boot547	0.0899853203719188	0.000162507645112464	0.000166226106731318	0.000113547764984276
boot548	0.0568803950077941	0.000168182734818287	0.000169670133975824	0.000113237394428643
boot549	0.0513225331488733	0.000169412790954138	0.000170634643952537	0.000114737419546461
boot550	0.0564270174312479	0.000165584668602434	0.000167052291903464	0.000113566489691716
boot551	0.0510238580361359	0.000158794639759103	0.000159980162998358	0.000111675257047319
boot552	0.0616239339252633	0.000162264412783254	0.000164002299431033	0.000115362760038382
boot553	0.0521110312917705	0.000167685304745217	0.000168941211319494	0.000114227843319459
boot554	0.0631098136862453	0.000168288541884135	0.000170100975846504	0.00011235308411971
boot555	0.0485263695497021	0.000165084919243108	0.000166167519798776	0.000111164698118917
boot556	0.0808811763340807	0.000159225891781491	0.000162215230166858	0.000112578521833729
boot557	0.0677611352880273	0.000161411954049608	0.000163497458417468	0.000113638331198912
boot558	0.0933797633861475	0.000152486554600288	0.000156506000926072	0.00011151229472975
boot559	0.0618234808539645	0.00016895477035537	0.000170709965308096	0.000114124456336657
boot560	0.051142861522042	0.000162903436519249	0.000164091613422695	0.000113859995606718
boot561	0.0637187249968826	0.000164535505457906	0.00016639432531778	0.000114933756440712
boot562	0.0744183591692744	0.000165651277483448	0.000168180611957675	0.000113169031210345
boot563	0.0545976142796125	0.000166034900899983	0.000167392508848591	0.000111904759660104
boot564	0.0511877502029366	0.000166313635823874	0.00016750619589348	0.000114303776504036
boot565	0.0694319786895177	0.000163357894069788	0.000165542997538488	0.000113133129473925
boot566	0.0662808638604137	0.000171060058230945	0.000173072023598476	0.000113845661963101
boot567	0.0588171726277931	0.000166787903616001	0.000168385544576165	0.000113368722986561
boot568	0.0552641354607066	0.000168194016489591	0.000169602677712019	0.000112740233726898
boot569	0.074300515873459	0.000163265800503655	0.000165795226289953	0.000111995133657962
boot570	0.0794251932270225	0.000165856398265585	0.000168723515556337	0.00011412155231854
boot571	0.0722260069372393	0.000173972257788657	0.000176389251523196	0.000116212321074698
boot572	0.0901739191930888	0.000167981988250416	0.000171686021518008	0.000112924066673317
boot573	0.0677924828794214	0.000167441801556787	0.000169542773922594	0.000113953857131096
boot574	0.0830254694753427	0.000164634118185417	0.00016782449174901	0.000115063913220115
boot575	0.0508760667064086	0.000168689282894118	0.000169884184316318	0.000112664277736883
boot576	0.0630295511769689	0.00016743399750867	0.000169236609855928	0.000114600573975354
boot577	0.0660649236849921	0.000168008264911404	0.000170015310322437	0.000111438637258579
boot578	0.0509145096277953	0.000171662295242523	0.000172855299260206	0.000115587256644177
boot579	0.0492795463309213	0.000171184435514138	0.000172294446421501	0.00011521372709337
boot580	0.0643387164953298	0.000164014563803694	0.000165929599396753	0.000113252077855656
boot581	0.0753804916757835	0.000167104574924044	0.000169700252063579	0.000113611585653763
boot582	0.0623229043364713	0.000170141131470399	0.000171936433559393	0.000115717239766952
boot583	0.060895024499743	0.000164171799315885	0.00016589191665052	0.000117038874774701
boot584	0.0720537542210658	0.000168890044084816	0.000171238576357411	0.000113961591181231
boot585	0.0632603342498498	0.000167247700551986	0.000169088680844403	0.000111198698905347
boot586	0.0564555432722585	0.000163487710014624	0.000164943015590205	0.000113909571336795
boot587	0.0477257801265698	0.000165625886607677	0.000166652201054875	0.00011454412938823
boot588	0.0573057932997849	0.000173071980269326	0.000174603258511632	0.000117245728553328
boot589	0.0726661237940573	0.000166453951381675	0.000168891361882574	0.000113520668432697
boot590	0.0689477487044698	0.000164029009607146	0.000166185843108895	0.00011410618353078
boot591	0.0805008993761904	0.000167500578099455	0.000170486048629834	0.000114257936687518
boot592	0.0643315479468784	0.000163534063104085	0.000165450886795138	0.000115577248874099
boot593	0.0421854966444987	0.000169712799319203	0.000170533447258359	0.000114838328336888
boot594	0.0470216122866566	0.000160129202916615	0.000161144785461435	0.000110768288735518
boot595	0.0804287431417189	0.000163353161595696	0.000166303059446406	0.000111575887126445
boot596	0.0737620600168177	0.000170466840511487	0.00017297119105171	0.000115890119830871
boot597	0.0524090010092582	0.000164633054856935	0.000165908006360872	0.000117870644020642
boot598	0.0676678683940336	0.000163834095075052	0.000165940166563748	0.00011363832573054
boot599	0.0478740834802467	0.000168863900183545	0.00016990953390762	0.000115604475763263
boot600	0.0761144729104642	0.000159933946774155	0.000162573656636716	0.00011377459508293
boot601	0.0550107132769905	0.000161172546287859	0.000162557334083872	0.000113769868093556
boot602	0.0593884718862396	0.000167897931380121	0.00016951435240057	0.000114500676048566
boot603	0.0533486142428194	0.000162725803051263	0.000164038122602572	0.000114410347872897
boot604	0.0716071439977388	0.00016596109950629	0.000168291828714778	0.000114117777797113
boot605	0.0650409107266593	0.000168566315864246	0.000170506476907312	0.00011271488112509
boot606	0.0555537604135973	0.000165579715717413	0.000166989771833385	0.000113258906148163
boot607	0.0575916512712026	0.00016830415885302	0.000169816643109941	0.000112285946002805
boot608	0.0721533647383757	0.000165339146335221	0.000167735296604408	0.00011338142603211
boot609	0.0723747206652617	0.000156599436129138	0.000158983470124089	0.000112787099946928
boot610	0.0739308065648211	0.000164546515730011	0.000167043064509806	0.000115929472043304
boot611	0.0734349191825989	0.000165571914598031	0.0001680242234509	0.000112305376059809
boot612	0.0630262831864897	0.000159143873478231	0.000160959772857271	0.000110737079820881
boot613	0.062514169862577	0.000160976341425269	0.000162749629502646	0.000113784370616818
boot614	0.053778275370867	0.00015808711402648	0.000159403911879115	0.000114109072351474
boot615	0.0677680882775077	0.000164809581366079	0.000166928116341788	0.000114057010365567
boot616	0.0657795566093126	0.000161193461327955	0.000163167574611705	0.000111640723659044
boot617	0.0677936710147545	0.000163110616885536	0.000165229863133958	0.000111136042997934
boot618	0.0493615459766455	0.000171254687950151	0.000172370957260673	0.00011444569811423
boot619	0.0742931761221173	0.000165242142462421	0.000167764834869905	0.000114175610751412
boot620	0.0632221669530064	0.000165411529779594	0.000167243023456177	0.000113379512066259
boot621	0.0556470416342833	0.000163764078523711	0.000165170333920086	0.0001135498272463
boot622	0.0666831612017529	0.000165153742344072	0.000167207270917343	0.000113517476835607
boot623	0.0567778549194461	0.000157747515577784	0.000159212601080083	0.000110702386052276
boot624	0.0455832234567469	0.000162935048354357	0.000163886709680839	0.000112207148785297
boot625	0.0491096177092353	0.000168064097425842	0.000169181405595046	0.00011682481807095
boot626	0.0523586854364728	0.00016498958846183	0.000166254721107389	0.000116935333366776
boot627	0.0537170587823559	0.000164913699906205	0.000166247931559133	0.000111938929929001
boot628	0.0662742285980325	0.00016388777277048	0.000165905493768193	0.000111659664157144
boot629	0.0689971518726153	0.000167012919063887	0.000169182521902318	0.000112726834235782
boot630	0.0554839262596361	0.000164323374290215	0.000165733534574147	0.000114098245266355
boot631	0.0551482220771633	0.000159892051126742	0.000161271602439306	0.000113580846793252
boot632	0.05430877831256	0.00016089696692636	0.000162259689569812	0.00011378641789896
boot633	0.0536505554334265	0.000169862520249442	0.000171185031140121	0.000115983245575843
boot634	0.0723971553639655	0.000165001385835201	0.000167411304178786	0.000112303116303328
boot635	0.061040346906377	0.000164624752116982	0.000166312545440498	0.000112553086888249
boot636	0.0643559479263957	0.000164306127279226	0.000166210251228001	0.00011208385683552
boot637	0.0791870287279218	0.000161507900327121	0.000164343160767095	0.000114483902524564
boot638	0.0827924420200524	0.000162256216141886	0.000165406361632507	0.000115495448381704
boot639	0.0766979265831611	0.000167447287562181	0.000170148213629238	0.000114137679795425
boot640	0.0660999923738839	0.000163921567473377	0.000165901004192496	0.000117818301119857
boot641	0.0772803815080612	0.000164875300122351	0.000167584412059115	0.000109367368564764
boot642	0.0713161049409505	0.000165296099623316	0.000167600572283328	0.000113632736197865
boot643	0.0572784908446974	0.00017196201004668	0.000173468090746863	0.00011232997315959
boot644	0.0787365198776663	0.000164563912319433	0.000167402830838285	0.000113324239879756
boot645	0.0565843880424711	0.000171791268927509	0.00017327398830962	0.000113272085890202
boot646	0.0641928446928133	0.000165043718256773	0.000166933954750781	0.000114940450767396
boot647	0.0527059130321816	0.000162439262155712	0.000163709083513293	0.000112884846939082
boot648	0.0524525672529559	0.000163758525852858	0.000165020937449317	0.000113393054583121
boot649	0.0748563096247242	0.000171599126404043	0.000174172485409689	0.000115641179433484
boot650	0.0699900261131311	0.000170295891706611	0.000172519741594752	0.000113103527619247
boot651	0.0697059352444706	0.000170650463745032	0.000172889564977543	0.000115503245158603
boot652	0.0505164636909784	0.000168553635127222	0.000169712901122643	0.000114796683143065
boot653	0.0631866877118651	0.000163428563071619	0.000165262825639166	0.0001138720619671
boot654	0.066091131593877	0.000162171750547277	0.000164159864174965	0.000114291439378774
boot655	0.058509201994752	0.000162401706977424	0.000163956710820682	0.000112279226257173
boot656	0.0913876524817151	0.000165996743415997	0.000169794034587775	0.000114442996116008
boot657	0.0695239120023882	0.000166689710645888	0.000168888228729075	0.000111887632042404
boot658	0.0738928605562535	0.000163530440224738	0.00016602536441323	0.000115638095934372
boot659	0.0808321494688347	0.000160619493755691	0.00016355474867704	0.000112553000615972
boot660	0.0704734899218915	0.00016455028609211	0.000166814100718508	0.000114323475910438
boot661	0.0669844164190266	0.000166022141361768	0.000168075973927698	0.000113232603063122
boot662	0.053136346427311	0.000161290422790875	0.000162578709458705	0.000115065874164291
boot663	0.0914113566832098	0.000164260212421062	0.00016811424879103	0.000114446446145068
boot664	0.0571033657508656	0.000164633748622735	0.000166124427790868	0.000112870668178085
boot665	0.0738337352060659	0.000158356929921782	0.000160826032041741	0.000114108461670722
boot666	0.0509771121163112	0.000168234242284544	0.000169417700176134	0.000113631793832929
boot667	0.0715623275059512	0.000167743519948141	0.000170106513439142	0.000113517069037407
boot668	0.0636212987268572	0.000169381192086379	0.00017122605514001	0.000113460062260717
boot669	0.0555644260054992	0.000162613937108195	0.000164031766740352	0.000114634199740368
boot670	0.0492553375615661	0.00016882921433033	0.000169947639677886	0.000116571321696867
boot671	0.0640438094225055	0.000167478401364877	0.000169366303513124	0.000115541847971509
boot672	0.0679588318707772	0.000163156205579945	0.000165271180928798	0.000111087127332635
boot673	0.0871479650083623	0.000156914277619329	0.00016036263591096	0.00011035827405349
boot674	0.0549135161612246	0.000166234136075307	0.000167610340933694	0.000113657041198996
boot675	0.0603871510132332	0.000166397168629927	0.000168066886798764	0.000114068506644272
boot676	0.0692055279663437	0.000160277306003215	0.00016248223060027	0.000113405101583135
boot677	0.0510340869818274	0.00016242574292947	0.000163617047604295	0.000112675922231689
boot678	0.076727044146024	0.000165952175447069	0.000168644092446153	0.000112627495169346
boot679	0.0635877023051061	0.000173027283922635	0.000174901758316614	0.00011400189620199
boot680	0.0666991918238763	0.000162318108714011	0.000164370140993686	0.000117672475329211
boot681	0.0829175660517033	0.000167630369071902	0.000170806554125442	0.000114334038756701
boot682	0.069980598986431	0.000169195490787714	0.000171445774540971	0.000114822188279417
boot683	0.0646849757575627	0.000170361652944974	0.000172272086544597	0.000115614537041348
boot684	0.0579355813403882	0.000167813030446096	0.000169340683244343	0.000116006446650767
boot685	0.0522316450236753	0.000167364569001461	0.000168613566208224	0.000113392360200837
boot686	0.0493311385557846	0.000163210411517734	0.000164318411748644	0.00011119609113374
boot687	0.0525728062695036	0.000170413269856648	0.00017167844718614	0.00011341735979924
boot688	0.0518882074189379	0.000166262638400986	0.000167498749575527	0.000112833145490313
boot689	0.0676806366360381	0.000165916982199226	0.000168046119137711	0.000113656061379168
boot690	0.0779626047187726	0.000163605458404855	0.000166411817829685	0.00011565711699461
boot691	0.0557609531536347	0.000163804923900708	0.00016521907053438	0.000113525686336589
boot692	0.0747752051071183	0.000163559329002548	0.000166098868207345	0.000113434561954164
boot693	0.0716286764389199	0.00016498431031893	0.000167333767322901	0.000115516351645967
boot694	0.0562645692450428	0.000164073126047908	0.000165535056963756	0.00011381039705245
boot695	0.0549640517495298	0.000165756169809671	0.000167137853350155	0.000113173361902113
boot696	0.0890378753805961	0.000164868167150242	0.000168478381780171	0.000114452823643875
boot697	0.0740870597270149	0.000169412760424061	0.00017191753914879	0.000115472607456265
boot698	0.0620048213643254	0.000162569441283752	0.00016432210324856	0.000113793126723238
boot699	0.0627441692747959	0.000161961301544978	0.000163779473656871	0.000116020410030085
boot700	0.0579351574743053	0.00016304686670539	0.000164607402805395	0.000116350891249882
boot701	0.0735411197665959	0.000168637474506885	0.000171134137760973	0.000114378254496713
boot702	0.0678519225287803	0.000159835606689708	0.000161934442315986	0.000116205225857992
boot703	0.0726645521710035	0.000167557695753472	0.000169958657580496	0.000115643667926004
boot704	0.0760629370131424	0.000162922952846941	0.000165542217484318	0.000117211086558039
boot705	0.0541505471664272	0.000168401952393983	0.000169772673629935	0.000112606651501281
boot706	0.0673191768225008	0.000166460155827541	0.000168526559014629	0.000114326214575793
boot707	0.0433178546065493	0.000166736472391167	0.00016758465856337	0.000113369827211895
boot708	0.0640313038021146	0.00016779804371733	0.000169694903321359	0.000115125573193175
boot709	0.0492999399656323	0.000171633292368333	0.000172747802370458	0.000111419431610746
boot710	0.069264796781024	0.000166209184186159	0.000168396957485821	0.000111858149853241
boot711	0.0735912466995365	0.000160133284281068	0.000162602966531787	0.000115104847797484
boot712	0.0654092374464837	0.000161198850045041	0.000163160872453525	0.000114405945331168
boot713	0.0699691500987797	0.000161639882471108	0.000163880792606748	0.000112061809604098
boot714	0.071724151682997	0.000173806942777348	0.000176166719615647	0.000114422872033423
boot715	0.0715094346909613	0.000166765482317806	0.000169124163024689	0.000112527020317774
boot716	0.0733811601012257	0.000160968170759951	0.000163424726809868	0.000113435148473111
boot717	0.0680876843998302	0.0001664566177638	0.000168602319661477	0.000112997808424977
boot718	0.0773992076768404	0.000157896201085102	0.000160599950974874	0.000111504292147634
boot719	0.0741339808207556	0.000169242586737729	0.00017176283643412	0.000112444703274448
boot720	0.0669855674095236	0.000163048598862346	0.00016509640077901	0.0001142850915146
boot721	0.069583437503623	0.000174237579613794	0.000176485996112946	0.000115048388258069
boot722	0.089042816706306	0.000167623213142266	0.000171284900746265	0.00011431415341567
boot723	0.0604700780038709	0.000173029836364174	0.000174725228907568	0.000114581430975746
boot724	0.0520127152286785	0.000166372135703588	0.00016760780549723	0.000116292380177696
boot725	0.064670220699203	0.000169694125902717	0.000171636122108623	0.000114214024774695
boot726	0.0658587088748603	0.000160352076307224	0.000162316246229412	0.000113260116691928
boot727	0.0525069550397113	0.000167114656005703	0.000168373248363875	0.000113474747046455
boot728	0.0833133082506957	0.000171294226608563	0.000174467200811844	0.000111218545775228
boot729	0.0398388436571052	0.00016804551673939	0.000168773729239578	0.000113997443271604
boot730	0.0605049083823126	0.000164976154297086	0.000166631578919755	0.000114157591965261
boot731	0.0648162967608323	0.000165623166570735	0.000167551951445246	0.000113411064213725
boot732	0.0744115855212181	0.000169526958670044	0.0001720564615694	0.000113099047305665
boot733	0.0640454995305108	0.00016820829197279	0.000170081753581121	0.000115559578758637
boot734	0.0684833325418994	0.000165602894818106	0.000167763010382103	0.000115728221445025
boot735	0.0641578044092675	0.000164884716129552	0.000166779829076834	0.000111619102346113
boot736	0.0598632435361918	0.000168330788171681	0.000169968987666865	0.000115408224141388
boot737	0.0736303992454896	0.000166033142459811	0.000168549079155058	0.000116076044929445
boot738	0.0559143440850268	0.000171198120313691	0.000172645234989944	0.000114319614289157
boot739	0.0863079559293824	0.000165415260994908	0.000168840993590864	0.000114038797211284
boot740	0.0821016304670026	0.000161974332316481	0.000165082924332997	0.000112033579167543
boot741	0.0599502793886033	0.000163106709322132	0.000164749639522112	0.000113254332177895
boot742	0.0661839874086991	0.000164369878378825	0.000166373389337681	0.000114249642286095
boot743	0.0692463077560307	0.000157935498460306	0.000160131378925547	0.000110650688750594
boot744	0.0535760230441097	0.000167566594451	0.000168879074366859	0.000114210641842309
boot745	0.0746591606066207	0.000165316271383606	0.000167863014161871	0.000111417370667663
boot746	0.0599260359893148	0.000166948269269021	0.000168592593821512	0.000113797880647197
boot747	0.0850031655373626	0.000159679166435602	0.000162974558242597	0.000113145369973079
boot748	0.0466911759330234	0.000167705086185116	0.000168707514171057	0.000115174531145199
boot749	0.0830407176147158	0.000165760425902775	0.000168933236386228	0.000115678904239345
boot750	0.0583207454350358	0.000167507660117256	0.000169079392881858	0.000115054147847778
boot751	0.0633259934150591	0.000166962157615835	0.000168812145862765	0.000112666089360105
boot752	0.0575859562814258	0.000167387708681882	0.000168880740699145	0.000113603556316426
boot753	0.0651362503121298	0.000166542553063546	0.000168475105718561	0.000112393396419058
boot754	0.0501697611826211	0.000167081626431055	0.000168227773378883	0.000115129828003306
boot755	0.0810044670236133	0.000163578707953296	0.000166592749068791	0.000112275082720456
boot756	0.0506915116480967	0.000165656362189002	0.000166831193358011	0.000113713780714575
boot757	0.0729299819847676	0.000162238525393142	0.000164697087706167	0.00011636982626677
boot758	0.0490716461872957	0.000167119896134673	0.000168226744878892	0.000114493671042078
boot759	0.090260458496997	0.000168557726517886	0.000172337496714065	0.000116276853136565
boot760	0.0486136931406273	0.000166390639272917	0.000167469631122135	0.000113685368251411
boot761	0.057169400192035	0.000163690802515673	0.00016520184459163	0.000114287640536836
boot762	0.0777160552765704	0.000163691503640939	0.00016645931055588	0.000114984365504814
boot763	0.0614232176967554	0.00016674485616537	0.000168478370977144	0.000116550759935292
boot764	0.0452512355734646	0.000166150319140761	0.000167088860456487	0.000112484098352116
boot765	0.0553609444645038	0.000164096831358782	0.000165507854578603	0.000114048582383901
boot766	0.0592532855994904	0.000162448683497924	0.000164063577368974	0.000112629661489246
boot767	0.0793358240765139	0.000161650137018368	0.000164562656220316	0.000112993259014222
boot768	0.0546183119370028	0.000162940679198108	0.00016432090884738	0.000111692926117235
boot769	0.0643783063995284	0.000169870318436176	0.000171785051224871	0.000110920892599177
boot770	0.0644911354811707	0.000165085329465218	0.000166968699245424	0.000112777023303464
boot771	0.0724356619260899	0.000163008978897184	0.000165412739202151	0.000110741281377245
boot772	0.0768246896484142	0.000166917252486238	0.0001696144200432	0.000111893661857668
boot773	0.064717384803891	0.00016530968642965	0.00016722228482587	0.000113940514952618
boot774	0.0485908317111345	0.000176508377352826	0.000177605407642152	0.000115690104983478
boot775	0.0631317926739693	0.000169336357789607	0.000171141523000493	0.0001139918776233
boot776	0.0598822475313512	0.000163886846147368	0.000165532929551682	0.000114228380278722
boot777	0.0478957159780303	0.000164003813964967	0.000165057117546246	0.000117044916735797
boot778	0.0736986106031842	0.000167408275764333	0.000169897042546412	0.000112536258499564
boot779	0.0858305827958631	0.000163400225594035	0.000166797665771724	0.000111974619759662
boot780	0.0518251039166485	0.000167676543193697	0.000168915996898095	0.000117355316119913
boot781	0.077802601458225	0.000170966503197968	0.000173758597792127	0.000110977855681495
boot782	0.0842713702870763	0.000160714564510062	0.000163932505196191	0.000112618511831035
boot783	0.038953668065234	0.000171701787666374	0.000172404793241584	0.000116848461510322
boot784	0.0832483078742311	0.000161041399243054	0.000164232605412928	0.000113492892153888
boot785	0.0560914522545739	0.000163719371612916	0.000165161494675618	0.000113772675711218
boot786	0.0673767221272777	0.000164335384887376	0.000166416980089624	0.000115132559866638
boot787	0.0545940784885771	0.000164462004032371	0.000165825025892203	0.000116313981733605
boot788	0.0645446136201263	0.000162559498423518	0.000164468314896816	0.000115431111614207
boot789	0.0501845921859932	0.000166317903911415	0.000167462951042753	0.000110712615434996
boot790	0.0590879426189468	0.000166474454975206	0.000168062789227065	0.00011329434668696
boot791	0.0737813267571043	0.000164156858044827	0.000166628239349661	0.000111106838778425
boot792	0.0499265909902227	0.000167232475353413	0.000168369210122235	0.000113875900774538
boot793	0.0920609160290154	0.000154807186765428	0.000158651757760973	0.000114884832656287
boot794	0.055096355212904	0.000160603265451365	0.000161987026809336	0.000112422877017324
boot795	0.0804398883083867	0.000164965239439493	0.000167915141244026	0.000113131832929034
boot796	0.0565031029475801	0.000164437208793666	0.000165875423073934	0.000113244865761065
boot797	0.0727714750565247	0.00016358554789933	0.000165987003337956	0.000116138082803999
boot798	0.0474497959384339	0.000161379585410121	0.00016240833172536	0.00011555854116812
boot799	0.0662903001742686	0.000166428388978495	0.000168432217131702	0.000114876704714115
boot800	0.0522982128785558	0.000169042573205647	0.000170295652065676	0.000114659959886615
boot801	0.0539729562764166	0.000166871964184605	0.000168195751313233	0.000114359989556443
boot802	0.0700964266022088	0.000167333916558222	0.000169595463224086	0.000114001928958675
boot803	0.0702146896189429	0.00016925362273689	0.00017152248880103	0.000115052618627263
boot804	0.0573671592043072	0.000167945786218253	0.000169437654838141	0.00011361598139217
boot805	0.060727056524513	0.00016652082317326	0.000168219395408178	0.000114947857039662
boot806	0.0653188017925615	0.000161089962256338	0.000163049392648248	0.000111313527120547
boot807	0.0514583541585812	0.000165018096264347	0.000166220588441774	0.000112289089856528
boot808	0.0678524443581823	0.000161991375088073	0.000164105415934265	0.000115659565706747
boot809	0.0651990041470337	0.000158979803797214	0.000160926016959153	0.000113379612520489
boot810	0.0497759342243223	0.000164974732151511	0.000166103406634385	0.000112566572178502
boot811	0.0625971933965533	0.000159004334317278	0.000160779724661077	0.000113618165062988
boot812	0.0608285092365506	0.000162305024620475	0.000164004077049513	0.000114297508484582
boot813	0.0693280792581264	0.000164920308450862	0.000167096431134111	0.000111561097250174
boot814	0.075411595870562	0.000168961548645455	0.000171561358443764	0.000115092149210622
boot815	0.0622518104433051	0.000163015312575856	0.000164794085438109	0.000113498206738345
boot816	0.0511195009638345	0.000165066096585129	0.00016625828851775	0.000112636315710315
boot817	0.0704983228311471	0.000161311948736506	0.000163564333638833	0.000113986136275427
boot818	0.070540436343633	0.000165770866021741	0.0001680646572999	0.000116263233186714
boot819	0.0498062308529204	0.000175403642532897	0.000176546922840002	0.000114515522057062
boot820	0.0488562382116748	0.000169508089100551	0.000170594080622162	0.000112844971281939
boot821	0.0598632677550503	0.0001746137817577	0.000176278616122314	0.000115473851512119
boot822	0.0764888979382578	0.000165718035716859	0.000168419814945204	0.000113469529873947
boot823	0.0795758833650624	0.000165859013772263	0.000168758569678382	0.0001132615575994
boot824	0.0530032477831661	0.000165617320505658	0.000166912498875643	0.000114468645087258
boot825	0.0750356285618861	0.000164341000171776	0.000166920105862728	0.000112296173094386
boot826	0.0744900499605621	0.00016732406968566	0.000169874242330062	0.000115414073022279
boot827	0.0433311488090633	0.000164679840063055	0.000165540700750979	0.000113499604418033
boot828	0.0882802826998631	0.000172490613924733	0.000176122567124183	0.000114654833862824
boot829	0.0780997276259144	0.000160608176419466	0.000163410708427994	0.000111004687032827
boot830	0.04791493004528	0.000170520557090333	0.00017157295846266	0.000115882081603553
boot831	0.0505959782867757	0.000166973378590968	0.000168141927828508	0.000113380808519277
boot832	0.0793364201419365	0.000164783312873258	0.000167676850376912	0.000111447087828242
boot833	0.0615906699040035	0.000164857422264574	0.000166599013431352	0.00011401855918215
boot834	0.0561065030489401	0.000165675715134448	0.000167125611066148	0.000114658761485702
boot835	0.0514846657729585	0.00016346551094347	0.000164672689429594	0.000113858889861036
boot836	0.0584349172532679	0.000165581890204138	0.000167155363676382	0.000113535227647291
boot837	0.0547119606922164	0.000167455530198152	0.000168833056141574	0.00011457009480218
boot838	0.0674550884261814	0.000160743959952279	0.000162833907840414	0.000113445207818356
boot839	0.0844883105306005	0.000159862532101434	0.000163116467099507	0.000113491504588447
boot840	0.068478359446619	0.000163341999456147	0.000165480269593174	0.000112529127276172
boot841	0.0748139187048145	0.000166372623351993	0.00016893470807587	0.000111464614256333
boot842	0.0605737520563235	0.000162140131839241	0.000163825392740516	0.000115496936170288
boot843	0.0630619781695668	0.000167608662569704	0.000169438323213429	0.000113819024333763
boot844	0.0552836094941593	0.000161490487917092	0.000162899308547096	0.000113758456192175
boot845	0.0522422993390209	0.000159638571389487	0.000160868076604675	0.000112367944109484
boot846	0.0775271991726505	0.00016354079446378	0.000166274476758354	0.000112649874716269
boot847	0.0552354415598372	0.000164241216282289	0.000165630938024385	0.000114870714074812
boot848	0.0660061304873929	0.000163990853618657	0.000166006836251784	0.000115492132022859
boot849	0.0591261730337974	0.000166047076853309	0.000167645336860856	0.000112861526935874
boot850	0.0729466255693229	0.000165786800307422	0.000168230284860176	0.000110873964275766
boot851	0.0563348339974494	0.000163943408019342	0.000165384579444136	0.000112440850846603
boot852	0.0863285723847049	0.000159732468817256	0.000163102909575515	0.000113795418981433
boot853	0.080315370869972	0.000163924659538854	0.00016686338325159	0.000114029292816408
boot854	0.0759021623153311	0.000159112498773653	0.000161748130559098	0.000112995326991061
boot855	0.0509648507497317	0.000166803861999642	0.000167993686090069	0.000113567237676321
boot856	0.0607025216354433	0.000169036875380856	0.000170738786728735	0.000114599749051726
boot857	0.0667242096063031	0.000162003026204361	0.000164035953047297	0.00011288079720152
boot858	0.0697043369287813	0.000165744138946371	0.000167984183894538	0.000112777664801441
boot859	0.0581364777685963	0.000165049898196835	0.000166622187694219	0.00011487717862109
boot860	0.0578266208994147	0.00016934152780101	0.000170872466587393	0.000114939215525127
boot861	0.0610379989342895	0.000158006917827642	0.000159689679206628	0.000111132690527831
boot862	0.078843350356901	0.000171871857454926	0.000174710246038988	0.000113692072315545
boot863	0.0678285467960777	0.000167061568504939	0.000169138250720141	0.000113414998935611
boot864	0.0784615031701099	0.000164484324054311	0.00016728744948625	0.000109406071527815
boot865	0.0714631826396951	0.000169871081302517	0.000172204362949908	0.000112747526833518
boot866	0.0651792465256284	0.000169764961048668	0.000171721755128175	0.000111661451505968
boot867	0.0631774111437856	0.0001727000447101	0.000174530905988457	0.000114785860515355
boot868	0.0506223247873026	0.000175781899933935	0.00017697922284683	0.000114453595640321
boot869	0.0677940652403146	0.000169563194862406	0.000171660383096917	0.000110568326109122
boot870	0.0575507566474984	0.000168312969451611	0.000169849439947877	0.000116040260272687
boot871	0.0622990114284824	0.000161513854684335	0.00016327782614596	0.000113978256333706
boot872	0.0511916358382399	0.000160154909896698	0.000161356230876396	0.000111335128115089
boot873	0.0626627000640406	0.000157888453731856	0.000159670908703159	0.000113189712104159
boot874	0.0756466894018912	0.000169203527954728	0.000171809572166218	0.000113074736630672
boot875	0.06389546016708	0.000166322982994678	0.000168209353116285	0.00011437275901068
boot876	0.0459962341910722	0.000162933453321712	0.000163908846693278	0.000110305787510526
boot877	0.0813163332811987	0.000171155600192324	0.00017422181224124	0.000113740789195123
boot878	0.0827682173586871	0.000165482388740377	0.00016860825723834	0.000114154494435722
boot879	0.0752628709709098	0.000163677540367319	0.000166263456694659	0.000112123142581176
boot880	0.0690021438475602	0.000163220074129948	0.000165390114294836	0.000114648049879085
boot881	0.0513723541914241	0.000168622485177173	0.000169840435824422	0.000112344982668315
boot882	0.0741390733550915	0.000169960524397805	0.000172490486093998	0.000112934086281826
boot883	0.058803139698358	0.000169226118904061	0.000170827127627201	0.00011182347731174
boot884	0.060540873492658	0.000170666192820874	0.000172359541280266	0.000113439815587929
boot885	0.067666870060143	0.000169096614997789	0.00017118813346065	0.000115703913860014
boot886	0.0717900295912534	0.000163427401773162	0.000165791823172574	0.000112717967777401
boot887	0.0557899837267916	0.000166624984263704	0.000168035041349511	0.000112372997528895
boot888	0.05632415958467	0.000158092284575	0.000159526589188087	0.00011381770218903
boot889	0.0721343830179424	0.000165341420359877	0.000167755503698461	0.000117346140189363
boot890	0.0648555365720556	0.00016297078858402	0.00016490830001472	0.000112439568439435
boot891	0.0579754347927365	0.000168983370286295	0.000170538602044855	0.000115829847679524
boot892	0.0670120313697296	0.000166283199522552	0.000168350138317091	0.000115449068955106
boot893	0.0579205736346572	0.000164451713488089	0.000165999018347743	0.000116058784277719
boot894	0.0575510904678453	0.000166663468682574	0.000168195776702422	0.000114086035500665
boot895	0.0700040314498614	0.000166961954285896	0.00016920345319183	0.000118166640168443
boot896	0.0656148298289799	0.000164703550559733	0.000166659580431173	0.000111831694283332
boot897	0.0767755162021652	0.000161229587875897	0.000163908537285107	0.000110692223226752
boot898	0.0726362612878153	0.000164489290818433	0.000166889116447667	0.000111176963998706
boot899	0.0543805623632976	0.000162368719856308	0.000163706871302943	0.000110254503727057
boot900	0.0800453129449972	0.000164181415336563	0.000167118644961901	0.000113335240058694
boot901	0.0564819820710652	0.000165689722305742	0.000167143141637498	0.000113485259925144
boot902	0.0551434958472676	0.000169694931491958	0.00017107696366893	0.000115345955924592
boot903	0.0626293738721709	0.000166739392439993	0.000168551760506525	0.000112843903746205
boot904	0.054977791200438	0.000166881270080076	0.000168276597468682	0.00011574458938789
boot905	0.0681935675231175	0.00016423074321657	0.000166360256292789	0.00011231955791915
boot906	0.0465184925589551	0.000164118606372925	0.00016510088031887	0.000113726545796776
boot907	0.0726015594446281	0.000167125245714258	0.000169510618294958	0.000113789344527891
boot908	0.0571522699048907	0.000167310249983544	0.000168813899552079	0.000115390398666047
boot909	0.0528421359834992	0.000161746786144761	0.000163008035832999	0.000112765214538597
boot910	0.0650379388172395	0.000171557417532198	0.000173492052284818	0.000113260390500067
boot911	0.0587173793087761	0.000170321852068503	0.000171915137668117	0.000111398423102203
boot912	0.0710283662405975	0.000165909965290118	0.000168225731944634	0.000113078307203417
boot913	0.0552940725139903	0.000169914578299295	0.000171320639108344	0.00011517541837498
boot914	0.0853365795905417	0.000165498080709784	0.000168841632384818	0.000113209846642616
boot915	0.0712863154154067	0.000165907857573213	0.000168242691544972	0.000112651443681596
boot916	0.0759550448639792	0.00016817901524815	0.000170841704696986	0.000115338444476636
boot917	0.0701280479237781	0.000163747256086835	0.000165999047061238	0.000113665985714642
boot918	0.0613181265619672	0.000159857716841472	0.000161585609280579	0.000113642399028468
boot919	0.0627429484132795	0.000164162882748029	0.000165986546756956	0.000112566252674162
boot920	0.0574033809980628	0.000165542099854419	0.000167049107483807	0.000112133544114425
boot921	0.0534121688952884	0.000164659435818935	0.000165966508668013	0.000113668598966455
boot922	0.0692989013513643	0.000165413773848997	0.000167587484358389	0.000111826858693877
boot923	0.0786642945751451	0.000158173698163266	0.000160979376773046	0.000110305808364731
boot924	0.0728668952068908	0.000165039928115766	0.000167451430336288	0.000112730434312606
boot925	0.0722734485265391	0.000158580178132897	0.000160947203670966	0.000114856313318286
boot926	0.0474793222510781	0.000165535247370549	0.000166572220943346	0.000114015463923821
boot927	0.0698742425366607	0.000164350234991058	0.000166599902629083	0.00011540281577209
boot928	0.0677289663228843	0.000160024624297322	0.000162134718173947	0.000115194034400906
boot929	0.0565326712690078	0.000165067161596019	0.000166524339042841	0.000114397514162844
boot930	0.043947622146396	0.000170047050700285	0.000170930768302007	0.00011508070688907
boot931	0.0673519507157752	0.000166443526212621	0.000168542561293999	0.00011402697161772
boot932	0.0504493297360532	0.000164073407939184	0.000165231858356981	0.00011167763259071
boot933	0.0519523882805249	0.000170996215971212	0.000172225314490556	0.000111798669368708
boot934	0.0838038930777032	0.000170371637322131	0.000173630291444102	0.000114867917604879
boot935	0.0539878814071932	0.000167122663504921	0.000168453148592029	0.000114922119704667
boot936	0.0464742291995462	0.000161348543752695	0.000162328497718738	0.000111924986431476
boot937	0.0594355691950888	0.00017075603419796	0.000172371168003958	0.000112005642458325
boot938	0.0505123275227092	0.000170509179860504	0.000171683618757034	0.000114629999702134
boot939	0.0682317392518565	0.000169690084494489	0.000171850306605076	0.000116236833083891
boot940	0.0565605803238291	0.000166359766410805	0.00016784594718525	0.000111899391257578
boot941	0.0658373480617545	0.000167714855873272	0.000169725384979197	0.000115847898252997
boot942	0.057087803696498	0.000163649745506213	0.000165149824816412	0.000113855150239961
boot943	0.0517288708010864	0.000164081548554185	0.000165316853948548	0.000115373304193405
boot944	0.0623465690772231	0.000167427345960279	0.000169206987449747	0.000111118617703298
boot945	0.063327692390713	0.000167150487977844	0.000168993695355385	0.000113929342249876
boot946	0.0588816014767681	0.000175538465280076	0.000177151626090397	0.000113708414555123
boot947	0.0650892135724039	0.000168419251181006	0.000170349148525309	0.000115714524982156
boot948	0.0670089822081528	0.000163206311639217	0.000165276149681828	0.000112108723436161
boot949	0.0622410532970342	0.000170325506800954	0.000172090792195277	0.00011080682785696
boot950	0.0444592452627858	0.000166385002297001	0.000167291778068365	0.000113193207929703
boot951	0.0879538214665784	0.0001704997758424	0.000174063121834931	0.000116855646897099
boot952	0.0601015635871574	0.000168686045115929	0.00017034578519281	0.000113365729903521
boot953	0.0648729756154377	0.000168749561618028	0.000170693678802065	0.000116239637632202
boot954	0.0858304259899554	0.000163681949541245	0.000167066149970873	0.000112426058997265
boot955	0.0760095010166939	0.000164618405034696	0.000167272026139952	0.000113227984163315
boot956	0.0449762798944478	0.000166009862025297	0.000166940729979541	0.000112355916898825
boot957	0.0439840462648159	0.00016190389801436	0.000162780991319933	0.000113685859793643
boot958	0.0669622511795528	0.000163322048454278	0.000165355402146106	0.000112895190093067
boot959	0.064753682479614	0.000163711442746248	0.000165624033378857	0.000115523264887774
boot960	0.0495235253525051	0.000166551864009801	0.000167679970148114	0.000112081287187026
boot961	0.0547615459082484	0.000160914796719603	0.000162290076410851	0.00011523427629328
boot962	0.0672343597051939	0.000165610943827669	0.000167669944840471	0.000114521952453668
boot963	0.052003028132495	0.0001742666460523	0.000175505505584391	0.000114574085072615
boot964	0.0817478041029834	0.000163380091850072	0.000166392208442336	0.000112782542703296
boot965	0.0633537718027871	0.000163951584518773	0.000165788308457258	0.000115174525456815
boot966	0.067614135580253	0.000165982505483555	0.000168063174464959	0.000111240195939318
boot967	0.0705291759633365	0.000172031469959223	0.000174328237217009	0.000114343477763974
boot968	0.058588283774427	0.000169957753647813	0.000171529395782266	0.000114623325290197
boot969	0.057047396113418	0.000163681474795742	0.000165155188041709	0.000116890703875278
boot970	0.0574052215239661	0.00016681698208335	0.000168320167893409	0.000116552935066781
boot971	0.0917671708786386	0.000162214699827949	0.000166026906498331	0.000112419310936846
boot972	0.074400142809957	0.00016479445847106	0.000167302168196559	0.000111057482417991
boot973	0.0623139154541673	0.000164309903487048	0.000166067599659366	0.0001138294135949
boot974	0.0699791924985603	0.000166414835894788	0.000168683696429373	0.000114122158656548
boot975	0.0686792067869799	0.000171569042922823	0.000173740554795666	0.000115274733213415
boot976	0.0700085974413361	0.00017524372413702	0.000177494135381044	0.000112638827743323
boot977	0.0854409108012277	0.000165846550135141	0.000169197800753384	0.000116087386305168
boot978	0.076984669222777	0.000168923219492876	0.000171648713804558	0.000116009428051169
boot979	0.0714380643676669	0.000164758752180517	0.0001671081601488	0.00011460790443419
boot980	0.081414241142789	0.000170898511472409	0.000173919402646716	0.000112667555561071
boot981	0.0582856178842631	0.000170761662835776	0.000172335964888681	0.000114929085723154
boot982	0.0445720145244551	0.000169924622663547	0.000170821378169342	0.000114372476288004
boot983	0.0566434092766442	0.000161578778108348	0.000163035416419002	0.000111665627566869
boot984	0.0725624690409789	0.000165386580183026	0.000167780832013542	0.000111412914513031
boot985	0.0710708911527003	0.000164215931777154	0.000166530724268754	0.000114146035091832
boot986	0.0541274585127022	0.000169457816821159	0.000170788004955086	0.000113106568037897
boot987	0.030179864019422	0.000168723180630681	0.000169140351567087	0.000114251653972367
boot988	0.0614706440160361	0.000162032831110961	0.000163741771557368	0.000112654696679646
boot989	0.0522596426331112	0.000162217906063763	0.00016345531649315	0.00011270250968343
boot990	0.0701983891827192	0.000160117302196498	0.000162385537027023	0.000113098055868294
boot991	0.0451973187805259	0.000168683048760714	0.000169618633191823	0.0001145276366892
boot992	0.061771705977922	0.000169521759780129	0.000171242131884679	0.000112625492952876
boot993	0.053490847234217	0.000165894911693305	0.000167214945424021	0.00011340521500414
boot994	0.0834787859975816	0.000163759796529559	0.000166940257906481	0.000113368707213843
boot995	0.0564956531046753	0.000170579269391831	0.000172052464879003	0.000115703519839286
boot996	0.0542503912653781	0.00017439975603431	0.000175764586776721	0.000115458300630287
boot997	0.0759585457928867	0.000161928604671315	0.000164567683397598	0.000112709860920602
boot998	0.0577994520122389	0.000165130445384177	0.000166664407036346	0.000113857510630935
boot999	0.067098096815875	0.000167251044949001	0.000169302127566323	0.000112133636198997
boot1000	0.0763290104257553	0.000166397087386926	0.000169040471030141	0.000112624553091263
